0	|1	|2	|3	|4	|5	|6	|7	|8	|9	|10	|11	|12	|13	|14	|15	|16	|17	|18	|19	|20	|21	|22	|23	|24	|25	|26	|27	|28	|29	|30	|31	|32	|33	|34	|35	|36	|37	|38	|39	|40	|41	|42	|43	|44	|45	|46	|47	|48	|49	|50	|51	|52	|53	|54	|55	|56	|57	|58	|59	|60	|61	|62	|63	|64	|65	|66	|67	|68	|69	|70	|71	|72	|
1	|100	|2,88	|1,65	|3,37	|4,34	|2,57	|2,93	|4,46	|3,05	|3	|0	|3,52	|2,76	|2,13	|2,6	|3,09	|23,41	|100	|12,06	|19,72	|20,65	|13,15	|18,31	|18,08	|20,58	|14,77	|14,22	|16,76	|16	|11,06	|16,98	|16,7	|21,33	|16,01	|100	|18,05	|18,63	|18,17	|20,3	|13,04	|19,98	|11,8	|17,22	|16,59	|0	|8,72	|0	|19,49	|15,77	|13,44	|19,03	|18,46	|19,41	|19,61	|14,63	|17,36	|17,3	|11,67	|16,78	|16,84	|21,1	|17,57	|15,61	|0	|18,32	|18,77	|20,13	|16,45	|22,11	|14,92	|16,67	|16,42	|
________________________________________________________
2	|2,58	|100	|1,93	|3	|3,25	|3,36	|0	|3,75	|1,89	|4,08	|3,01	|4,69	|1,93	|3,06	|2,33	|3,1	|25,32	|15,85	|12,91	|100	|19,54	|12,84	|18,03	|18,41	|18,37	|8,45	|13,23	|18,93	|11,95	|11,34	|16,26	|16,65	|20,07	|100	|19,29	|21,54	|18,91	|18,78	|19,96	|17,22	|16,43	|17,45	|17,03	|16,17	|21,19	|12,77	|0	|14,1	|0	|13,89	|18,91	|18,84	|25,41	|17,15	|13,22	|21,28	|14,63	|11,43	|15,93	|17	|0	|13,11	|18,95	|17,66	|18,8	|17,99	|15,85	|21,61	|16,44	|15,95	|17,84	|16,17	|
________________________________________________________
3	|3,11	|4,06	|100	|2,51	|4,21	|3,86	|3,37	|3,49	|2,85	|3,86	|3,37	|3,11	|2,88	|2,65	|4,47	|2,71	|0	|12,88	|0	|26,11	|21,44	|14,12	|18,5	|20,46	|12,94	|15,04	|13,37	|16,31	|15,88	|11,79	|16,77	|17,26	|0	|14,76	|22,36	|21,87	|18,7	|19,6	|14,44	|20,14	|17,03	|17,87	|17,75	|16,05	|20,81	|100	|10,63	|16,63	|16,86	|12,42	|20,03	|19,37	|18,44	|19,8	|12,94	|17,9	|19,63	|12,62	|16,34	|16,63	|19,6	|100	|16,22	|17,41	|18,79	|18,5	|13,37	|19,31	|15,53	|18,93	|16,74	|16,54	|
________________________________________________________
4	|3,92	|3,9	|1,55	|100	|0	|3,11	|2,72	|4,02	|2,33	|0	|2,35	|4,68	|2,01	|2,42	|4,43	|4,57	|26,98	|21,16	|0	|17,1	|0	|14,81	|18,69	|18,65	|16,48	|11,05	|14,98	|20,04	|12,21	|11,19	|16,69	|16,48	|23,42	|19,58	|17,65	|0	|18,72	|18,9	|18,6	|14,1	|22,58	|14,33	|17,33	|16,91	|19,17	|12,03	|11,21	|100	|16,44	|14,43	|18,94	|19,58	|23,21	|16,12	|15,16	|20,77	|22,37	|16,76	|17,08	|17,05	|21	|14,9	|100	|15,82	|18,17	|18,17	|18,58	|16,52	|18,99	|19,51	|17,65	|16,55	|
________________________________________________________
5	|4,74	|3,97	|2,45	|0	|100	|2,31	|2,26	|3,55	|3,15	|3,55	|1,83	|2,9	|3,44	|3,27	|0	|3,25	|25,06	|19,63	|14,7	|22,39	|100	|11,33	|16,23	|20,23	|16,63	|11,21	|17,15	|19,34	|17,18	|13,06	|17,35	|16,43	|16,98	|16,12	|21,57	|19,36	|16,43	|15,72	|21,61	|14,53	|100	|18,34	|19,31	|19,51	|18,56	|12,6	|13,73	|0	|10,09	|0	|19,66	|20,87	|22,29	|15,82	|11,77	|16,28	|21,71	|13,78	|16,69	|16,24	|16,85	|15,67	|22,14	|12,47	|16,01	|15,07	|22,06	|20,5	|15,86	|0	|18,45	|19,91	|
________________________________________________________
6	|3,08	|4,5	|2,46	|3,21	|2,53	|100	|2,48	|3,1	|1,96	|4,24	|2,5	|3,56	|2,37	|3,91	|3,58	|4,37	|25,66	|18,34	|12,46	|22,85	|17,36	|12,24	|100	|19,14	|16,39	|11,51	|12,24	|18,91	|12,89	|11,8	|18,94	|12,21	|11,55	|18,8	|18,39	|18,72	|16,5	|16,48	|18,63	|100	|17,24	|19,93	|19,13	|19,46	|19,16	|12,63	|13,12	|20,04	|16,1	|0	|14,12	|0	|22,17	|16,56	|12,06	|18,98	|16,89	|14,26	|20,81	|15,55	|12,85	|21,42	|16,78	|15,44	|17,29	|16,92	|0	|13,23	|21,26	|20,98	|19,4	|18,89	|
________________________________________________________
7	|4,38	|0	|2,68	|3,51	|3,09	|3,09	|100	|2,59	|1,79	|2,06	|2,43	|2,52	|3,46	|3,32	|4,24	|2,52	|24,67	|18,52	|14,21	|0	|13,64	|0	|20,11	|21,41	|16,3	|10,22	|14,05	|13,2	|19,53	|12,56	|16,71	|18,2	|14,63	|22,35	|19,74	|16,69	|15,2	|15,59	|0	|12,49	|21,73	|20,5	|17,81	|18,34	|17,9	|12,13	|13,2	|20,68	|100	|11,37	|15,98	|20,22	|22,83	|16,64	|12,1	|14,14	|20,98	|12,7	|13,98	|18,36	|19,83	|17,51	|15,82	|13,43	|16	|16,12	|21,3	|100	|17,72	|20,17	|18,55	|19,72	|
________________________________________________________
8	|4,89	|4,6	|2,03	|3,8	|3,56	|2,84	|1,9	|100	|2,3	|2,15	|1,39	|3,41	|2,89	|0	|3,59	|4,06	|24,86	|19,15	|13,86	|25,41	|21,11	|0	|13,99	|0	|16,51	|10,95	|13,23	|16,17	|14,48	|14,11	|21,48	|13,77	|20,89	|15,94	|24,29	|14,39	|17	|15,38	|22,09	|16,88	|15,03	|0	|19,05	|19,31	|19,58	|13,65	|12,45	|19,97	|13,4	|11,77	|100	|19,89	|23,04	|16,38	|11,84	|18,68	|17,99	|13,2	|18,81	|19	|19,57	|14,39	|18,68	|8,92	|15,85	|16,12	|22,86	|16,85	|100	|18,64	|18,98	|18,29	|
________________________________________________________
9	|5,23	|3,63	|2,6	|3,44	|4,94	|2,81	|2,05	|3,6	|100	|2,6	|1,84	|3,36	|3,05	|2,63	|3,05	|4,31	|15,72	|21,98	|11,93	|18,35	|18,74	|12,36	|16,27	|17,01	|22,53	|100	|11,67	|16,82	|18,14	|12,07	|19,77	|19,43	|20,9	|18,56	|21,61	|17,06	|100	|16,98	|18,06	|14,91	|20,69	|14,01	|18,4	|12,01	|10,67	|15,83	|13,28	|17,17	|14,43	|10,96	|17,09	|16,3	|0	|10,83	|0	|23,26	|19,35	|13,8	|20,14	|21,16	|19,22	|16,82	|20,9	|15,69	|14,04	|0	|19,24	|15,85	|18,95	|16,82	|21,21	|14,3	|
________________________________________________________
10	|3,4	|5,17	|2,33	|0	|3,68	|4,01	|1,56	|2,22	|1,72	|100	|2,39	|3,4	|3	|3,64	|0	|3,92	|21,83	|16,24	|14,23	|23,18	|18,91	|18,88	|17,02	|16,71	|19,36	|10,57	|11,4	|100	|18,41	|13,43	|18,25	|19,54	|19,95	|19,07	|21,15	|100	|16,22	|20,84	|17,21	|14,85	|18,31	|18,93	|16,94	|16,85	|16,45	|12,02	|13,47	|21,95	|10,69	|11,82	|15,95	|16,17	|27,45	|19,45	|0	|15,55	|0	|14	|19,33	|20,08	|18,13	|16,8	|0	|12,79	|20,16	|21,24	|17,86	|16,05	|14,44	|22,38	|15,84	|16,4	|
________________________________________________________
11	|0	|4,78	|2,54	|2,87	|2,37	|2,96	|2,31	|1,81	|1,52	|3	|100	|3,39	|2,91	|4,15	|4,28	|2,65	|18,55	|19,6	|15,83	|20,79	|17,68	|14,05	|15,92	|16,81	|0	|7,76	|0	|19,55	|16,81	|12,81	|18,46	|19,29	|20,01	|19,05	|0	|14,81	|18,68	|19,73	|17,16	|14,4	|13,24	|21,97	|16,66	|18,9	|20,27	|13,2	|14,07	|16,38	|12,92	|12,53	|17,16	|15,9	|27,08	|100	|11,61	|19,33	|20,42	|12,81	|18,57	|19,33	|18,07	|17,29	|17,53	|100	|18,03	|21,62	|18,33	|16,38	|10,09	|20,77	|14,51	|18,36	|
________________________________________________________
12	|3,41	|5,07	|1,6	|3,9	|2,57	|2,88	|1,63	|3,01	|1,9	|2,91	|2,31	|100	|0	|3,34	|3,47	|4,02	|23,4	|16,31	|13,25	|23,46	|14,36	|13,18	|16,32	|16,32	|19,26	|13,25	|0	|13,09	|0	|12,61	|18,84	|20,21	|20,82	|19,48	|21,78	|22,3	|14,57	|0	|17,88	|14,93	|17,3	|17,06	|21,48	|13,65	|17,73	|9,99	|12,28	|18,83	|9,51	|11,32	|16,53	|15,98	|26,85	|16,91	|11,54	|100	|21,59	|13,31	|17,92	|18,47	|18,58	|17,55	|19,29	|14,91	|100	|18,4	|18,83	|15,68	|16,97	|16,78	|19,55	|18,38	|
________________________________________________________
13	|3,68	|2,88	|2,04	|2,31	|4,19	|2,63	|3,08	|3,51	|2,37	|3,53	|2,74	|0	|100	|2,39	|2,61	|2,78	|21,89	|16,81	|12,72	|15,99	|20,75	|12,93	|15,34	|17,93	|18,64	|12,17	|14,29	|20,79	|100	|10,31	|16,81	|21,16	|17,26	|16,85	|19,87	|16,62	|18,52	|18,48	|20,6	|16,58	|20,89	|16,28	|100	|21,36	|15,87	|11,82	|11,7	|13,07	|17,97	|13,76	|16,62	|18,3	|24,85	|18,71	|14,64	|0	|11,35	|0	|19,93	|21,05	|15,7	|14,68	|17,15	|13,72	|21,3	|12,46	|20,54	|18,11	|20,73	|19,83	|12,84	|0	|
________________________________________________________
14	|2,52	|4,04	|1,67	|2,47	|3,54	|3,86	|2,63	|0	|1,81	|3,81	|3,46	|4,08	|2,12	|100	|3,03	|2,94	|21,66	|16,69	|12,15	|20,03	|16,92	|14,42	|19,21	|18,14	|18,52	|12,82	|12,3	|19,19	|15,25	|11,26	|100	|20,06	|17,59	|16,69	|13,57	|20,52	|15,55	|18,25	|20,24	|17,4	|19,19	|100	|16,74	|20,26	|16,63	|11,54	|12,93	|17,14	|13,39	|13,95	|21,69	|14,29	|25,03	|19,37	|13,66	|23,93	|20,71	|0	|12,5	|0	|16,13	|14,26	|14,51	|18,77	|15,87	|18,92	|19,5	|18,28	|0	|14,18	|20,22	|20,26	|
________________________________________________________
15	|2,87	|2,87	|2,62	|4,2	|0	|3,29	|3,12	|3,61	|1,96	|0	|3,33	|3,95	|2,16	|2,82	|100	|2,68	|20,99	|15,92	|12,28	|17,54	|20,38	|14,93	|16,48	|15,45	|18,78	|11,67	|14,24	|0	|10,17	|0	|19,6	|20,35	|18	|15,45	|17,56	|22,76	|16,18	|15,67	|20,09	|17,6	|0	|13,68	|19,98	|20,52	|16,46	|11,57	|17,36	|20,5	|15,87	|14	|16,9	|16,48	|25,52	|18,52	|14,61	|23,13	|100	|12,78	|16,38	|20,4	|17	|14,93	|19,32	|16,36	|15,92	|16,65	|21,36	|17,9	|19,08	|100	|17,17	|20,43	|
________________________________________________________
16	|3,39	|3,79	|1,58	|4,31	|3,26	|4	|1,85	|4,06	|2,75	|3,79	|2,05	|4,55	|2,28	|2,72	|2,67	|100	|20,85	|15,9	|11,03	|21,52	|16,87	|12,91	|20,5	|14,15	|19,51	|12,73	|13,33	|19,93	|17,23	|0	|12,22	|0	|18,54	|16,54	|21,44	|16,49	|21,64	|14,47	|20,52	|17,21	|20,89	|20,16	|14,51	|0	|17,11	|10,95	|11,27	|18,85	|12,09	|12,53	|18,91	|11,9	|25,77	|18,74	|13,2	|22,06	|18,02	|11,89	|100	|20,47	|16,25	|14,64	|18,22	|11,38	|19,14	|10,56	|20,27	|17,71	|20,99	|17,34	|100	|19,48	|
________________________________________________________
17	|3,49	|4,23	|0	|3,47	|3,42	|3,2	|2,46	|3,38	|1,37	|2,88	|1,95	|3,61	|2,45	|2,73	|2,84	|2,84	|100	|18,4	|13,69	|22,83	|19,72	|13,73	|19,08	|18,75	|18,39	|8,2	|11,74	|16,9	|14,45	|11,18	|16,71	|16,31	|18,45	|16,54	|18,87	|16,87	|16,29	|16,5	|17,97	|14,91	|17,22	|16,39	|16,51	|16,83	|14,63	|0	|13,65	|18,72	|15	|12,86	|18,82	|18,57	|25,41	|14,81	|12,83	|18,67	|16,93	|11,97	|16,84	|16,81	|16,76	|14,95	|16,77	|14,04	|16,77	|16,46	|18,33	|16	|17,02	|16,92	|16,54	|16,6	|
________________________________________________________
18	|19,68	|3,49	|1,35	|3,58	|3,53	|3,01	|2,44	|3,44	|2,52	|2,82	|2,72	|3,31	|2,48	|2,77	|2,84	|2,86	|24,27	|100	|12,09	|22,79	|19,69	|13,91	|18,68	|19	|19,75	|14,2	|12,03	|16,72	|14,53	|11,14	|16,72	|16,6	|17,96	|16,72	|19,68	|16,7	|16,34	|16,22	|17,99	|14,64	|17,2	|16,49	|16,74	|16,82	|0	|8,84	|0	|19,17	|14,88	|13,06	|19,05	|18,81	|19,38	|20,26	|11,85	|18,3	|17,22	|11,57	|16,54	|16,78	|17,1	|15,43	|16,79	|13,71	|16,41	|16,58	|18,63	|16,03	|17,33	|16,77	|16,55	|16,62	|
________________________________________________________
19	|3,21	|3,84	|0	|0	|3,58	|2,77	|2,53	|3,37	|1,85	|3,34	|2,97	|3,64	|2,54	|2,73	|2,97	|2,68	|24,43	|16,35	|100	|20,32	|20,97	|14,61	|18,52	|19	|17,96	|8,92	|14,33	|16,59	|14,81	|11,13	|16,59	|16,08	|22,28	|17,03	|19,47	|20,67	|17,87	|18,13	|20,02	|12,84	|16,74	|16,78	|16,72	|16,91	|20,15	|0	|9,93	|0	|16,06	|13,35	|18,33	|18,21	|24,1	|16,85	|13,68	|17,86	|17,09	|11,87	|16,3	|16,93	|20,68	|0	|0	|16,77	|18,89	|18,34	|20,93	|16,43	|16,72	|16,48	|16,06	|16,75	|
________________________________________________________
20	|3,21	|18,22	|2,26	|2,4	|3,34	|3,11	|0	|3,78	|1,74	|3,34	|2,39	|3,95	|1,96	|2,76	|2,59	|3,2	|24,93	|18,87	|12,44	|100	|19,59	|13,72	|18,53	|18,61	|16,7	|10,54	|10,82	|18,8	|11,38	|11,1	|16,73	|16,5	|17,88	|18,22	|19,08	|17,27	|16,67	|16,61	|17,55	|15,01	|17,01	|16,55	|16,8	|16,89	|19,17	|13,1	|0	|14,33	|0	|14,03	|19,15	|18,48	|22,87	|16,75	|12,26	|21,76	|14,81	|12,39	|16,44	|16,69	|16,22	|15,06	|16,54	|14,37	|17,03	|16,74	|18,41	|16,19	|16,9	|16,91	|17,04	|16,5	|
________________________________________________________
21	|3,91	|4,14	|2,16	|0	|17,31	|2,75	|1,73	|3,65	|2,07	|3,16	|2,36	|2,81	|2,95	|2,71	|3,5	|2,92	|25,03	|18,95	|14,92	|22,77	|100	|11,96	|18,92	|18,63	|16,82	|10,71	|13,33	|19,15	|17,41	|10,88	|16,88	|16,66	|17,86	|16,37	|19,23	|17,2	|16,27	|16,18	|17,53	|14,85	|17,31	|16,18	|16,71	|16,63	|18,7	|12,82	|13,29	|0	|10,33	|0	|19,1	|19,09	|23,03	|16,45	|12,15	|15,78	|21,11	|11,84	|16,67	|16,8	|16,6	|14,93	|16,75	|14,3	|16,24	|16,23	|18,2	|16,17	|17,14	|16,71	|16,8	|16,97	|
________________________________________________________
22	|3,49	|3,81	|1,99	|3,38	|2,75	|2,71	|0	|0	|1,91	|4,42	|2,63	|3,61	|2,57	|3,23	|3,59	|3,13	|24,41	|18,74	|14,55	|22,33	|16,75	|100	|17,42	|20,17	|16,91	|10,64	|12,08	|18,15	|13,15	|13,61	|16,58	|16,25	|17,99	|16,43	|17,22	|19,36	|16,18	|16,29	|22,22	|15,21	|16,97	|20,14	|18,3	|19,12	|18,36	|13,09	|12,42	|19,68	|0	|10,09	|0	|20,29	|22,28	|16,87	|12,44	|20,08	|17,32	|12,97	|16,64	|16,76	|16,64	|14,79	|16,99	|15,84	|16,86	|16,87	|22,77	|0	|0	|20,5	|18,4	|18,73	|
________________________________________________________
23	|3,62	|3,99	|1,95	|3,18	|2,93	|16,51	|2,66	|2,52	|1,88	|2,97	|2,22	|3,33	|2,28	|3,21	|2,96	|3,7	|25,28	|18,77	|13,76	|22,49	|19,75	|12,99	|100	|19,49	|16,57	|10,89	|11,92	|16,65	|14,86	|9,93	|19,26	|11,99	|18,02	|16,6	|19,28	|16,9	|16,6	|16,6	|17,49	|16,51	|17,05	|16,64	|17,04	|17,09	|19,04	|12,9	|12,33	|18,73	|15,31	|0	|13,6	|0	|22,76	|16,52	|11,9	|18,14	|17,31	|12,01	|21,06	|14,76	|16,51	|15,39	|16,54	|13,62	|16,52	|16,57	|18,03	|16,01	|17,06	|16,92	|17,29	|16,92	|
________________________________________________________
24	|3,55	|4,04	|2,14	|3,15	|3,63	|3,14	|2,81	|0	|1,95	|2,9	|2,33	|3,31	|2,64	|3,01	|2,75	|2,54	|24,67	|18,96	|14,02	|22,43	|19,32	|14,94	|19,35	|100	|16,32	|10,5	|12,13	|16,51	|14,52	|12,26	|18,79	|18,73	|18,22	|16,55	|19,13	|17,33	|16,58	|16,81	|17,23	|14,35	|17,34	|16,29	|16,54	|16,6	|18,77	|12,92	|12,23	|18,47	|15,19	|14,4	|0	|8,31	|23,1	|16,51	|12,18	|18,3	|16,91	|11,97	|14,47	|21,78	|16,87	|15,37	|16,55	|14,14	|16,79	|16,57	|18,01	|15,87	|16,57	|16,64	|16,35	|16,54	|
________________________________________________________
25	|4,04	|4,03	|1,35	|2,78	|2,98	|2,68	|2,14	|2,95	|2,58	|3,35	|0	|3,9	|2,74	|3,07	|3,34	|3,49	|24,17	|19,69	|13,23	|20,1	|17,41	|12,5	|16,43	|16,3	|100	|14,51	|14,52	|18,99	|16,41	|12,41	|18,57	|18,53	|17,99	|16,62	|19,35	|16,79	|16,36	|16,27	|17,79	|14,62	|17,17	|16,62	|16,79	|16,34	|19,93	|9,04	|11,14	|16,42	|13,3	|11,32	|16,42	|16,69	|18,8	|0	|14,23	|21,73	|19,29	|13,39	|19,26	|18,99	|16,94	|15,08	|16,39	|13,92	|16,52	|15,92	|18,34	|16,31	|17,05	|17,07	|17	|16,94	|
________________________________________________________
26	|4,5	|2,88	|2,44	|2,9	|3,12	|2,93	|2,08	|3,05	|17,77	|2,84	|1,67	|4,17	|2,78	|3,3	|3,23	|3,54	|16,74	|22	|10,21	|19,72	|17,23	|12,22	|16,79	|16,3	|22,55	|100	|12,04	|18,97	|16,6	|12,72	|19,21	|18,75	|18,01	|16,65	|18,84	|17,18	|17,77	|15,97	|17,84	|14,73	|17,32	|16,77	|16,72	|16,96	|10,71	|16,31	|11,2	|16,66	|13	|11,22	|16,96	|16,43	|0	|11,01	|0	|21,78	|19,2	|13,23	|19,53	|19,58	|16,94	|15,36	|16,73	|14,03	|16,63	|16,18	|18,64	|15,98	|17,22	|17,12	|16,78	|16,82	|
________________________________________________________
27	|3,89	|4,05	|1,95	|3,53	|4,29	|2,8	|2,57	|3,3	|1,86	|2,75	|0	|0	|2,93	|2,84	|3,53	|3,33	|21,53	|16,72	|14,73	|18,17	|19,26	|12,46	|16,49	|16,9	|20,26	|10,81	|100	|16,81	|18,01	|13,35	|17,95	|18,33	|20,77	|19,04	|22,73	|16,76	|16,23	|20,72	|17,86	|14,87	|19,14	|14,45	|16,52	|16,97	|16,47	|11,76	|12,23	|16,79	|15,05	|11,48	|16,51	|16,39	|27,73	|0	|10,7	|0	|20,33	|13,55	|18,07	|18,38	|18,96	|16,51	|20,5	|0	|0	|21,17	|18,09	|16,52	|18,96	|17,25	|16,71	|17,1	|
________________________________________________________
28	|3,29	|4,15	|1,7	|3,38	|3,47	|3,1	|1,73	|2,89	|1,92	|17,32	|2,7	|2,65	|3,06	|3,18	|0	|3,57	|22,21	|16,66	|12,23	|22,63	|19,83	|13,42	|16,51	|16,49	|18,99	|12,2	|12,05	|100	|18,31	|13,7	|18,81	|18,98	|18,17	|16,86	|19,25	|17,32	|16,27	|16,88	|17,83	|14,83	|17,21	|16,14	|16,9	|16,98	|16,75	|11,39	|11,11	|20,39	|10,8	|11,74	|16,86	|16,54	|25,95	|18,9	|0	|15,23	|0	|14,05	|19,22	|19,38	|16,4	|15,04	|16,25	|14,17	|16,45	|16,63	|18,37	|16,24	|17,38	|16,88	|16,21	|16,85	|
________________________________________________________
29	|3,57	|2,98	|1,88	|2,35	|3,5	|2,4	|2,91	|2,95	|2,36	|3,63	|2,64	|0	|16,74	|2,88	|2,06	|3,51	|21,61	|16,47	|12,41	|15,59	|20,5	|11,06	|16,77	|16,5	|18,67	|12,15	|14,68	|20,83	|100	|11,25	|19,18	|19,36	|17,99	|16,75	|20,32	|16,67	|15,86	|15,96	|17,97	|14,84	|17,16	|16,21	|16,74	|17,23	|16,46	|11,61	|12,2	|13,12	|17,74	|11,51	|16,77	|16,85	|25,63	|18,88	|14,65	|0	|11,79	|0	|19,21	|19,34	|16,05	|14,74	|17,38	|13,3	|16,14	|16,03	|18,31	|16	|17,19	|16,27	|15,86	|17,11	|
________________________________________________________
30	|3,25	|3,73	|1,84	|2,83	|3,51	|2,9	|2,47	|3,79	|2,07	|3,49	|2,65	|3,83	|2,28	|2,8	|0	|0	|22,03	|16,66	|12,29	|20,03	|16,89	|15,1	|14,76	|18,36	|18,6	|12,28	|14,34	|20,54	|14,83	|100	|17,53	|19,64	|18,33	|16,8	|19,15	|16,82	|14,86	|18,59	|20,02	|16,56	|20,57	|16,32	|16,23	|20,29	|16,54	|11,24	|10,91	|16,77	|13	|13,23	|16,52	|18,97	|26,05	|19,11	|14,02	|22,06	|0	|9,96	|0	|19,91	|16,8	|15,46	|16,68	|14,13	|15,97	|18,65	|20,52	|18,03	|20,71	|0	|0	|20,29	|
________________________________________________________
31	|3,34	|3,58	|1,76	|2,83	|3,12	|3,11	|2,2	|3,86	|2,27	|3,17	|2,56	|3,83	|2,48	|16,64	|3,5	|2,2	|22,06	|16,74	|12,28	|20,22	|17,55	|12,32	|19,18	|18,84	|18,65	|12,41	|12,92	|18,88	|16,93	|11,74	|100	|20,47	|18,27	|16,7	|19,09	|17,09	|16,86	|15,95	|17,78	|14,81	|17,18	|16,64	|16,85	|16,72	|16,78	|11,46	|10,83	|16,89	|13,29	|11,4	|21,72	|14,3	|25,99	|19,02	|13,72	|21,46	|19,68	|0	|12,43	|0	|16,55	|14,79	|16,71	|14	|16,43	|16,16	|18,39	|16,23	|17,07	|17,06	|16,66	|16,4	|
________________________________________________________
32	|3,3	|3,67	|1,81	|2,8	|2,96	|2,01	|2,4	|2,48	|2,23	|3,4	|2,68	|4,12	|3,13	|3,34	|3,64	|0	|21,57	|16,65	|11,91	|19,98	|17,35	|12,09	|11,96	|18,82	|18,64	|12,14	|13,22	|19,09	|17,12	|13,18	|20,51	|100	|18,08	|16,52	|19,33	|17,4	|16,86	|16,16	|17,42	|14,81	|17,12	|16,24	|16,35	|16,26	|16,6	|11,43	|11,05	|16,57	|13,13	|12,45	|14,06	|21,44	|26,09	|19,15	|13,34	|21,2	|19,67	|14,43	|0	|8,35	|17,05	|15,25	|16,61	|14,16	|16,69	|16,33	|18,16	|15,75	|17,42	|17,18	|16,58	|16,05	|
________________________________________________________
33	|3,79	|3,99	|0	|3,59	|2,76	|1,71	|1,74	|3,39	|2,17	|3,13	|2,51	|3,82	|2,3	|2,64	|2,9	|3,01	|21,98	|16,23	|14,88	|19,51	|16,77	|12,06	|16,2	|16,5	|16,31	|10,51	|13,5	|16,47	|14,34	|11,08	|16,5	|16,29	|100	|18,42	|21,79	|19,29	|18,67	|19,07	|20,52	|9,93	|17,05	|16,16	|16,22	|16,76	|16,42	|11,36	|13,74	|16,62	|12,76	|13,18	|16,6	|16,41	|23,1	|16,55	|13,56	|18,67	|16,85	|11,87	|16,99	|16,74	|15,12	|0	|19,3	|15,77	|18,93	|18,71	|23,09	|14,01	|17,21	|17,31	|16,91	|16,81	|
________________________________________________________
34	|3,12	|21,8	|1,53	|3,28	|2,87	|3,06	|2,91	|2,83	|2,11	|3,28	|2,62	|3,92	|2,46	|2,75	|2,73	|2,94	|21,6	|16,56	|12,47	|21,8	|16,84	|12,08	|16,36	|16,43	|16,51	|10,65	|13,56	|16,75	|14,63	|11,13	|16,52	|16,32	|20,18	|100	|21,59	|19,48	|18,86	|18,77	|20,05	|16,82	|17,26	|16,31	|16,48	|16,31	|16,9	|11,37	|0	|16,36	|12,82	|11,29	|16,46	|16,07	|23,09	|16,79	|13,25	|18,7	|16,6	|11,87	|16,7	|17,08	|0	|13,29	|18,89	|15,82	|18,85	|18,48	|16,35	|21,36	|17,13	|16,78	|16,83	|16,4	|
________________________________________________________
35	|17,08	|3,68	|2,03	|2,6	|3,37	|2,62	|2,25	|3,78	|2,15	|3,19	|0	|3,84	|2,55	|1,96	|2,72	|3,34	|21,59	|17,08	|12,49	|19,99	|17,33	|11,09	|16,65	|16,63	|16,84	|10,55	|14,19	|16,76	|15,55	|11,12	|16,55	|16,72	|20,92	|18,92	|100	|18,72	|18,62	|18,52	|17,75	|15,19	|19,16	|11,91	|16,34	|16,36	|16,36	|11,08	|0	|16,69	|13,52	|11,58	|16,57	|16,56	|22,74	|16,49	|15,11	|17,81	|17,23	|13,01	|16,89	|16,56	|19,09	|16,89	|15,28	|0	|18,76	|18,58	|18,49	|15,91	|21,74	|14,9	|16,98	|16,82	|
________________________________________________________
36	|3,45	|4,6	|2,22	|0	|3,38	|2,98	|2,13	|2,51	|1,9	|16,86	|1,99	|4,4	|2,38	|3,31	|3,94	|2,87	|21,58	|16,2	|14,83	|20,24	|17,33	|13,94	|16,32	|16,85	|16,34	|10,76	|11,69	|16,86	|14,26	|10,92	|16,56	|16,84	|20,71	|19,08	|20,93	|100	|18,95	|18,75	|17,65	|14,88	|19,05	|19,47	|16,37	|16,48	|16,49	|11,74	|13,67	|16,89	|12,82	|11,66	|16,52	|16,8	|22,86	|16,85	|0	|19,22	|17,42	|11,86	|16,43	|16,87	|18,56	|16,94	|0	|12,24	|19,79	|19,15	|17,89	|16,01	|14,53	|22,41	|16,73	|16,53	|
________________________________________________________
37	|3,69	|4,18	|1,97	|3,19	|2,97	|2,73	|2,01	|3,07	|11,54	|2,84	|2,6	|2,98	|2,75	|2,6	|2,91	|3,91	|21,61	|16,44	|13,28	|20,25	|17	|12,08	|16,61	|16,71	|16,51	|11,54	|11,74	|16,41	|14,07	|10	|16,94	|16,91	|20,78	|19,15	|21,59	|19,64	|100	|18,13	|17,68	|15,04	|17,05	|16,75	|18,86	|11,8	|16,46	|11,84	|12,22	|16,79	|12,85	|11,65	|16,53	|16,81	|22,35	|16,43	|0	|19,02	|16,82	|12,11	|17,22	|17,57	|19,21	|17	|18,6	|15,77	|14,96	|0	|18,48	|16,31	|17,14	|17,1	|21,42	|14,34	|
________________________________________________________
38	|3,58	|4,14	|2,05	|3,21	|2,83	|2,71	|2,05	|2,77	|1,95	|3,63	|2,74	|0	|2,73	|3,04	|2,8	|2,6	|21,8	|16,26	|13,43	|20,1	|16,85	|12,11	|16,55	|16,88	|16,35	|10,33	|14,93	|16,97	|14,11	|12,47	|15,97	|16,15	|21,15	|19	|21,39	|19,36	|18,07	|100	|17,97	|14,8	|17	|16,49	|18,97	|19,32	|16,57	|11,79	|12,45	|16,92	|12,94	|11,72	|16,64	|16,61	|22,62	|16,37	|14,39	|17,81	|16,72	|11,69	|16,56	|16,46	|18,79	|17,16	|19,02	|16,41	|0	|14,78	|18,65	|16,06	|16,75	|16,82	|14,32	|21,88	|
________________________________________________________
39	|3,72	|4,09	|1,41	|2,94	|3,62	|2,85	|0	|3,69	|1,93	|2,79	|2,22	|3,39	|2,83	|3,14	|3,34	|3,43	|22,07	|16,76	|13,78	|19,75	|16,96	|15,36	|16,21	|16,08	|16,62	|10,73	|11,96	|16,66	|14,77	|12,48	|16,55	|16,19	|21,16	|18,86	|19,06	|16,95	|16,38	|16,71	|100	|15,46	|19,25	|18,74	|19,05	|18,95	|16,68	|11,3	|11,21	|16,68	|13,14	|14,05	|16,78	|16,2	|22,63	|16,79	|11,96	|18,43	|17,05	|13,51	|17,15	|16,91	|21,4	|12,14	|16,75	|13,99	|16,95	|16,18	|17,95	|0	|19,75	|19,34	|19,04	|18,86	|
________________________________________________________
40	|2,86	|4,23	|2,35	|2,67	|2,92	|18,34	|1,83	|3,38	|1,91	|2,88	|2,23	|3,39	|2,73	|3,23	|3,51	|3,45	|21,95	|16,35	|10,59	|20,23	|17,23	|12,6	|18,34	|16,05	|16,37	|10,62	|11,94	|16,61	|14,61	|12,37	|16,52	|16,48	|12,27	|18,95	|19,54	|17,12	|16,7	|16,49	|18,52	|100	|19,14	|18,66	|19,04	|19,12	|16,72	|11,48	|11,14	|16,71	|13,16	|0	|16,28	|16,27	|22,91	|16,94	|12,21	|18,21	|17	|13,49	|16,68	|16,7	|13,01	|21,23	|16,47	|13,68	|16,67	|16,26	|0	|13,51	|19,74	|19,36	|18,82	|18,65	|
________________________________________________________
41	|3,81	|3,5	|1,73	|3,71	|17,43	|2,74	|2,77	|2,61	|2,3	|3,08	|1,78	|3,41	|2,99	|3,09	|0	|3,63	|22	|16,66	|11,99	|19,9	|17,43	|12,2	|16,44	|16,83	|16,69	|10,84	|13,34	|16,73	|14,66	|13,33	|16,63	|16,54	|18,28	|16,89	|21,39	|19,02	|16,42	|16,44	|20,02	|16,62	|100	|18,43	|18,78	|19,19	|16,55	|11,36	|11,48	|16,49	|13,21	|0	|16,18	|16,35	|22,67	|16,52	|12,08	|18,41	|17,62	|14,46	|17,11	|16,45	|16,92	|15,07	|21,66	|11,71	|16,73	|16,1	|21,1	|18,55	|14,95	|0	|19,02	|19,39	|
________________________________________________________
42	|2,33	|3,86	|1,88	|2,44	|3,31	|3,29	|2,71	|0	|1,61	|3,3	|3,06	|3,48	|2,41	|16,7	|2,45	|3,64	|21,71	|16,56	|12,46	|20,08	|16,89	|15,01	|16,63	|16,4	|16,75	|10,87	|10,44	|16,27	|14,36	|10,97	|16,7	|16,27	|17,97	|16,55	|13,79	|20,16	|16,74	|16,53	|20,21	|16,79	|19,11	|100	|19,16	|19,18	|16,12	|11,13	|12,66	|17,09	|13,46	|14,05	|16,37	|16,55	|22,39	|16,86	|11,71	|19,2	|16,9	|0	|16,71	|16,52	|16,55	|14,76	|14,2	|19,09	|16,87	|16,62	|20,79	|18,27	|0	|14,57	|19,1	|19,03	|
________________________________________________________
43	|3,38	|3,74	|1,85	|2,93	|3,46	|3,13	|2,34	|3,41	|2,1	|2,93	|2,3	|4,35	|14,72	|2,77	|3,56	|2,6	|21,7	|16,69	|12,32	|20,22	|17,31	|13,53	|16,9	|16,52	|16,78	|10,76	|11,84	|16,9	|14,72	|10,82	|16,78	|16,26	|17,89	|16,59	|18,77	|16,82	|18,7	|18,86	|20,38	|17	|19,32	|19,01	|100	|19,59	|16,36	|11,72	|11,15	|16,7	|13,22	|13	|16,57	|16,2	|22,62	|16,64	|12,08	|18,6	|17,08	|0	|16,68	|16,75	|16,89	|15,11	|16,63	|14,15	|21,45	|13,65	|20,76	|18,38	|19,5	|19,55	|14,39	|0	|
________________________________________________________
44	|3,25	|3,54	|1,67	|2,85	|3,49	|3,18	|2,4	|3,45	|1,37	|2,91	|2,6	|2,76	|3,14	|3,35	|3,64	|0	|22,06	|16,72	|12,43	|20,27	|17,18	|14,11	|16,9	|16,54	|16,3	|10,89	|12,13	|16,94	|15,1	|13,5	|16,61	|16,12	|18,44	|16,37	|18,75	|16,89	|11,67	|19,17	|20,22	|17,03	|19,68	|18,98	|19,54	|100	|16,4	|11,44	|11,41	|16,91	|13,15	|12,83	|16,45	|16,4	|22,5	|16,86	|13,06	|18,26	|16,97	|14,34	|16,37	|16,53	|16,6	|14,74	|16,68	|13,95	|13,97	|21,05	|21,29	|18,38	|19,25	|19,38	|0	|14,3	|
________________________________________________________
45	|0	|4,68	|2,18	|3,26	|3,35	|3,16	|2,36	|3,52	|1,23	|2,87	|2,82	|3,61	|2,35	|2,77	|2,95	|3,08	|19,33	|0	|14,93	|23,21	|19,48	|13,65	|18,99	|18,86	|20,05	|6,93	|11,88	|16,85	|14,55	|11,09	|16,8	|16,59	|18,21	|17,1	|18,9	|17,04	|16,4	|16,58	|17,95	|15,02	|17,12	|16,09	|16,46	|16,53	|100	|13,81	|13,33	|18,7	|14,98	|12,89	|19,13	|18,47	|26,77	|20,09	|13,39	|18,63	|17,09	|12,26	|16,74	|16,99	|16,46	|14,94	|16,44	|13,93	|16,23	|16,29	|18,43	|16,34	|17,46	|16,65	|16,78	|16,87	|
________________________________________________________
46	|2,49	|4,08	|15,18	|2,96	|3,29	|3,01	|2,31	|3,56	|2,63	|3,03	|2,65	|2,94	|2,53	|2,78	|3	|2,85	|0	|12,83	|0	|22,95	|19,32	|14,09	|18,62	|18,79	|13,16	|15,27	|12,27	|16,57	|14,85	|10,91	|16,62	|16,54	|18,24	|16,65	|18,52	|17,55	|17,08	|17,06	|17,6	|14,92	|17,01	|16,07	|17,06	|16,69	|19,98	|100	|11,13	|19,32	|14,69	|12,82	|19,12	|18,96	|18,19	|19,86	|10,62	|18,55	|17,33	|11,83	|16,71	|17,11	|16,89	|15,18	|16,28	|14,02	|16,54	|16,57	|18,72	|16,28	|17,51	|17,34	|16,68	|16,89	|
________________________________________________________
47	|0	|0	|1,66	|2,83	|3,68	|3,21	|2,59	|3,33	|2,27	|3,48	|2,9	|3,72	|2,57	|3,2	|4,61	|3,01	|26,8	|0	|10,93	|0	|20,55	|13,72	|18,26	|18,25	|16,64	|10,76	|13,09	|16,59	|16,02	|10,86	|16,11	|16,41	|22,64	|0	|0	|20,98	|18,1	|18,49	|17,92	|14,85	|17,63	|18,76	|16,65	|17,09	|19,79	|11,42	|100	|16,7	|16,38	|13,62	|18,41	|17,89	|22,75	|17,07	|14,74	|17,4	|19,17	|12,11	|16,9	|17,45	|20,57	|14,93	|16,9	|17,57	|18,81	|18,07	|18,41	|16,31	|15,19	|19,49	|16,52	|17	|
________________________________________________________
48	|3,82	|3,09	|1,73	|16,89	|0	|3,28	|2,71	|3,57	|1,96	|3,8	|2,26	|3,81	|1,92	|2,84	|3,65	|3,37	|24,61	|19,11	|0	|17,25	|0	|14,55	|18,58	|18,44	|16,42	|10,72	|12,03	|20,39	|11,53	|11,18	|16,82	|16,47	|18,33	|16,47	|19,17	|17,35	|16,64	|16,83	|17,85	|14,92	|16,96	|16,95	|16,7	|16,96	|18,59	|13,27	|11,18	|100	|16,24	|14	|19,02	|18,71	|23,01	|16,62	|12,16	|21,71	|20,21	|13,05	|16,91	|16,81	|16,59	|14,68	|16,89	|14,08	|16,52	|16,41	|18,14	|16,24	|16,85	|17,34	|16,85	|16,32	|
________________________________________________________
49	|3,88	|0	|2,2	|3,48	|2,27	|3,3	|16,43	|3,01	|2,07	|2,32	|2,24	|2,41	|3,32	|2,78	|3,54	|2,71	|24,71	|18,59	|14,83	|0	|13,41	|0	|19,03	|19,02	|16,67	|10,48	|13,52	|13,54	|19,55	|10,87	|16,6	|16,36	|17,65	|16,18	|19,47	|16,51	|15,96	|16,13	|17,63	|14,73	|17,04	|16,74	|16,58	|16,52	|18,67	|12,65	|13,74	|20,36	|100	|11,88	|18,71	|19,07	|23,04	|16,3	|12,05	|13,29	|20,44	|11,11	|16,88	|16,83	|16,18	|14,75	|16,66	|13,54	|16,37	|15,87	|18,76	|16,43	|16,89	|16,93	|16,66	|16,84	|
________________________________________________________
50	|3,78	|4,38	|1,86	|3,5	|0	|0	|2,14	|3,03	|1,8	|2,94	|2,49	|3,29	|2,91	|3,32	|3,58	|3,22	|24,27	|18,69	|14,12	|24,25	|0	|10,71	|0	|20,65	|16,26	|10,37	|11,82	|16,87	|14,53	|12,67	|16,3	|17,77	|20,87	|16,31	|19,1	|17,2	|16,58	|16,74	|21,59	|0	|0	|20,02	|18,66	|18,47	|18,41	|12,65	|13,09	|20,11	|13,61	|100	|17,41	|20,11	|23,11	|17,04	|11,89	|18,89	|16,89	|14,26	|15,37	|18,34	|19,35	|13,24	|16,52	|14,38	|16,55	|16,44	|22,46	|16,32	|17,08	|21,04	|18,66	|18,75	|
________________________________________________________
51	|3,73	|4,14	|2,09	|3,19	|3,52	|2,31	|2,09	|17,87	|1,95	|2,76	|2,37	|3,34	|2,44	|3,59	|3	|3,38	|24,69	|18,96	|13,48	|23,01	|19,75	|0	|13,46	|0	|16,4	|10,9	|11,81	|16,83	|14,72	|11	|21,59	|13,96	|18,28	|16,54	|19	|16,94	|16,36	|16,52	|17,92	|14,51	|16,61	|16,22	|16,54	|16,46	|18,99	|13,12	|12,31	|18,99	|14,9	|12,1	|100	|20,11	|23,05	|16,79	|12,01	|18,55	|17	|11,79	|19,04	|19,07	|16,53	|15,5	|16,49	|14,33	|16,58	|16,21	|18,44	|16,41	|17,87	|16,89	|16,72	|16,27	|
________________________________________________________
52	|3,64	|4,15	|2,03	|3,32	|3,76	|0	|2,66	|3,57	|1,87	|2,81	|2,21	|3,25	|2,7	|2,38	|2,94	|2,14	|24,5	|18,82	|13,47	|22,33	|19,84	|15,06	|0	|8,33	|16,76	|10,61	|11,8	|16,6	|14,87	|12,7	|14,3	|21,39	|18,17	|16,24	|19,1	|17,32	|16,72	|16,58	|17,4	|14,59	|16,89	|16,48	|16,26	|16,51	|18,43	|13,08	|12,02	|18,78	|15,27	|14,06	|20,22	|100	|22,74	|16,79	|12,02	|18,44	|17,07	|12,08	|12,11	|18,55	|16,58	|15,38	|16,58	|13,89	|16,55	|15,92	|18,06	|16,1	|16,92	|16,77	|16,44	|16,21	|
________________________________________________________
53	|2,78	|4,07	|1,4	|2,86	|2,92	|2,65	|2,18	|3,01	|0	|3,47	|2,73	|3,97	|2,67	|3,03	|3,31	|3,37	|24,38	|14,1	|12,96	|20,09	|17,41	|12,03	|16,47	|16,84	|13,72	|0	|14,51	|18,94	|16,44	|12,68	|18,89	|18,93	|18,59	|16,96	|19,07	|17,14	|16,17	|16,42	|17,67	|14,93	|17,02	|16,21	|16,51	|16,47	|19,43	|9,12	|11,11	|16,79	|13,41	|11,75	|16,85	|16,53	|100	|19,56	|13,71	|21,51	|19,81	|13,68	|19,04	|18,95	|16,29	|15,11	|17,08	|14,02	|16,78	|16,3	|18,13	|16,11	|17,18	|16,79	|16,67	|16,53	|
________________________________________________________
54	|3,83	|3,75	|2,06	|2,71	|2,83	|2,7	|2,17	|2,92	|1,23	|3,36	|13,77	|3,41	|2,74	|3,2	|3,29	|3,34	|19,4	|20,13	|12,37	|20,09	|16,97	|12,43	|16,32	|16,43	|0	|7,06	|0	|18,83	|16,54	|12,7	|18,88	|18,97	|18,19	|16,84	|18,88	|17,24	|16,22	|16,23	|17,9	|15,07	|16,93	|16,67	|16,58	|16,84	|19,9	|13,6	|11,39	|16,56	|12,95	|11,83	|16,76	|16,66	|26,71	|100	|11,95	|21,73	|19,37	|13,35	|19,06	|19,08	|16,74	|15,31	|16,79	|13,77	|17,02	|16,57	|18,75	|15,8	|16,88	|16,96	|16,93	|16,63	|
________________________________________________________
55	|3,94	|3,98	|1,85	|3,51	|2,9	|2,71	|2,18	|2,91	|0	|0	|2,2	|3,21	|2,96	|3,11	|3,57	|3,24	|23,14	|16,21	|13,84	|20,26	|17,28	|12,62	|16,19	|16,7	|19,53	|0	|10,52	|0	|17,68	|12,83	|18,76	|18,2	|20,54	|18,31	|23,83	|0	|0	|19,64	|17,57	|14,97	|17,06	|15,95	|16,58	|17,97	|18,27	|10,02	|13,55	|16,69	|13,19	|11,36	|16,51	|16,44	|25,78	|16,47	|100	|18,61	|20,75	|14,98	|18,78	|19,08	|18,23	|16,72	|20,51	|14,22	|17,02	|19,44	|18,22	|16,31	|16,99	|16,4	|15,42	|18,09	|
________________________________________________________
56	|3,04	|4,16	|1,67	|3,13	|2,6	|2,77	|1,65	|2,98	|2,37	|2,4	|2,38	|18,07	|0	|3,54	|3,67	|3,52	|21,9	|16,28	|11,74	|23,37	|14,58	|13,25	|16,05	|16,31	|19,39	|12,5	|0	|13,59	|0	|13,13	|19,07	|18,8	|18,37	|16,79	|18,25	|17,62	|16,82	|15,81	|17,59	|14,51	|16,89	|17	|16,6	|16,33	|16,53	|11,37	|10,4	|19,37	|9,46	|11,74	|16,58	|16,39	|26,3	|19,46	|12,1	|100	|20,98	|13,71	|19,17	|18,81	|16,89	|15,52	|15,89	|14,56	|18,07	|15,84	|18,64	|16,29	|16,95	|17,25	|17,07	|16,34	|
________________________________________________________
57	|3,29	|3,11	|1,98	|3,66	|3,77	|2,68	|2,66	|3,12	|2,14	|0	|2,73	|4,23	|1,62	|3,32	|17,23	|3,12	|21,54	|16,62	|12,19	|17,26	|21,17	|12,4	|16,62	|16,36	|18,68	|11,96	|14,11	|0	|10,04	|0	|18,98	|18,94	|18	|16,18	|19,17	|17,33	|16,15	|16,11	|17,67	|14,7	|17,55	|16,24	|16,54	|16,48	|16,45	|11,53	|12,43	|19,57	|15,79	|11,39	|16,48	|16,47	|26,29	|18,83	|14,64	|22,76	|100	|12,75	|19,17	|18,86	|16,56	|14,77	|17,15	|13,72	|16,5	|16,29	|18,79	|16,06	|17,26	|17,23	|16,87	|16,67	|
________________________________________________________
58	|3,18	|3,48	|1,83	|3,93	|3,43	|3,24	|2,31	|3,28	|2,19	|3,36	|2,45	|3,74	|0	|0	|3,16	|2,95	|21,82	|16	|12,13	|20,68	|17	|13,3	|16,51	|16,58	|18,56	|11,8	|13,47	|19,49	|0	|9,21	|0	|19,9	|18,16	|16,57	|20,72	|16,9	|16,64	|16,13	|20,04	|16,71	|20,63	|0	|0	|19,94	|16,91	|11,27	|11,25	|18,1	|12,29	|13,77	|16,38	|16,69	|25,99	|18,59	|15,13	|21,32	|18,26	|100	|17,49	|20	|16,73	|15,05	|18,54	|12,5	|16,46	|15,81	|20,4	|17,83	|19,76	|17,41	|17,77	|20,24	|
________________________________________________________
59	|3,28	|3,48	|1,7	|2,87	|2,98	|3,39	|1,82	|3,35	|2,29	|3,33	|2,55	|3,61	|2,92	|2,06	|2,9	|17,81	|22,03	|16,41	|11,95	|19,7	|17,18	|12,25	|20,78	|14,38	|19,17	|12,51	|12,89	|19,13	|16,81	|0	|12,32	|0	|18,65	|16,73	|19,31	|16,79	|16,98	|16,39	|18,26	|14,82	|17,52	|16,5	|16,6	|16,33	|16,56	|11,43	|11,26	|16,83	|13,4	|10,65	|18,98	|12	|25,97	|19,04	|13,62	|21,38	|19,7	|12,55	|100	|21,23	|16,49	|14,96	|16,85	|13,87	|16,04	|16,16	|18,72	|16,04	|17,23	|16,77	|17,81	|16,56	|
________________________________________________________
60	|3,27	|3,7	|1,72	|2,85	|2,89	|2,52	|2,39	|3,37	|2,4	|3,45	|2,65	|3,71	|3,07	|0	|3,6	|3,63	|21,89	|16,58	|12,36	|19,91	|17,25	|12,28	|14,51	|21,57	|18,82	|12,49	|13,06	|19,21	|16,85	|13,16	|0	|8,23	|18,3	|17,04	|18,85	|17,18	|17,26	|16,22	|17,93	|14,78	|16,77	|16,25	|16,61	|16,43	|16,74	|11,65	|11,58	|16,67	|13,31	|12,66	|18,93	|18,32	|25,73	|18,98	|13,78	|20,89	|19,31	|14,29	|21,14	|100	|16,78	|15,19	|16,63	|14,17	|16,31	|15,93	|18,42	|16,09	|16,89	|16,97	|16,19	|16,43	|
________________________________________________________
61	|4,12	|0	|2,03	|3,53	|3	|2,09	|2,59	|3,48	|2,18	|3,12	|2,48	|3,74	|2,3	|2,66	|3,01	|2,89	|21,91	|16,95	|15,15	|19,41	|17,1	|12,23	|16,28	|16,76	|16,84	|10,84	|13,52	|16,31	|14,03	|11,14	|16,39	|16,85	|16,59	|0	|21,8	|18,96	|18,93	|18,58	|22,76	|11,55	|17,3	|16,33	|16,8	|16,55	|16,27	|11,54	|13,7	|16,49	|12,84	|13,4	|16,46	|16,43	|22,19	|16,71	|13,21	|18,83	|17,01	|12	|16,48	|16,83	|100	|16,47	|19,41	|15,68	|18,97	|18,88	|21,9	|19,14	|17,25	|17,17	|16,65	|16,64	|
________________________________________________________
62	|3,81	|3,18	|11,54	|2,78	|3,11	|3,88	|2,54	|2,85	|2,13	|3,22	|2,64	|3,93	|2,39	|2,61	|2,94	|2,9	|21,74	|17,01	|0	|20,06	|17,1	|12,1	|16,89	|16,99	|16,69	|10,94	|13,1	|16,64	|14,34	|11,41	|16,3	|16,77	|0	|14,81	|21,47	|19,26	|18,64	|18,89	|14,37	|20,97	|17,16	|16,2	|16,72	|16,36	|16,43	|11,54	|11,06	|16,24	|13,02	|10,2	|17,17	|16,95	|22,91	|17	|13,48	|19,25	|16,88	|12,01	|16,63	|16,95	|18,32	|100	|19,38	|15,84	|18,88	|18,5	|12,53	|18,6	|17,27	|16,62	|16,4	|17,07	|
________________________________________________________
63	|3,05	|4,14	|1,69	|16,84	|3,96	|2,74	|2,07	|3,33	|2,38	|0	|2,41	|3,9	|2,52	|2,4	|3,43	|3,25	|21,97	|16,69	|0	|19,85	|17,3	|12,52	|16,35	|16,48	|16,34	|10,73	|14,65	|16,2	|15,24	|11,09	|16,59	|16,46	|21,23	|18,95	|17,5	|0	|18,38	|18,86	|17,87	|14,66	|22,21	|14,05	|16,58	|16,68	|16,3	|11,16	|11,28	|16,84	|13,25	|11,47	|16,47	|16,47	|23,33	|16,8	|14,9	|17,75	|17,65	|13,33	|16,88	|16,73	|19,46	|17,47	|100	|15,82	|18,5	|18,38	|18,65	|16,06	|19,56	|19,27	|16,69	|16,88	|
________________________________________________________
64	|0	|4,58	|2,14	|3,16	|2,64	|2,99	|2,08	|1,89	|2,12	|2,62	|16,33	|3,57	|2,39	|3,68	|3,44	|2,41	|21,8	|16,15	|14,6	|20,44	|17,5	|13,84	|15,96	|16,69	|16,45	|10,67	|0	|16,75	|13,82	|11,13	|16,47	|16,63	|20,56	|18,82	|0	|14,86	|18,47	|19,28	|17,69	|14,44	|14,23	|22,39	|16,72	|16,53	|16,37	|11,39	|13,9	|16,63	|12,77	|11,83	|16,95	|16,35	|22,7	|16,33	|12,24	|19,28	|16,74	|10,65	|16,46	|16,9	|18,63	|16,91	|18,75	|100	|19,28	|18,78	|18,51	|16,2	|10,81	|20,21	|16,45	|16,85	|
________________________________________________________
65	|3,57	|4,1	|1,95	|3,05	|2,85	|2,82	|2,09	|2,82	|1,6	|3,47	|2,48	|20,14	|3,12	|2,61	|2,82	|3,41	|21,92	|16,26	|13,84	|20,38	|16,72	|12,4	|16,29	|16,68	|16,43	|10,64	|0	|16,36	|14,11	|10,59	|16,27	|16,5	|20,77	|18,87	|21,43	|20,21	|14,74	|0	|18,04	|14,8	|17,11	|16,64	|21,33	|13,93	|16,05	|11,3	|12,52	|16,43	|12,98	|11,46	|16,51	|16,4	|22,86	|16,98	|12,33	|20,14	|16,94	|11,8	|16,03	|16,37	|18,97	|16,97	|18,46	|16,22	|100	|18,11	|18,45	|16,01	|16,63	|17,04	|19,25	|18,96	|
________________________________________________________
66	|3,74	|4,01	|1,96	|3,12	|2,74	|2,81	|2,15	|2,93	|0	|3,74	|3,03	|3,79	|1,86	|3,18	|3,01	|1,92	|21,97	|16,79	|13,72	|20,47	|17,07	|12,67	|16,69	|16,81	|16,17	|10,58	|15,41	|16,89	|14,31	|12,63	|16,34	|16,49	|20,96	|18,89	|21,67	|19,98	|0	|14,93	|17,58	|14,75	|16,82	|16,75	|13,87	|21,44	|16,45	|11,56	|12,29	|16,66	|12,86	|11,63	|16,49	|16,11	|22,69	|16,89	|14,38	|18,03	|17,09	|11,58	|16,49	|16,32	|19,28	|16,98	|18,72	|16,14	|18,5	|100	|18,56	|16	|16,88	|17,11	|11,52	|19,25	|
________________________________________________________
67	|3,55	|3,13	|1,26	|2,82	|3,56	|0	|2,51	|3,68	|1,98	|2,78	|2,28	|3,43	|2,72	|2,91	|3,42	|3,26	|21,69	|16,72	|13,88	|19,94	|16,96	|15,16	|16,09	|16,19	|16,5	|10,8	|11,67	|16,54	|14,48	|12,32	|16,48	|16,25	|22,93	|14,81	|19,12	|16,54	|16,49	|16,69	|17,28	|0	|19,54	|18,57	|18,68	|19,21	|16,49	|11,58	|11,1	|16,33	|13,47	|14,08	|16,62	|16,19	|22,36	|16,94	|11,94	|18,8	|17,46	|13,24	|16,93	|16,73	|19,82	|10,19	|16,84	|14,1	|16,7	|16,45	|100	|18,17	|19,85	|19,07	|19,13	|19,22	|
________________________________________________________
68	|3,33	|4,88	|2,07	|2,87	|3,79	|2,23	|13,51	|3,11	|1,87	|2,86	|2,33	|3,27	|2,75	|3,12	|3,28	|3,27	|21,66	|16,46	|12,47	|20,07	|17,25	|0	|16,36	|16,33	|16,8	|10,59	|12,2	|16,73	|14,49	|12,39	|16,65	|16,13	|15,92	|22,15	|18,83	|16,94	|16,65	|16,45	|0	|12,43	|19,66	|18,68	|18,94	|18,98	|16,73	|11,52	|11,25	|16,73	|13,51	|11,71	|16,93	|16,52	|22,74	|16,33	|12,24	|18,81	|17,09	|13,24	|16,6	|16,72	|19,82	|17,32	|16,59	|14,12	|16,59	|16,22	|20,79	|100	|19,52	|18,9	|18,71	|19,03	|
________________________________________________________
69	|4,24	|3,52	|1,58	|3,13	|2,78	|3,4	|2,27	|17,49	|2,12	|2,44	|1,36	|3,36	|2,98	|0	|3,32	|3,67	|21,86	|16,88	|12,04	|19,88	|17,35	|0	|16,53	|16,18	|16,66	|10,83	|13,28	|16,99	|14,77	|13,5	|16,61	|16,92	|18,55	|16,85	|24,41	|14,59	|16,6	|16,28	|20,65	|17,23	|15,03	|0	|19,05	|18,86	|16,97	|11,76	|9,94	|16,47	|13,16	|11,62	|17,49	|16,47	|23	|16,55	|12,09	|18,56	|17,42	|13,93	|16,91	|16,65	|16,95	|15,25	|19,17	|8,94	|16,34	|16,24	|21,55	|18,51	|100	|19,35	|18,83	|18,73	|
________________________________________________________
70	|2,87	|3,43	|1,93	|3,23	|0	|3,37	|2,59	|3,27	|1,88	|3,8	|2,81	|3,33	|2,86	|2,3	|17,44	|3,04	|21,79	|16,38	|11,89	|19,95	|16,95	|14,85	|16,44	|16,28	|16,73	|10,79	|12,11	|16,54	|14,01	|0	|16,65	|16,74	|18,71	|16,54	|16,77	|22,56	|16,61	|16,39	|20,28	|16,94	|0	|14,16	|19,15	|19,04	|16,22	|11,67	|12,78	|16,99	|13,23	|14,36	|16,57	|16,37	|22,53	|16,68	|11,71	|18,94	|17,44	|12,3	|16,51	|16,77	|16,92	|14,72	|18,94	|16,76	|16,79	|16,5	|20,76	|17,97	|19,4	|100	|19,44	|19,02	|
________________________________________________________
71	|3,26	|3,9	|1,74	|2,97	|3,3	|3,17	|2,42	|3,38	|2,42	|2,73	|2	|3,95	|1,88	|3,34	|3,05	|17,84	|21,67	|16,44	|11,79	|20,44	|17,34	|13,56	|17,09	|16,28	|16,94	|10,76	|11,94	|16,16	|13,89	|0	|16,54	|16,43	|18,59	|16,88	|19,44	|17,12	|21,16	|14,19	|20,3	|16,75	|19,5	|18,89	|14,34	|0	|16,62	|11,42	|11,02	|16,79	|13,24	|12,95	|16,69	|16,32	|22,76	|16,93	|11,2	|19,07	|17,36	|12,77	|17,84	|16,28	|16,69	|14,77	|16,68	|13,87	|19,29	|11,3	|21,18	|18,1	|19,21	|19,77	|100	|19,37	|
________________________________________________________
72	|3,2	|3,53	|1,72	|2,78	|3,55	|3,08	|2,57	|3,26	|1,63	|2,83	|2,52	|3,7	|0	|3,34	|3,62	|3,47	|21,7	|16,48	|12,28	|19,75	|17,48	|13,78	|16,69	|16,43	|16,86	|10,77	|12,2	|16,76	|14,96	|13,46	|16,25	|15,87	|18,44	|16,42	|19,22	|16,89	|14,14	|21,65	|20,08	|16,57	|19,85	|18,78	|0	|14,26	|16,69	|11,55	|11,32	|16,23	|13,36	|12,99	|16,21	|16,06	|22,53	|16,6	|13,11	|18,22	|17,13	|14,52	|16,55	|16,49	|16,65	|15,35	|16,85	|14,18	|18,97	|18,85	|21,24	|18,38	|19,07	|19,32	|19,33	|100	|
________________________________________________________
