0	|1	|2	|3	|4	|5	|6	|7	|8	|9	|10	|11	|12	|13	|14	|15	|16	|17	|18	|19	|20	|21	|22	|23	|24	|25	|26	|27	|28	|29	|30	|31	|32	|33	|34	|35	|36	|37	|38	|39	|40	|41	|42	|43	|44	|45	|46	|47	|48	|49	|50	|51	|52	|53	|54	|55	|56	|57	|58	|59	|60	|61	|62	|63	|64	|65	|66	|67	|68	|69	|70	|71	|72	|
1	|6527	|188	|108	|220	|283	|168	|191	|291	|199	|196	|0	|230	|180	|139	|170	|202	|1528	|6527	|787	|1287	|1348	|858	|1195	|1180	|1343	|964	|928	|1094	|1044	|722	|1108	|1090	|1392	|1045	|6527	|1178	|1216	|1186	|1325	|851	|1304	|770	|1124	|1083	|0	|569	|0	|1272	|1029	|877	|1242	|1205	|1267	|1280	|955	|1133	|1129	|762	|1095	|1099	|1377	|1147	|1019	|0	|1196	|1225	|1314	|1074	|1443	|974	|1088	|1072	|
________________________________________________________
2	|188	|7299	|141	|219	|237	|245	|0	|274	|138	|298	|220	|342	|141	|223	|170	|226	|1848	|1157	|942	|7299	|1426	|937	|1316	|1344	|1341	|617	|966	|1382	|872	|828	|1187	|1215	|1465	|7299	|1408	|1572	|1380	|1371	|1457	|1257	|1199	|1274	|1243	|1180	|1547	|932	|0	|1029	|0	|1014	|1380	|1375	|1855	|1252	|965	|1553	|1068	|834	|1163	|1241	|0	|957	|1383	|1289	|1372	|1313	|1157	|1577	|1200	|1164	|1302	|1180	|
________________________________________________________
3	|108	|141	|3470	|87	|146	|134	|117	|121	|99	|134	|117	|108	|100	|92	|155	|94	|0	|447	|0	|906	|744	|490	|642	|710	|449	|522	|464	|566	|551	|409	|582	|599	|0	|512	|776	|759	|649	|680	|501	|699	|591	|620	|616	|557	|722	|3470	|369	|577	|585	|431	|695	|672	|640	|687	|449	|621	|681	|438	|567	|577	|680	|3470	|563	|604	|652	|642	|464	|670	|539	|657	|581	|574	|
________________________________________________________
4	|220	|219	|87	|5619	|0	|175	|153	|226	|131	|0	|132	|263	|113	|136	|249	|257	|1516	|1189	|0	|961	|0	|832	|1050	|1048	|926	|621	|842	|1126	|686	|629	|938	|926	|1316	|1100	|992	|0	|1052	|1062	|1045	|792	|1269	|805	|974	|950	|1077	|676	|630	|5619	|924	|811	|1064	|1100	|1304	|906	|852	|1167	|1257	|942	|960	|958	|1180	|837	|5619	|889	|1021	|1021	|1044	|928	|1067	|1096	|992	|930	|
________________________________________________________
5	|283	|237	|146	|0	|5966	|138	|135	|212	|188	|212	|109	|173	|205	|195	|0	|194	|1495	|1171	|877	|1336	|5966	|676	|968	|1207	|992	|669	|1023	|1154	|1025	|779	|1035	|980	|1013	|962	|1287	|1155	|980	|938	|1289	|867	|5966	|1094	|1152	|1164	|1107	|752	|819	|0	|602	|0	|1173	|1245	|1330	|944	|702	|971	|1295	|822	|996	|969	|1005	|935	|1321	|744	|955	|899	|1316	|1223	|946	|0	|1101	|1188	|
________________________________________________________
6	|168	|245	|134	|175	|138	|5448	|135	|169	|107	|231	|136	|194	|129	|213	|195	|238	|1398	|999	|679	|1245	|946	|667	|5448	|1043	|893	|627	|667	|1030	|702	|643	|1032	|665	|629	|1024	|1002	|1020	|899	|898	|1015	|5448	|939	|1086	|1042	|1060	|1044	|688	|715	|1092	|877	|0	|769	|0	|1208	|902	|657	|1034	|920	|777	|1134	|847	|700	|1167	|914	|841	|942	|922	|0	|721	|1158	|1143	|1057	|1029	|
________________________________________________________
7	|191	|0	|117	|153	|135	|135	|4362	|113	|78	|90	|106	|110	|151	|145	|185	|110	|1076	|808	|620	|0	|595	|0	|877	|934	|711	|446	|613	|576	|852	|548	|729	|794	|638	|975	|861	|728	|663	|680	|0	|545	|948	|894	|777	|800	|781	|529	|576	|902	|4362	|496	|697	|882	|996	|726	|528	|617	|915	|554	|610	|801	|865	|764	|690	|586	|698	|703	|929	|4362	|773	|880	|809	|860	|
________________________________________________________
8	|291	|274	|121	|226	|212	|169	|113	|5954	|137	|128	|83	|203	|172	|0	|214	|242	|1480	|1140	|825	|1513	|1257	|0	|833	|0	|983	|652	|788	|963	|862	|840	|1279	|820	|1244	|949	|1446	|857	|1012	|916	|1315	|1005	|895	|0	|1134	|1150	|1166	|813	|741	|1189	|798	|701	|5954	|1184	|1372	|975	|705	|1112	|1071	|786	|1120	|1131	|1165	|857	|1112	|531	|944	|960	|1361	|1003	|5954	|1110	|1130	|1089	|
________________________________________________________
9	|199	|138	|99	|131	|188	|107	|78	|137	|3804	|99	|70	|128	|116	|100	|116	|164	|598	|836	|454	|698	|713	|470	|619	|647	|857	|3804	|444	|640	|690	|459	|752	|739	|795	|706	|822	|649	|3804	|646	|687	|567	|787	|533	|700	|457	|406	|602	|505	|653	|549	|417	|650	|620	|0	|412	|0	|885	|736	|525	|766	|805	|731	|640	|795	|597	|534	|0	|732	|603	|721	|640	|807	|544	|
________________________________________________________
10	|196	|298	|134	|0	|212	|231	|90	|128	|99	|5763	|138	|196	|173	|210	|0	|226	|1258	|936	|820	|1336	|1090	|1088	|981	|963	|1116	|609	|657	|5763	|1061	|774	|1052	|1126	|1150	|1099	|1219	|5763	|935	|1201	|992	|856	|1055	|1091	|976	|971	|948	|693	|776	|1265	|616	|681	|919	|932	|1582	|1121	|0	|896	|0	|807	|1114	|1157	|1045	|968	|0	|737	|1162	|1224	|1029	|925	|832	|1290	|913	|945	|
________________________________________________________
11	|0	|220	|117	|132	|109	|136	|106	|83	|70	|138	|4598	|156	|134	|191	|197	|122	|853	|901	|728	|956	|813	|646	|732	|773	|0	|357	|0	|899	|773	|589	|849	|887	|920	|876	|0	|681	|859	|907	|789	|662	|609	|1010	|766	|869	|932	|607	|647	|753	|594	|576	|789	|731	|1245	|4598	|534	|889	|939	|589	|854	|889	|831	|795	|806	|4598	|829	|994	|843	|753	|464	|955	|667	|844	|
________________________________________________________
12	|230	|342	|108	|263	|173	|194	|110	|203	|128	|196	|156	|6740	|0	|225	|234	|271	|1577	|1099	|893	|1581	|968	|888	|1100	|1100	|1298	|893	|0	|882	|0	|850	|1270	|1362	|1403	|1313	|1468	|1503	|982	|0	|1205	|1006	|1166	|1150	|1448	|920	|1195	|673	|828	|1269	|641	|763	|1114	|1077	|1810	|1140	|778	|6740	|1455	|897	|1208	|1245	|1252	|1183	|1300	|1005	|6740	|1240	|1269	|1057	|1144	|1131	|1318	|1239	|
________________________________________________________
13	|180	|141	|100	|113	|205	|129	|151	|172	|116	|173	|134	|0	|4897	|117	|128	|136	|1072	|823	|623	|783	|1016	|633	|751	|878	|913	|596	|700	|1018	|4897	|505	|823	|1036	|845	|825	|973	|814	|907	|905	|1009	|812	|1023	|797	|4897	|1046	|777	|579	|573	|640	|880	|674	|814	|896	|1217	|916	|717	|0	|556	|0	|976	|1031	|769	|719	|840	|672	|1043	|610	|1006	|887	|1015	|971	|629	|0	|
________________________________________________________
14	|139	|223	|92	|136	|195	|213	|145	|0	|100	|210	|191	|225	|117	|5513	|167	|162	|1194	|920	|670	|1104	|933	|795	|1059	|1000	|1021	|707	|678	|1058	|841	|621	|5513	|1106	|970	|920	|748	|1131	|857	|1006	|1116	|959	|1058	|5513	|923	|1117	|917	|636	|713	|945	|738	|769	|1196	|788	|1380	|1068	|753	|1319	|1142	|0	|689	|0	|889	|786	|800	|1035	|875	|1043	|1075	|1008	|0	|782	|1115	|1117	|
________________________________________________________
15	|170	|170	|155	|249	|0	|195	|185	|214	|116	|0	|197	|234	|128	|167	|5922	|159	|1243	|943	|727	|1039	|1207	|884	|976	|915	|1112	|691	|843	|0	|602	|0	|1161	|1205	|1066	|915	|1040	|1348	|958	|928	|1190	|1042	|0	|810	|1183	|1215	|975	|685	|1028	|1214	|940	|829	|1001	|976	|1511	|1097	|865	|1370	|5922	|757	|970	|1208	|1007	|884	|1144	|969	|943	|986	|1265	|1060	|1130	|5922	|1017	|1210	|
________________________________________________________
16	|202	|226	|94	|257	|194	|238	|110	|242	|164	|226	|122	|271	|136	|162	|159	|5956	|1242	|947	|657	|1282	|1005	|769	|1221	|843	|1162	|758	|794	|1187	|1026	|0	|728	|0	|1104	|985	|1277	|982	|1289	|862	|1222	|1025	|1244	|1201	|864	|0	|1019	|652	|671	|1123	|720	|746	|1126	|709	|1535	|1116	|786	|1314	|1073	|708	|5956	|1219	|968	|872	|1085	|678	|1140	|629	|1207	|1055	|1250	|1033	|5956	|1160	|
________________________________________________________
17	|1528	|1848	|0	|1516	|1495	|1398	|1076	|1480	|598	|1258	|853	|1577	|1072	|1194	|1243	|1242	|43733	|8048	|5989	|9986	|8626	|6006	|8343	|8198	|8042	|3584	|5134	|7391	|6321	|4889	|7309	|7135	|8067	|7233	|8252	|7376	|7125	|7216	|7857	|6521	|7530	|7167	|7220	|7360	|6396	|0	|5970	|8188	|6560	|5625	|8229	|8122	|11113	|6478	|5609	|8167	|7403	|5234	|7365	|7350	|7331	|6537	|7333	|6138	|7335	|7197	|8017	|6997	|7444	|7399	|7235	|7259	|
________________________________________________________
18	|6527	|1157	|447	|1189	|1171	|999	|808	|1140	|836	|936	|901	|1099	|823	|920	|943	|947	|8048	|33166	|4009	|7559	|6529	|4612	|6195	|6302	|6550	|4710	|3989	|5544	|4818	|3696	|5547	|5506	|5956	|5544	|6527	|5539	|5420	|5380	|5965	|4857	|5704	|5468	|5553	|5577	|0	|2933	|0	|6359	|4934	|4331	|6319	|6240	|6426	|6721	|3930	|6071	|5711	|3838	|5487	|5566	|5672	|5116	|5569	|4548	|5442	|5499	|6180	|5317	|5749	|5563	|5489	|5511	|
________________________________________________________
19	|787	|942	|0	|0	|877	|679	|620	|825	|454	|820	|728	|893	|623	|670	|727	|657	|5989	|4009	|24515	|4981	|5140	|3581	|4540	|4658	|4403	|2187	|3513	|4068	|3631	|2728	|4068	|3941	|5463	|4175	|4773	|5068	|4380	|4444	|4907	|3147	|4104	|4114	|4098	|4146	|4940	|0	|2435	|0	|3936	|3272	|4493	|4464	|5908	|4131	|3354	|4378	|4189	|2911	|3995	|4150	|5069	|0	|0	|4112	|4631	|4495	|5130	|4027	|4098	|4039	|3938	|4107	|
________________________________________________________
20	|1287	|7299	|906	|961	|1336	|1245	|0	|1513	|698	|1336	|956	|1581	|783	|1104	|1039	|1282	|9986	|7559	|4981	|40050	|7846	|5495	|7420	|7454	|6688	|4222	|4334	|7531	|4559	|4444	|6701	|6610	|7159	|7299	|7642	|6918	|6678	|6652	|7029	|6012	|6813	|6630	|6729	|6764	|7678	|5246	|0	|5740	|0	|5620	|7669	|7401	|9161	|6707	|4912	|8714	|5931	|4962	|6586	|6684	|6496	|6031	|6626	|5756	|6819	|6706	|7373	|6484	|6769	|6774	|6824	|6607	|
________________________________________________________
21	|1348	|1426	|744	|0	|5966	|946	|595	|1257	|713	|1090	|813	|968	|1016	|933	|1207	|1005	|8626	|6529	|5140	|7846	|34457	|4122	|6518	|6420	|5794	|3689	|4594	|6598	|5998	|3749	|5816	|5740	|6155	|5640	|6625	|5925	|5607	|5576	|6039	|5118	|5966	|5576	|5759	|5730	|6444	|4416	|4578	|0	|3560	|0	|6581	|6577	|7935	|5667	|4188	|5438	|7273	|4079	|5743	|5790	|5721	|5143	|5773	|4927	|5596	|5593	|6270	|5573	|5907	|5757	|5788	|5847	|
________________________________________________________
22	|858	|937	|490	|832	|676	|667	|0	|0	|470	|1088	|646	|888	|633	|795	|884	|769	|6006	|4612	|3581	|5495	|4122	|24607	|4286	|4964	|4160	|2617	|2972	|4465	|3235	|3350	|4081	|3998	|4427	|4044	|4238	|4764	|3982	|4008	|5468	|3743	|4177	|4956	|4502	|4706	|4517	|3222	|3056	|4843	|0	|2482	|0	|4992	|5483	|4150	|3060	|4941	|4262	|3192	|4095	|4123	|4094	|3639	|4180	|3898	|4149	|4152	|5604	|0	|0	|5045	|4528	|4609	|
________________________________________________________
23	|1195	|1316	|642	|1050	|968	|5448	|877	|833	|619	|981	|732	|1100	|751	|1059	|976	|1221	|8343	|6195	|4540	|7420	|6518	|4286	|32997	|6431	|5467	|3595	|3933	|5494	|4905	|3275	|6356	|3955	|5946	|5478	|6363	|5578	|5478	|5478	|5772	|5448	|5626	|5491	|5623	|5638	|6283	|4258	|4068	|6181	|5051	|0	|4486	|0	|7510	|5450	|3925	|5985	|5712	|3962	|6949	|4872	|5449	|5078	|5457	|4494	|5450	|5468	|5950	|5283	|5628	|5582	|5706	|5582	|
________________________________________________________
24	|1180	|1344	|710	|1048	|1207	|1043	|934	|0	|647	|963	|773	|1100	|878	|1000	|915	|843	|8198	|6302	|4658	|7454	|6420	|4964	|6431	|33235	|5423	|3490	|4030	|5488	|4826	|4075	|6244	|6225	|6057	|5502	|6357	|5758	|5512	|5586	|5725	|4768	|5762	|5415	|5497	|5517	|6239	|4295	|4065	|6137	|5049	|4785	|0	|2761	|7678	|5487	|4049	|6083	|5620	|3977	|4808	|7240	|5607	|5108	|5501	|4700	|5581	|5507	|5984	|5274	|5508	|5529	|5435	|5496	|
________________________________________________________
25	|1343	|1341	|449	|926	|992	|893	|711	|983	|857	|1116	|0	|1298	|913	|1021	|1112	|1162	|8042	|6550	|4403	|6688	|5794	|4160	|5467	|5423	|33273	|4829	|4832	|6318	|5461	|4128	|6179	|6166	|5985	|5529	|6438	|5585	|5445	|5412	|5918	|4865	|5712	|5531	|5585	|5437	|6632	|3008	|3706	|5463	|4425	|3767	|5464	|5554	|6255	|0	|4734	|7230	|6419	|4454	|6408	|6318	|5635	|5018	|5454	|4633	|5498	|5297	|6101	|5426	|5674	|5681	|5656	|5638	|
________________________________________________________
26	|964	|617	|522	|621	|669	|627	|446	|652	|3804	|609	|357	|893	|596	|707	|691	|758	|3584	|4710	|2187	|4222	|3689	|2617	|3595	|3490	|4829	|21411	|2578	|4061	|3554	|2724	|4113	|4015	|3857	|3566	|4033	|3678	|3804	|3420	|3819	|3154	|3709	|3590	|3580	|3632	|2294	|3492	|2397	|3567	|2783	|2403	|3631	|3518	|0	|2358	|0	|4663	|4111	|2832	|4182	|4192	|3628	|3289	|3581	|3005	|3561	|3465	|3992	|3422	|3688	|3665	|3592	|3602	|
________________________________________________________
27	|928	|966	|464	|842	|1023	|667	|613	|788	|444	|657	|0	|0	|700	|678	|843	|794	|5134	|3989	|3513	|4334	|4594	|2972	|3933	|4030	|4832	|2578	|23851	|4010	|4295	|3183	|4281	|4373	|4955	|4542	|5422	|3997	|3871	|4941	|4259	|3547	|4566	|3447	|3941	|4048	|3929	|2806	|2916	|4004	|3589	|2739	|3937	|3910	|6615	|0	|2551	|0	|4850	|3232	|4310	|4383	|4523	|3938	|4890	|0	|0	|5049	|4315	|3940	|4521	|4114	|3986	|4079	|
________________________________________________________
28	|1094	|1382	|566	|1126	|1154	|1030	|576	|963	|640	|5763	|899	|882	|1018	|1058	|0	|1187	|7391	|5544	|4068	|7531	|6598	|4465	|5494	|5488	|6318	|4061	|4010	|33274	|6093	|4559	|6258	|6315	|6045	|5609	|6405	|5763	|5413	|5617	|5932	|4934	|5727	|5371	|5622	|5651	|5575	|3789	|3696	|6784	|3593	|3908	|5609	|5504	|8634	|6288	|0	|5069	|0	|4675	|6396	|6449	|5457	|5003	|5408	|4716	|5475	|5532	|6114	|5405	|5784	|5616	|5394	|5607	|
________________________________________________________
29	|1044	|872	|551	|686	|1025	|702	|852	|862	|690	|1061	|773	|0	|4897	|841	|602	|1026	|6321	|4818	|3631	|4559	|5998	|3235	|4905	|4826	|5461	|3554	|4295	|6093	|29252	|3290	|5611	|5662	|5262	|4899	|5943	|4876	|4639	|4670	|5256	|4341	|5019	|4741	|4897	|5039	|4814	|3395	|3568	|3838	|5189	|3367	|4905	|4928	|7497	|5524	|4285	|0	|3450	|0	|5620	|5656	|4694	|4313	|5085	|3891	|4721	|4689	|5355	|4679	|5029	|4759	|4638	|5005	|
________________________________________________________
30	|722	|828	|409	|629	|779	|643	|548	|840	|459	|774	|589	|850	|505	|621	|0	|0	|4889	|3696	|2728	|4444	|3749	|3350	|3275	|4075	|4128	|2724	|3183	|4559	|3290	|22191	|3890	|4358	|4067	|3728	|4249	|3733	|3297	|4126	|4442	|3675	|4564	|3621	|3601	|4503	|3670	|2495	|2420	|3721	|2885	|2935	|3667	|4209	|5780	|4240	|3111	|4895	|0	|2210	|0	|4419	|3728	|3430	|3702	|3135	|3543	|4138	|4554	|4001	|4596	|0	|0	|4502	|
________________________________________________________
31	|1108	|1187	|582	|938	|1035	|1032	|729	|1279	|752	|1052	|849	|1270	|823	|5513	|1161	|728	|7309	|5547	|4068	|6701	|5816	|4081	|6356	|6244	|6179	|4113	|4281	|6258	|5611	|3890	|33138	|6784	|6055	|5533	|6325	|5662	|5587	|5284	|5893	|4907	|5692	|5513	|5583	|5542	|5559	|3799	|3588	|5597	|4405	|3777	|7196	|4739	|8614	|6304	|4547	|7111	|6520	|0	|4118	|0	|5485	|4901	|5537	|4638	|5443	|5354	|6093	|5379	|5657	|5654	|5522	|5436	|
________________________________________________________
32	|1090	|1215	|599	|926	|980	|665	|794	|820	|739	|1126	|887	|1362	|1036	|1106	|1205	|0	|7135	|5506	|3941	|6610	|5740	|3998	|3955	|6225	|6166	|4015	|4373	|6315	|5662	|4358	|6784	|33076	|5980	|5465	|6392	|5755	|5578	|5345	|5763	|4897	|5663	|5373	|5409	|5378	|5489	|3782	|3655	|5480	|4343	|4118	|4651	|7091	|8630	|6334	|4411	|7011	|6507	|4774	|0	|2762	|5638	|5043	|5495	|4683	|5520	|5401	|6006	|5210	|5761	|5684	|5484	|5308	|
________________________________________________________
33	|1392	|1465	|0	|1316	|1013	|629	|638	|1244	|795	|1150	|920	|1403	|845	|970	|1066	|1104	|8067	|5956	|5463	|7159	|6155	|4427	|5946	|6057	|5985	|3857	|4955	|6045	|5262	|4067	|6055	|5980	|36703	|6759	|7996	|7080	|6851	|7000	|7531	|3645	|6258	|5931	|5953	|6151	|6026	|4170	|5043	|6099	|4685	|4836	|6093	|6022	|8477	|6073	|4978	|6851	|6186	|4358	|6235	|6143	|5550	|0	|7085	|5789	|6949	|6868	|8476	|5142	|6316	|6353	|6207	|6168	|
________________________________________________________
34	|1045	|7299	|512	|1100	|962	|1024	|975	|949	|706	|1099	|876	|1313	|825	|920	|915	|985	|7233	|5544	|4175	|7299	|5640	|4044	|5478	|5502	|5529	|3566	|4542	|5609	|4899	|3728	|5533	|5465	|6759	|33487	|7230	|6523	|6315	|6287	|6715	|5631	|5780	|5463	|5519	|5461	|5658	|3807	|0	|5480	|4294	|3780	|5511	|5382	|7731	|5622	|4438	|6262	|5558	|3976	|5593	|5720	|0	|4452	|6325	|5299	|6313	|6187	|5475	|7154	|5737	|5618	|5635	|5492	|
________________________________________________________
35	|6527	|1408	|776	|992	|1287	|1002	|861	|1446	|822	|1219	|0	|1468	|973	|748	|1040	|1277	|8252	|6527	|4773	|7642	|6625	|4238	|6363	|6357	|6438	|4033	|5422	|6405	|5943	|4249	|6325	|6392	|7996	|7230	|38223	|7155	|7119	|7078	|6784	|5806	|7323	|4553	|6245	|6254	|6253	|4234	|0	|6380	|5167	|4427	|6332	|6331	|8692	|6303	|5777	|6806	|6587	|4972	|6456	|6328	|7295	|6457	|5840	|0	|7172	|7100	|7069	|6082	|8311	|5695	|6492	|6428	|
________________________________________________________
36	|1178	|1572	|759	|0	|1155	|1020	|728	|857	|649	|5763	|681	|1503	|814	|1131	|1348	|982	|7376	|5539	|5068	|6918	|5925	|4764	|5578	|5758	|5585	|3678	|3997	|5763	|4876	|3733	|5662	|5755	|7080	|6523	|7155	|34182	|6478	|6409	|6033	|5087	|6511	|6654	|5596	|5634	|5638	|4012	|4673	|5774	|4383	|3985	|5647	|5741	|7815	|5758	|0	|6569	|5954	|4054	|5615	|5766	|6343	|5790	|0	|4185	|6764	|6547	|6116	|5472	|4968	|7661	|5717	|5649	|
________________________________________________________
37	|1216	|1380	|649	|1052	|980	|899	|663	|1012	|3804	|935	|859	|982	|907	|857	|958	|1289	|7125	|5420	|4380	|6678	|5607	|3982	|5478	|5512	|5445	|3804	|3871	|5413	|4639	|3297	|5587	|5578	|6851	|6315	|7119	|6478	|32977	|5979	|5830	|4961	|5622	|5525	|6221	|3892	|5427	|3905	|4031	|5537	|4236	|3843	|5452	|5543	|7371	|5417	|0	|6272	|5548	|3993	|5677	|5794	|6336	|5605	|6134	|5201	|4933	|0	|6095	|5378	|5652	|5640	|7064	|4729	|
________________________________________________________
38	|1186	|1371	|680	|1062	|938	|898	|680	|916	|646	|1201	|907	|0	|905	|1006	|928	|862	|7216	|5380	|4444	|6652	|5576	|4008	|5478	|5586	|5412	|3420	|4941	|5617	|4670	|4126	|5284	|5345	|7000	|6287	|7078	|6409	|5979	|33096	|5948	|4899	|5626	|5457	|6277	|6395	|5485	|3901	|4119	|5601	|4282	|3879	|5506	|5496	|7486	|5419	|4761	|5895	|5535	|3870	|5481	|5446	|6218	|5679	|6294	|5430	|0	|4890	|6172	|5314	|5545	|5567	|4738	|7240	|
________________________________________________________
39	|1325	|1457	|501	|1045	|1289	|1015	|0	|1315	|687	|992	|789	|1205	|1009	|1116	|1190	|1222	|7857	|5965	|4907	|7029	|6039	|5468	|5772	|5725	|5918	|3819	|4259	|5932	|5256	|4442	|5893	|5763	|7531	|6715	|6784	|6033	|5830	|5948	|35597	|5503	|6851	|6672	|6783	|6747	|5938	|4023	|3991	|5939	|4679	|5002	|5972	|5767	|8055	|5976	|4259	|6560	|6071	|4809	|6105	|6018	|7617	|4322	|5963	|4981	|6035	|5759	|6390	|0	|7031	|6886	|6778	|6715	|
________________________________________________________
40	|851	|1257	|699	|792	|867	|5448	|545	|1005	|567	|856	|662	|1006	|812	|959	|1042	|1025	|6521	|4857	|3147	|6012	|5118	|3743	|5448	|4768	|4865	|3154	|3547	|4934	|4341	|3675	|4907	|4897	|3645	|5631	|5806	|5087	|4961	|4899	|5503	|29712	|5688	|5543	|5658	|5680	|4969	|3412	|3309	|4966	|3911	|0	|4837	|4835	|6806	|5033	|3628	|5412	|5052	|4008	|4956	|4963	|3866	|6307	|4894	|4066	|4952	|4832	|0	|4015	|5866	|5753	|5591	|5541	|
________________________________________________________
41	|1304	|1199	|591	|1269	|5966	|939	|948	|895	|787	|1055	|609	|1166	|1023	|1058	|0	|1244	|7530	|5704	|4104	|6813	|5966	|4177	|5626	|5762	|5712	|3709	|4566	|5727	|5019	|4564	|5692	|5663	|6258	|5780	|7323	|6511	|5622	|5626	|6851	|5688	|34229	|6308	|6428	|6567	|5664	|3888	|3928	|5644	|4523	|0	|5537	|5598	|7761	|5653	|4135	|6300	|6032	|4949	|5857	|5629	|5790	|5159	|7414	|4008	|5726	|5510	|7223	|6351	|5118	|0	|6509	|6638	|
________________________________________________________
42	|770	|1274	|620	|805	|1094	|1086	|894	|0	|533	|1091	|1010	|1150	|797	|5513	|810	|1201	|7167	|5468	|4114	|6630	|5576	|4956	|5491	|5415	|5531	|3590	|3447	|5371	|4741	|3621	|5513	|5373	|5931	|5463	|4553	|6654	|5525	|5457	|6672	|5543	|6308	|33014	|6327	|6333	|5323	|3673	|4180	|5641	|4443	|4639	|5406	|5463	|7392	|5566	|3867	|6338	|5581	|0	|5518	|5455	|5465	|4872	|4688	|6304	|5568	|5486	|6864	|6032	|0	|4810	|6306	|6282	|
________________________________________________________
43	|1124	|1243	|616	|974	|1152	|1042	|777	|1134	|700	|976	|766	|1448	|4897	|923	|1183	|864	|7220	|5553	|4098	|6729	|5759	|4502	|5623	|5497	|5585	|3580	|3941	|5622	|4897	|3601	|5583	|5409	|5953	|5519	|6245	|5596	|6221	|6277	|6783	|5658	|6428	|6327	|33275	|6520	|5444	|3900	|3710	|5558	|4400	|4325	|5513	|5389	|7526	|5538	|4020	|6190	|5683	|0	|5551	|5575	|5621	|5029	|5532	|4709	|7136	|4543	|6907	|6117	|6487	|6505	|4789	|0	|
________________________________________________________
44	|1083	|1180	|557	|950	|1164	|1060	|800	|1150	|457	|971	|869	|920	|1046	|1117	|1215	|0	|7360	|5577	|4146	|6764	|5730	|4706	|5638	|5517	|5437	|3632	|4048	|5651	|5039	|4503	|5542	|5378	|6151	|5461	|6254	|5634	|3892	|6395	|6747	|5680	|6567	|6333	|6520	|33362	|5470	|3816	|3808	|5643	|4386	|4279	|5487	|5473	|7508	|5624	|4356	|6091	|5663	|4785	|5460	|5516	|5538	|4919	|5566	|4654	|4660	|7024	|7103	|6131	|6421	|6465	|0	|4770	|
________________________________________________________
45	|0	|1547	|722	|1077	|1107	|1044	|781	|1166	|406	|948	|932	|1195	|777	|917	|975	|1019	|6396	|0	|4940	|7678	|6444	|4517	|6283	|6239	|6632	|2294	|3929	|5575	|4814	|3670	|5559	|5489	|6026	|5658	|6253	|5638	|5427	|5485	|5938	|4969	|5664	|5323	|5444	|5470	|33084	|4568	|4409	|6187	|4955	|4266	|6330	|6110	|8858	|6645	|4429	|6163	|5653	|4057	|5537	|5620	|5445	|4942	|5439	|4610	|5369	|5390	|6096	|5405	|5778	|5507	|5550	|5581	|
________________________________________________________
46	|569	|932	|3470	|676	|752	|688	|529	|813	|602	|693	|607	|673	|579	|636	|685	|652	|0	|2933	|0	|5246	|4416	|3222	|4258	|4295	|3008	|3492	|2806	|3789	|3395	|2495	|3799	|3782	|4170	|3807	|4234	|4012	|3905	|3901	|4023	|3412	|3888	|3673	|3900	|3816	|4568	|22863	|2545	|4417	|3359	|2931	|4372	|4335	|4159	|4541	|2429	|4241	|3962	|2704	|3821	|3912	|3862	|3470	|3723	|3206	|3781	|3788	|4280	|3722	|4004	|3964	|3814	|3862	|
________________________________________________________
47	|0	|0	|369	|630	|819	|715	|576	|741	|505	|776	|647	|828	|573	|713	|1028	|671	|5970	|0	|2435	|0	|4578	|3056	|4068	|4065	|3706	|2397	|2916	|3696	|3568	|2420	|3588	|3655	|5043	|0	|0	|4673	|4031	|4119	|3991	|3309	|3928	|4180	|3710	|3808	|4409	|2545	|22276	|3721	|3648	|3034	|4102	|3985	|5067	|3803	|3284	|3877	|4271	|2698	|3765	|3888	|4583	|3326	|3765	|3914	|4190	|4025	|4102	|3633	|3383	|4341	|3679	|3787	|
________________________________________________________
48	|1272	|1029	|577	|5619	|0	|1092	|902	|1189	|653	|1265	|753	|1269	|640	|945	|1214	|1123	|8188	|6359	|0	|5740	|0	|4843	|6181	|6137	|5463	|3567	|4004	|6784	|3838	|3721	|5597	|5480	|6099	|5480	|6380	|5774	|5537	|5601	|5939	|4966	|5644	|5641	|5558	|5643	|6187	|4417	|3721	|33275	|5403	|4659	|6328	|6225	|7655	|5530	|4046	|7223	|6724	|4342	|5627	|5595	|5519	|4884	|5619	|4684	|5496	|5459	|6036	|5404	|5608	|5770	|5607	|5429	|
________________________________________________________
49	|1029	|0	|585	|924	|602	|877	|4362	|798	|549	|616	|594	|641	|880	|738	|940	|720	|6560	|4934	|3936	|0	|3560	|0	|5051	|5049	|4425	|2783	|3589	|3593	|5189	|2885	|4405	|4343	|4685	|4294	|5167	|4383	|4236	|4282	|4679	|3911	|4523	|4443	|4400	|4386	|4955	|3359	|3648	|5403	|26543	|3153	|4966	|5061	|6115	|4326	|3198	|3527	|5425	|2949	|4480	|4468	|4295	|3916	|4421	|3595	|4344	|4212	|4979	|4362	|4482	|4494	|4422	|4470	|
________________________________________________________
50	|877	|1014	|431	|811	|0	|0	|496	|701	|417	|681	|576	|763	|674	|769	|829	|746	|5625	|4331	|3272	|5620	|0	|2482	|0	|4785	|3767	|2403	|2739	|3908	|3367	|2935	|3777	|4118	|4836	|3780	|4427	|3985	|3843	|3879	|5002	|0	|0	|4639	|4325	|4279	|4266	|2931	|3034	|4659	|3153	|23172	|4034	|4659	|5356	|3949	|2754	|4378	|3913	|3304	|3562	|4249	|4484	|3068	|3829	|3331	|3834	|3809	|5204	|3782	|3957	|4876	|4325	|4344	|
________________________________________________________
51	|1242	|1380	|695	|1064	|1173	|769	|697	|5954	|650	|919	|789	|1114	|814	|1196	|1001	|1126	|8229	|6319	|4493	|7669	|6581	|0	|4486	|0	|5464	|3631	|3937	|5609	|4905	|3667	|7196	|4651	|6093	|5511	|6332	|5647	|5452	|5506	|5972	|4837	|5537	|5406	|5513	|5487	|6330	|4372	|4102	|6328	|4966	|4034	|33326	|6701	|7682	|5595	|4002	|6183	|5664	|3929	|6346	|6356	|5508	|5164	|5497	|4774	|5525	|5401	|6145	|5468	|5954	|5628	|5573	|5423	|
________________________________________________________
52	|1205	|1375	|672	|1100	|1245	|0	|882	|1184	|620	|932	|731	|1077	|896	|788	|976	|709	|8122	|6240	|4464	|7401	|6577	|4992	|0	|2761	|5554	|3518	|3910	|5504	|4928	|4209	|4739	|7091	|6022	|5382	|6331	|5741	|5543	|5496	|5767	|4835	|5598	|5463	|5389	|5473	|6110	|4335	|3985	|6225	|5061	|4659	|6701	|33148	|7538	|5564	|3985	|6113	|5658	|4004	|4013	|6149	|5497	|5097	|5496	|4603	|5487	|5278	|5986	|5337	|5609	|5560	|5450	|5373	|
________________________________________________________
53	|1267	|1855	|640	|1304	|1330	|1208	|996	|1372	|0	|1582	|1245	|1810	|1217	|1380	|1511	|1535	|11113	|6426	|5908	|9161	|7935	|5483	|7510	|7678	|6255	|0	|6615	|8634	|7497	|5780	|8614	|8630	|8477	|7731	|8692	|7815	|7371	|7486	|8055	|6806	|7761	|7392	|7526	|7508	|8858	|4159	|5067	|7655	|6115	|5356	|7682	|7538	|45589	|8918	|6249	|9808	|9033	|6235	|8682	|8639	|7426	|6889	|7788	|6392	|7648	|7432	|8267	|7346	|7832	|7653	|7598	|7537	|
________________________________________________________
54	|1280	|1252	|687	|906	|944	|902	|726	|975	|412	|1121	|4598	|1140	|916	|1068	|1097	|1116	|6478	|6721	|4131	|6707	|5667	|4150	|5450	|5487	|0	|2358	|0	|6288	|5524	|4240	|6304	|6334	|6073	|5622	|6303	|5758	|5417	|5419	|5976	|5033	|5653	|5566	|5538	|5624	|6645	|4541	|3803	|5530	|4326	|3949	|5595	|5564	|8918	|33393	|3992	|7257	|6469	|4459	|6364	|6372	|5590	|5113	|5607	|4598	|5682	|5533	|6262	|5276	|5636	|5665	|5652	|5553	|
________________________________________________________
55	|955	|965	|449	|852	|702	|657	|528	|705	|0	|0	|534	|778	|717	|753	|865	|786	|5609	|3930	|3354	|4912	|4188	|3060	|3925	|4049	|4734	|0	|2551	|0	|4285	|3111	|4547	|4411	|4978	|4438	|5777	|0	|0	|4761	|4259	|3628	|4135	|3867	|4020	|4356	|4429	|2429	|3284	|4046	|3198	|2754	|4002	|3985	|6249	|3992	|24239	|4512	|5029	|3631	|4553	|4625	|4419	|4053	|4972	|3447	|4125	|4712	|4416	|3954	|4117	|3976	|3738	|4386	|
________________________________________________________
56	|1133	|1553	|621	|1167	|971	|1034	|617	|1112	|885	|896	|889	|6740	|0	|1319	|1370	|1314	|8167	|6071	|4378	|8714	|5438	|4941	|5985	|6083	|7230	|4663	|0	|5069	|0	|4895	|7111	|7011	|6851	|6262	|6806	|6569	|6272	|5895	|6560	|5412	|6300	|6338	|6190	|6091	|6163	|4241	|3877	|7223	|3527	|4378	|6183	|6113	|9808	|7257	|4512	|37291	|7822	|5114	|7147	|7013	|6300	|5789	|5924	|5430	|6740	|5908	|6950	|6074	|6320	|6433	|6367	|6095	|
________________________________________________________
57	|1129	|1068	|681	|1257	|1295	|920	|915	|1071	|736	|0	|939	|1455	|556	|1142	|5922	|1073	|7403	|5711	|4189	|5931	|7273	|4262	|5712	|5620	|6419	|4111	|4850	|0	|3450	|0	|6520	|6507	|6186	|5558	|6587	|5954	|5548	|5535	|6071	|5052	|6032	|5581	|5683	|5663	|5653	|3962	|4271	|6724	|5425	|3913	|5664	|5658	|9033	|6469	|5029	|7822	|34361	|4380	|6587	|6481	|5691	|5076	|5892	|4715	|5668	|5599	|6455	|5519	|5931	|5922	|5796	|5729	|
________________________________________________________
58	|762	|834	|438	|942	|822	|777	|554	|786	|525	|807	|589	|897	|0	|0	|757	|708	|5234	|3838	|2911	|4962	|4079	|3192	|3962	|3977	|4454	|2832	|3232	|4675	|0	|2210	|0	|4774	|4358	|3976	|4972	|4054	|3993	|3870	|4809	|4008	|4949	|0	|0	|4785	|4057	|2704	|2698	|4342	|2949	|3304	|3929	|4004	|6235	|4459	|3631	|5114	|4380	|23992	|4197	|4798	|4015	|3611	|4449	|3000	|3949	|3794	|4894	|4278	|4742	|4177	|4263	|4856	|
________________________________________________________
59	|1095	|1163	|567	|960	|996	|1134	|610	|1120	|766	|1114	|854	|1208	|976	|689	|970	|5956	|7365	|5487	|3995	|6586	|5743	|4095	|6949	|4808	|6408	|4182	|4310	|6396	|5620	|0	|4118	|0	|6235	|5593	|6456	|5615	|5677	|5481	|6105	|4956	|5857	|5518	|5551	|5460	|5537	|3821	|3765	|5627	|4480	|3562	|6346	|4013	|8682	|6364	|4553	|7147	|6587	|4197	|33433	|7097	|5514	|5001	|5633	|4636	|5364	|5403	|6258	|5362	|5759	|5607	|5956	|5537	|
________________________________________________________
60	|1099	|1241	|577	|958	|969	|847	|801	|1131	|805	|1157	|889	|1245	|1031	|0	|1208	|1219	|7350	|5566	|4150	|6684	|5790	|4123	|4872	|7240	|6318	|4192	|4383	|6449	|5656	|4419	|0	|2762	|6143	|5720	|6328	|5766	|5794	|5446	|6018	|4963	|5629	|5455	|5575	|5516	|5620	|3912	|3888	|5595	|4468	|4249	|6356	|6149	|8639	|6372	|4625	|7013	|6481	|4798	|7097	|33570	|5632	|5098	|5584	|4758	|5476	|5347	|6185	|5400	|5671	|5697	|5434	|5515	|
________________________________________________________
61	|1377	|0	|680	|1180	|1005	|700	|865	|1165	|731	|1045	|831	|1252	|769	|889	|1007	|968	|7331	|5672	|5069	|6496	|5721	|4094	|5449	|5607	|5635	|3628	|4523	|5457	|4694	|3728	|5485	|5638	|5550	|0	|7295	|6343	|6336	|6218	|7617	|3866	|5790	|5465	|5621	|5538	|5445	|3862	|4583	|5519	|4295	|4484	|5508	|5497	|7426	|5590	|4419	|6300	|5691	|4015	|5514	|5632	|33462	|5510	|6494	|5247	|6348	|6317	|7327	|6403	|5772	|5745	|5571	|5568	|
________________________________________________________
62	|1147	|957	|3470	|837	|935	|1167	|764	|857	|640	|968	|795	|1183	|719	|786	|884	|872	|6537	|5116	|0	|6031	|5143	|3639	|5078	|5108	|5018	|3289	|3938	|5003	|4313	|3430	|4901	|5043	|0	|4452	|6457	|5790	|5605	|5679	|4322	|6307	|5159	|4872	|5029	|4919	|4942	|3470	|3326	|4884	|3916	|3068	|5164	|5097	|6889	|5113	|4053	|5789	|5076	|3611	|5001	|5098	|5510	|30070	|5829	|4762	|5678	|5563	|3769	|5594	|5192	|4998	|4932	|5133	|
________________________________________________________
63	|1019	|1383	|563	|5619	|1321	|914	|690	|1112	|795	|0	|806	|1300	|840	|800	|1144	|1085	|7333	|5569	|0	|6626	|5773	|4180	|5457	|5501	|5454	|3581	|4890	|5408	|5085	|3702	|5537	|5495	|7085	|6325	|5840	|0	|6134	|6294	|5963	|4894	|7414	|4688	|5532	|5566	|5439	|3723	|3765	|5619	|4421	|3829	|5497	|5496	|7788	|5607	|4972	|5924	|5892	|4449	|5633	|5584	|6494	|5829	|33375	|5279	|6176	|6133	|6226	|5360	|6529	|6431	|5570	|5635	|
________________________________________________________
64	|0	|1289	|604	|889	|744	|841	|586	|531	|597	|737	|4598	|1005	|672	|1035	|969	|678	|6138	|4548	|4112	|5756	|4927	|3898	|4494	|4700	|4633	|3005	|0	|4716	|3891	|3135	|4638	|4683	|5789	|5299	|0	|4185	|5201	|5430	|4981	|4066	|4008	|6304	|4709	|4654	|4610	|3206	|3914	|4684	|3595	|3331	|4774	|4603	|6392	|4598	|3447	|5430	|4715	|3000	|4636	|4758	|5247	|4762	|5279	|28159	|5428	|5287	|5212	|4562	|3045	|5691	|4632	|4744	|
________________________________________________________
65	|1196	|1372	|652	|1021	|955	|942	|698	|944	|534	|1162	|829	|6740	|1043	|875	|943	|1140	|7335	|5442	|4631	|6819	|5596	|4149	|5450	|5581	|5498	|3561	|0	|5475	|4721	|3543	|5443	|5520	|6949	|6313	|7172	|6764	|4933	|0	|6035	|4952	|5726	|5568	|7136	|4660	|5369	|3781	|4190	|5496	|4344	|3834	|5525	|5487	|7648	|5682	|4125	|6740	|5668	|3949	|5364	|5476	|6348	|5678	|6176	|5428	|33461	|6060	|6175	|5357	|5564	|5702	|6442	|6345	|
________________________________________________________
66	|1225	|1313	|642	|1021	|899	|922	|703	|960	|0	|1224	|994	|1240	|610	|1043	|986	|629	|7197	|5499	|4495	|6706	|5593	|4152	|5468	|5507	|5297	|3465	|5049	|5532	|4689	|4138	|5354	|5401	|6868	|6187	|7100	|6547	|0	|4890	|5759	|4832	|5510	|5486	|4543	|7024	|5390	|3788	|4025	|5459	|4212	|3809	|5401	|5278	|7432	|5533	|4712	|5908	|5599	|3794	|5403	|5347	|6317	|5563	|6133	|5287	|6060	|32760	|6080	|5240	|5530	|5605	|3774	|6305	|
________________________________________________________
67	|1314	|1157	|464	|1044	|1316	|0	|929	|1361	|732	|1029	|843	|1269	|1006	|1075	|1265	|1207	|8017	|6180	|5130	|7373	|6270	|5604	|5950	|5984	|6101	|3992	|4315	|6114	|5355	|4554	|6093	|6006	|8476	|5475	|7069	|6116	|6095	|6172	|6390	|0	|7223	|6864	|6907	|7103	|6096	|4280	|4102	|6036	|4979	|5204	|6145	|5986	|8267	|6262	|4416	|6950	|6455	|4894	|6258	|6185	|7327	|3769	|6226	|5212	|6175	|6080	|36970	|6716	|7338	|7050	|7073	|7106	|
________________________________________________________
68	|1074	|1577	|670	|928	|1223	|721	|4362	|1003	|603	|925	|753	|1057	|887	|1008	|1060	|1055	|6997	|5317	|4027	|6484	|5573	|0	|5283	|5274	|5426	|3422	|3940	|5405	|4679	|4001	|5379	|5210	|5142	|7154	|6082	|5472	|5378	|5314	|0	|4015	|6351	|6032	|6117	|6131	|5405	|3722	|3633	|5404	|4362	|3782	|5468	|5337	|7346	|5276	|3954	|6074	|5519	|4278	|5362	|5400	|6403	|5594	|5360	|4562	|5357	|5240	|6716	|32299	|6304	|6104	|6043	|6148	|
________________________________________________________
69	|1443	|1200	|539	|1067	|946	|1158	|773	|5954	|721	|832	|464	|1144	|1015	|0	|1130	|1250	|7444	|5749	|4098	|6769	|5907	|0	|5628	|5508	|5674	|3688	|4521	|5784	|5029	|4596	|5657	|5761	|6316	|5737	|8311	|4968	|5652	|5545	|7031	|5866	|5118	|0	|6487	|6421	|5778	|4004	|3383	|5608	|4482	|3957	|5954	|5609	|7832	|5636	|4117	|6320	|5931	|4742	|5759	|5671	|5772	|5192	|6529	|3045	|5564	|5530	|7338	|6304	|34050	|6589	|6413	|6379	|
________________________________________________________
70	|974	|1164	|657	|1096	|0	|1143	|880	|1110	|640	|1290	|955	|1131	|971	|782	|5922	|1033	|7399	|5563	|4039	|6774	|5757	|5045	|5582	|5529	|5681	|3665	|4114	|5616	|4759	|0	|5654	|5684	|6353	|5618	|5695	|7661	|5640	|5567	|6886	|5753	|0	|4810	|6505	|6465	|5507	|3964	|4341	|5770	|4494	|4876	|5628	|5560	|7653	|5665	|3976	|6433	|5922	|4177	|5607	|5697	|5745	|4998	|6431	|5691	|5702	|5605	|7050	|6104	|6589	|33962	|6601	|6461	|
________________________________________________________
71	|1088	|1302	|581	|992	|1101	|1057	|809	|1130	|807	|913	|667	|1318	|629	|1115	|1017	|5956	|7235	|5489	|3938	|6824	|5788	|4528	|5706	|5435	|5656	|3592	|3986	|5394	|4638	|0	|5522	|5484	|6207	|5635	|6492	|5717	|7064	|4738	|6778	|5591	|6509	|6306	|4789	|0	|5550	|3814	|3679	|5607	|4422	|4325	|5573	|5450	|7598	|5652	|3738	|6367	|5796	|4263	|5956	|5434	|5571	|4932	|5570	|4632	|6442	|3774	|7073	|6043	|6413	|6601	|33388	|6466	|
________________________________________________________
72	|1072	|1180	|574	|930	|1188	|1029	|860	|1089	|544	|945	|844	|1239	|0	|1117	|1210	|1160	|7259	|5511	|4107	|6607	|5847	|4609	|5582	|5496	|5638	|3602	|4079	|5607	|5005	|4502	|5436	|5308	|6168	|5492	|6428	|5649	|4729	|7240	|6715	|5541	|6638	|6282	|0	|4770	|5581	|3862	|3787	|5429	|4470	|4344	|5423	|5373	|7537	|5553	|4386	|6095	|5729	|4856	|5537	|5515	|5568	|5133	|5635	|4744	|6345	|6305	|7106	|6148	|6379	|6461	|6466	|33448	|
________________________________________________________
