0	|1	|2	|3	|4	|5	|6	|7	|8	|9	|10	|11	|12	|13	|14	|15	|16	|17	|18	|19	|20	|21	|22	|23	|24	|25	|26	|27	|28	|29	|30	|31	|32	|33	|34	|35	|36	|37	|38	|39	|40	|41	|42	|43	|44	|45	|46	|47	|48	|49	|50	|51	|52	|53	|54	|55	|56	|57	|58	|59	|60	|61	|62	|63	|64	|65	|66	|67	|68	|69	|70	|71	|72	|
1	|100	|3,93	|1,44	|3,32	|3,44	|2,73	|2,3	|3,99	|3,59	|3,44	|0	|3,44	|2,55	|2	|2,64	|3,32	|24,76	|100	|12,01	|20,12	|21,47	|14,01	|18,96	|18,77	|20,52	|15,88	|14,5	|16,87	|16,19	|10,81	|15,76	|16,96	|22,43	|16,99	|100	|18,96	|18	|18,46	|20,4	|13,49	|17,48	|11,92	|15,33	|16,77	|0	|8,39	|0	|20,03	|16,07	|12,53	|18,59	|19,48	|18,59	|19,97	|15,45	|15,88	|16,93	|13,67	|16,5	|16,44	|22,89	|18,19	|15,02	|0	|18,16	|19,08	|19,35	|15,67	|21,17	|15,36	|15,67	|16,28	|
________________________________________________________
2	|3,45	|100	|1,78	|2,72	|3,21	|3,34	|0	|3,53	|1,59	|3,94	|2,72	|5,15	|1,73	|2,72	|2,37	|3,26	|25,7	|16,56	|12,54	|100	|18,66	|14,7	|18,26	|18,64	|17,8	|9,6	|14,27	|19,31	|10,95	|11,06	|17,13	|17,34	|18,96	|100	|20,39	|21,39	|19,07	|18,12	|19,77	|16,56	|17,02	|15,43	|16,75	|15,4	|20,09	|12,89	|0	|13,86	|0	|13,86	|18,45	|18,45	|23,87	|17,53	|12,43	|22,46	|14,51	|12,57	|16,83	|16,72	|0	|13,89	|19,55	|17,15	|19,31	|19,31	|16,37	|19,61	|16,45	|16,1	|16,05	|18,1	|
________________________________________________________
3	|2,7	|3,79	|100	|2,29	|3,38	|4,02	|3,21	|3,33	|3,33	|3,79	|3,5	|3,27	|2,64	|3,33	|4,13	|2,98	|0	|13,25	|0	|25,82	|20,25	|14,63	|19,62	|17,96	|12,74	|15,09	|12,05	|17,5	|15,78	|11,02	|16,7	|17,44	|0	|14,8	|22,38	|20,37	|20,02	|18,65	|13,2	|19,62	|18,36	|17,67	|17,04	|15,43	|21,8	|100	|10,44	|17,33	|16,12	|12,34	|19,74	|20,2	|16,92	|22,72	|13,48	|17,15	|18,13	|12,68	|15,89	|16,64	|19,28	|100	|17,9	|18,76	|19,74	|20,31	|14,4	|19,85	|15,95	|18,53	|17,67	|14,8	|
________________________________________________________
4	|3,87	|3,62	|1,43	|100	|0	|2,83	|2,87	|5,05	|2,51	|0	|2,44	|4,76	|1,72	|1,79	|4,08	|3,62	|27,51	|20,42	|0	|17,41	|0	|15,19	|19,16	|18,52	|16,94	|11,46	|14,65	|21,1	|12,29	|11,35	|15,9	|16,98	|21,88	|19,13	|17,51	|0	|17,98	|19,66	|18,41	|14,33	|21,85	|13,83	|16,83	|17,37	|18,98	|12,03	|11,43	|100	|16,8	|14,61	|19,95	|19,7	|22,31	|15,47	|14,83	|22,64	|19,99	|18,05	|16,08	|17,16	|22,42	|15,54	|100	|15,97	|19,09	|20,06	|18,73	|16,55	|19,31	|19,66	|16,15	|16,51	|
________________________________________________________
5	|3,71	|3,95	|1,96	|0	|100	|2,55	|1,86	|3,38	|2,79	|2,99	|1,86	|3,22	|3,81	|2,95	|0	|3,85	|23,48	|17,94	|14,39	|22,69	|100	|10,98	|17,61	|20,93	|17,38	|10,68	|17,51	|17,81	|16,12	|13,76	|17,48	|16,92	|17,05	|16,32	|20,83	|19,4	|16,19	|15,72	|22,06	|14,96	|100	|17,78	|19,54	|18,34	|18,08	|13,03	|13,57	|0	|10,22	|0	|19,4	|20,2	|22,55	|16,29	|12,77	|17,74	|21,66	|15,32	|16,25	|16,02	|15,22	|15,66	|21,72	|12,67	|15,92	|15,49	|21,59	|17,45	|15,06	|0	|18,61	|18,28	|
________________________________________________________
6	|3,35	|4,67	|2,63	|2,97	|2,9	|100	|2,33	|2,78	|2,14	|3,99	|2,29	|3,57	|2,33	|4,25	|3,27	|3,88	|24,72	|19,75	|12,53	|22,61	|18,62	|12,68	|100	|18,32	|16,33	|9,89	|11,55	|17,64	|12,53	|11,59	|19,26	|12,45	|11,74	|18,4	|16,89	|19,6	|18,13	|15,46	|19,94	|100	|16,63	|19,98	|19,15	|18,1	|18,17	|12,6	|13,21	|18,59	|15,69	|0	|13,43	|0	|22,57	|16,7	|11,17	|20,81	|17,16	|12,53	|20,43	|14,26	|13,02	|20,96	|16,22	|17,64	|16,06	|16,48	|0	|12,75	|19,49	|20,73	|18,55	|19,41	|
________________________________________________________
7	|3,5	|0	|2,61	|3,73	|2,61	|2,89	|100	|2,38	|1,96	|2,66	|2,28	|2,05	|4,62	|3,78	|4,34	|2,98	|26,11	|18,18	|14,78	|0	|13,33	|0	|22	|19,53	|17,95	|11	|12,68	|13,05	|19,63	|12,49	|17,67	|18,14	|15,15	|22	|18,97	|17,44	|17,58	|15,62	|0	|12,45	|21,63	|20,56	|19,72	|18,83	|19,16	|12,07	|14,17	|20,7	|100	|9,93	|16,69	|19,3	|23,08	|17,2	|11,89	|12,96	|20	|13,85	|16,64	|17,11	|20,28	|17,3	|16,04	|15,2	|16,22	|16,27	|22,61	|100	|17,2	|20,56	|19,35	|18	|
________________________________________________________
8	|4,35	|4,38	|1,94	|4,72	|3,41	|2,48	|1,71	|100	|1,94	|2,61	|1,84	|2,98	|2,98	|0	|3,08	|4,25	|24,02	|18,74	|13,92	|23,79	|20,24	|0	|12,48	|0	|16,23	|10,04	|13,15	|17,03	|14,25	|13,05	|22,21	|13,58	|20,81	|15,79	|24,59	|14,79	|15,36	|17,3	|22,88	|16,23	|14,75	|0	|17,87	|17,8	|19,47	|13,05	|11,71	|19,54	|13,48	|11,84	|100	|20,31	|22,28	|16,76	|12,55	|18,43	|17	|14,92	|19,37	|19,54	|19,84	|13,72	|20,11	|9,4	|14,89	|16,79	|22,55	|15,66	|100	|18,1	|18,7	|17,87	|
________________________________________________________
9	|6,08	|3,06	|3,01	|3,64	|4,36	|2,96	|2,18	|3,01	|100	|2,23	|1,66	|3,74	|3,58	|2,39	|2,96	|4,94	|18,08	|22,39	|11,32	|18,49	|18,81	|12,42	|17,04	|17,14	|22,6	|100	|12,26	|15,69	|18,18	|11,69	|19,64	|19,95	|20,36	|19,12	|22,03	|17,04	|100	|16,94	|18,86	|16,1	|19,17	|13,3	|19,9	|12,73	|11,38	|16,83	|13,19	|17,66	|14,86	|11,43	|16,47	|16,88	|0	|10,65	|0	|23,58	|20,21	|13,87	|18,39	|19,64	|19,58	|17,87	|20,73	|17,3	|15,06	|0	|18,55	|15,64	|18,55	|17,04	|21,3	|14,44	|
________________________________________________________
10	|3,86	|5,03	|2,28	|0	|3,1	|3,65	|1,96	|2,69	|1,48	|100	|2,86	|3,45	|2,76	|3,72	|0	|3,52	|20,41	|15,99	|15,68	|22,37	|20,03	|17,41	|16,27	|15,65	|18,99	|10,24	|11,24	|100	|18,34	|13,48	|20,03	|17,89	|21,51	|18,68	|22,06	|100	|16,93	|21,68	|18,34	|14,65	|19,86	|17,86	|17,17	|17,65	|15,58	|11,51	|13,79	|20,1	|11,03	|10,58	|16,06	|14,96	|27,61	|20,72	|0	|14,44	|0	|14,48	|17,82	|18,41	|18,34	|16,48	|0	|11,86	|20,79	|21,96	|19,17	|14,96	|15,79	|22,23	|15,27	|16,48	|
________________________________________________________
11	|0	|4,38	|2,65	|2,95	|2,43	|2,65	|2,13	|2,39	|1,39	|3,6	|100	|3,34	|2,6	|3,78	|4,17	|3,86	|19,62	|18,71	|16,97	|20,36	|16,54	|14,37	|16,1	|16,71	|0	|6,9	|0	|19,79	|16,36	|12,59	|18,75	|19,1	|22,44	|19,14	|0	|14,76	|20,96	|20,83	|17,53	|15,28	|15,02	|22,31	|15,32	|18,14	|20,1	|13,5	|15,15	|16,28	|12,54	|11,02	|17,06	|15,23	|25,04	|100	|12,59	|18,66	|20,53	|13,8	|19,7	|16,8	|18,75	|15,67	|18,84	|100	|17,23	|19,44	|18,32	|16,41	|11,85	|20,83	|15,06	|19,18	|
________________________________________________________
12	|3,27	|5,58	|1,67	|3,89	|2,83	|2,78	|1,29	|2,6	|2,1	|2,92	|2,25	|100	|0	|3,07	|3,74	|3,95	|23,03	|15,84	|14,26	|23,87	|14,52	|13,97	|17,36	|16,92	|20,05	|11,4	|0	|12,97	|0	|13,59	|19,61	|18,67	|20,37	|18,79	|21,51	|21,27	|14,99	|0	|16,72	|14,58	|16,8	|15,08	|20,43	|15,78	|18,38	|10,87	|12,27	|20,28	|9,32	|11,48	|16,45	|16,98	|26,42	|17,18	|11,25	|100	|21,89	|15,31	|18,61	|18,88	|18,15	|16,69	|19,49	|15,78	|100	|17,83	|19,23	|14,82	|16,22	|16,28	|18,12	|18,67	|
________________________________________________________
13	|3,44	|2,65	|1,9	|1,99	|4,76	|2,57	|4,1	|3,69	|2,86	|3,31	|2,48	|0	|100	|2,15	|2,24	|3,35	|21,04	|16,6	|12,01	|15,07	|20,54	|12,26	|15,9	|17,97	|17,39	|12,17	|13,95	|20,41	|100	|10,14	|15,94	|20,46	|18,3	|16,27	|19,88	|17,35	|20,08	|18,51	|18,92	|17,14	|21,37	|15,94	|100	|20,46	|15,94	|11,35	|11,47	|12,55	|19,05	|11,97	|17,02	|18,05	|24,35	|18,88	|13,95	|0	|12,17	|0	|21,95	|20,46	|17,47	|13,91	|17,85	|14,08	|21,57	|12,96	|20,54	|18,59	|21,28	|20,95	|13,71	|0	|
________________________________________________________
14	|2,39	|3,71	|2,13	|1,84	|3,27	|4,16	|2,98	|0	|1,69	|3,97	|3,2	|3,86	|1,91	|100	|3,13	|2,76	|20,3	|16,26	|12,76	|20,71	|17,98	|14,75	|19,49	|20,12	|19,05	|12,17	|12,54	|20,12	|14,09	|11,66	|100	|21,52	|17,07	|16,04	|13,5	|19,68	|15,45	|17,73	|21,11	|16	|19,64	|100	|15,92	|20,49	|16,55	|11,84	|12,36	|16,59	|13,17	|13,39	|20,96	|12,87	|24,09	|18,21	|14,2	|21,92	|20,08	|0	|13,13	|0	|17,1	|14,53	|13,39	|19,71	|16,51	|19,35	|20,67	|18,09	|0	|15,7	|18,46	|20,74	|
________________________________________________________
15	|2,95	|3,02	|2,47	|3,91	|0	|2,98	|3,19	|3,15	|1,95	|0	|3,29	|4,39	|1,85	|2,91	|100	|2,78	|23,06	|15,97	|11,93	|18,13	|19,26	|15,56	|16,18	|16,48	|18,68	|11,99	|14,36	|0	|9,94	|0	|19,05	|21,49	|17,03	|16,18	|17,79	|24,09	|16,42	|14,87	|20,01	|16,31	|0	|13,43	|19,29	|20,63	|16,9	|11,24	|16,66	|19,53	|16,38	|14,32	|15,73	|16,76	|25,53	|18,68	|13,43	|22,14	|100	|13,16	|16,83	|20,73	|15,76	|14,26	|18,54	|16,31	|16,9	|16,52	|21,83	|18,44	|20,73	|100	|17,2	|21,14	|
________________________________________________________
16	|3,58	|4,01	|1,72	|3,35	|3,85	|3,42	|2,12	|4,21	|3,15	|3,38	|2,95	|4,48	|2,69	|2,49	|2,69	|100	|21,65	|16,88	|12,27	|20,99	|17,18	|13,46	|21,32	|14,52	|19,26	|12,96	|12,7	|19,36	|18,17	|0	|12,77	|0	|18,44	|17,27	|21,35	|17,97	|23,18	|13,79	|20,56	|16,01	|21,42	|19,4	|13,76	|0	|17,31	|11,14	|11,37	|18,24	|13,99	|11,7	|19	|11,31	|26,23	|19,33	|12,47	|21,68	|17,54	|12,43	|100	|20,16	|16,45	|15,35	|16,31	|12,7	|19,4	|10,81	|20,23	|17,71	|20,56	|18,07	|100	|18,24	|
________________________________________________________
17	|3,65	|4,32	|0	|3,48	|3,21	|2,98	|2,54	|3,25	|1,58	|2,68	|2,05	|3,57	|2,3	|2,5	|3,05	|2,96	|100	|18,42	|13,74	|23,2	|19,11	|13,89	|18,99	|18,64	|18,29	|8,21	|11,67	|16,63	|14,56	|11,09	|16,56	|16,77	|18,4	|16,78	|19,59	|16,91	|16,37	|16,23	|17,98	|14,44	|16,88	|15,88	|16,73	|16,67	|14,32	|0	|13,46	|19,17	|15,07	|13,1	|18,7	|18,59	|24,75	|14,74	|12,66	|18,78	|16,91	|12,15	|16,61	|16,66	|16,79	|15,1	|16,55	|13,92	|16,72	|16,52	|18,75	|16,27	|17,38	|17,08	|16,33	|16,29	|
________________________________________________________
18	|19,77	|3,73	|1,4	|3,46	|3,29	|3,19	|2,37	|3,4	|2,62	|2,82	|2,62	|3,29	|2,44	|2,68	|2,83	|3,09	|24,7	|100	|11,95	|23,02	|19,58	|14,03	|18,85	|18,47	|20,03	|14,38	|11,93	|16,81	|14,54	|11,05	|16,64	|16,78	|18,68	|16,66	|19,77	|17,01	|16,64	|16,34	|17,78	|15,19	|16,86	|15,53	|16,67	|16,77	|0	|9,03	|0	|18,88	|14,86	|12,76	|18,63	|19,09	|19,07	|19,95	|12,12	|18,47	|16,84	|12,63	|17,06	|16,36	|17,39	|15,25	|16,53	|13,82	|16,91	|16,73	|18,07	|16,07	|17,19	|16,73	|15,99	|16,3	|
________________________________________________________
19	|3,19	|3,79	|0	|0	|3,54	|2,72	|2,59	|3,39	|1,78	|3,71	|3,19	|3,98	|2,37	|2,83	|2,84	|3,02	|24,75	|16,05	|100	|20,43	|20,98	|14,74	|18,69	|18,24	|17,95	|8,83	|14,02	|16,29	|14,8	|11,15	|16,59	|16,88	|21,94	|17,16	|19,16	|20,98	|18,22	|17,7	|20,27	|12,42	|16,96	|17,03	|16,2	|16,87	|20,19	|0	|10,34	|0	|16,2	|12,43	|18,42	|18,85	|24,35	|17,62	|13,62	|18,5	|16,22	|12,27	|16,57	|16,9	|20,31	|0	|0	|17,57	|18,77	|18,97	|20,93	|15,58	|16,73	|16,73	|16,25	|16,46	|
________________________________________________________
20	|3,25	|18,43	|2,24	|2,42	|3,4	|2,99	|0	|3,53	|1,77	|3,23	|2,33	|4,06	|1,81	|2,8	|2,63	|3,15	|25,46	|18,83	|12,45	|100	|19,33	|14,52	|18,49	|18,41	|16,66	|11,01	|11,12	|19,03	|11,6	|11,27	|17,11	|16,92	|18,06	|18,43	|18,9	|17,68	|16,99	|16,85	|17,66	|14,73	|17,07	|16,3	|16,75	|16,42	|18,79	|13,27	|0	|14,37	|0	|13,68	|18,33	|18,98	|22,66	|17,23	|12,11	|21,9	|14,95	|13,08	|16,69	|16,44	|15,94	|15,03	|16,36	|14,17	|17,12	|16,85	|18,83	|15,55	|17,1	|16,89	|16,03	|16,7	|
________________________________________________________
21	|4,06	|4,02	|2,05	|0	|17,5	|2,87	|1,66	|3,51	|2,1	|3,37	|2,21	|2,88	|2,88	|2,84	|3,26	|3,01	|24,49	|18,7	|14,93	|22,57	|100	|12,17	|18,3	|18,77	|16,77	|10,73	|13,14	|18,91	|17,06	|11,11	|16,95	|16,7	|17,69	|16,2	|18,98	|17,32	|16,37	|16,23	|17,93	|15,11	|17,5	|16,05	|16,96	|16,75	|18,53	|12,95	|13,38	|0	|10,46	|0	|18,8	|19,54	|22,24	|16,7	|12,08	|15,73	|20,43	|12,35	|16,63	|16,77	|16,09	|14,62	|16,67	|14,28	|16,46	|16,46	|18,73	|15,59	|17,19	|16,61	|16,61	|16,22	|
________________________________________________________
22	|3,67	|4,38	|2,05	|3,41	|2,66	|2,71	|0	|0	|1,92	|4,06	|2,66	|3,84	|2,38	|3,22	|3,65	|3,26	|24,67	|18,57	|14,54	|23,49	|16,86	|100	|17,37	|19,97	|16,18	|10,63	|12,1	|18,34	|13,12	|13,2	|16,55	|17,44	|18,13	|16,73	|17,5	|19,14	|17,01	|16,68	|22,02	|15,08	|16,68	|19,03	|18,84	|18,66	|18,4	|13,17	|12,71	|20,18	|0	|10,23	|0	|20,42	|22,72	|17,49	|11,95	|20,43	|17,34	|13,66	|16,42	|17,03	|17,1	|15,28	|16,65	|15,75	|16,75	|16,19	|22,46	|0	|0	|20,34	|18	|17,97	|
________________________________________________________
23	|3,74	|4,11	|2,07	|3,24	|3,22	|16,12	|2,86	|2,26	|1,99	|2,86	|2,25	|3,6	|2,33	|3,21	|2,86	|3,9	|25,43	|18,82	|13,9	|22,56	|19,13	|13,1	|100	|19,19	|16,49	|10,49	|11,66	|16,76	|14,43	|9,53	|19,44	|12,32	|18,08	|16,21	|19,5	|17,27	|16,87	|16,03	|17,24	|16,12	|17,59	|16,4	|17,2	|17,1	|18,66	|12,93	|12,32	|19,04	|15,33	|0	|12,95	|0	|22,54	|16,86	|12,09	|18,88	|17,1	|12,03	|20,9	|14,26	|16,66	|15,37	|16,22	|14,29	|16,74	|16,78	|18,32	|15,73	|16,48	|16,94	|16,88	|16,61	|
________________________________________________________
24	|3,72	|4,21	|1,91	|3,15	|3,85	|2,97	|2,55	|0	|2,01	|2,77	|2,35	|3,53	|2,65	|3,33	|2,93	|2,67	|25,09	|18,54	|13,63	|22,58	|19,71	|15,14	|19,29	|100	|16,74	|10,87	|12	|16,58	|14,57	|12,46	|19,28	|18,99	|18,43	|16,41	|19,44	|16,89	|17	|16,12	|17,14	|14,13	|17,19	|16,15	|16,44	|16,42	|18,81	|12,56	|12,18	|18,4	|14,89	|13,75	|0	|8,17	|22,76	|16,79	|12,37	|18,68	|17,18	|11,85	|14,72	|21,71	|16,71	|15,55	|16,45	|14,02	|16,91	|16,36	|18,15	|16,14	|16,7	|16,71	|15,93	|16,26	|
________________________________________________________
25	|4,01	|3,97	|1,33	|2,84	|3,15	|2,61	|2,31	|2,92	|2,61	|3,31	|0	|4,12	|2,52	|3,11	|3,28	|3,49	|24,27	|19,82	|13,23	|20,15	|17,37	|12,09	|16,34	|16,5	|100	|14,84	|14,55	|19,09	|16,44	|12,33	|19,05	|19,14	|18,69	|16,72	|19,73	|16,92	|15,93	|16,64	|17,56	|14,58	|16,88	|15,83	|16,4	|16,5	|19,53	|9,12	|10,7	|16,46	|13,79	|11,5	|16,9	|16,77	|18,95	|0	|14,55	|21,03	|19,25	|14,4	|19,37	|19,07	|16,53	|14,45	|16,74	|14,46	|16,79	|16,38	|18,61	|15,65	|16,88	|16,7	|16,26	|16,72	|
________________________________________________________
26	|4,83	|3,32	|2,46	|2,99	|3,01	|2,46	|2,2	|2,8	|17,98	|2,77	|1,49	|3,64	|2,75	|3,09	|3,27	|3,65	|16,92	|22,11	|10,11	|20,69	|17,27	|12,35	|16,15	|16,65	|23,06	|100	|12,38	|18,35	|16,37	|12,53	|19,59	|19,31	|18	|17,34	|19,68	|16,7	|17,98	|16,16	|18,27	|15,08	|17,32	|15,58	|17,29	|17,03	|11,28	|17,02	|10,87	|16,62	|12,9	|11,24	|16,34	|17,19	|0	|11	|0	|21,57	|19,34	|13,75	|18,54	|19,11	|16,59	|15,05	|16,82	|14,36	|16,46	|16,21	|18,58	|15,8	|17,13	|16,87	|16,63	|16,36	|
________________________________________________________
27	|3,97	|4,45	|1,77	|3,44	|4,45	|2,58	|2,29	|3,31	|1,99	|2,74	|0	|0	|2,84	|2,87	|3,53	|3,22	|21,7	|16,54	|14,47	|18,83	|19,07	|12,67	|16,19	|16,58	|20,38	|11,16	|100	|16,79	|17,61	|13,19	|18,24	|18,26	|21,03	|19,07	|22,84	|16,2	|16,97	|20,92	|18,35	|13,96	|19,44	|14,42	|16,36	|17,15	|16,49	|11,21	|12,78	|16,83	|15,23	|11,05	|16,25	|16,66	|27,54	|0	|10,06	|0	|20,06	|14,08	|17,87	|18,51	|18,51	|16,6	|21,02	|0	|0	|20,91	|18,76	|15,89	|18,67	|17,22	|16,17	|17,15	|
________________________________________________________
28	|3,28	|4,28	|1,82	|3,52	|3,21	|2,81	|1,68	|3,04	|1,81	|17,35	|2,73	|2,66	|2,95	|3,27	|0	|3,49	|21,97	|16,55	|11,95	|22,91	|19,5	|13,65	|16,53	|16,27	|19	|11,76	|11,93	|100	|18,32	|13,42	|18,7	|19,07	|18,53	|16,91	|19,28	|17,35	|16,55	|16,81	|18,17	|14,91	|17,24	|15,67	|16,74	|16,95	|16,37	|12,02	|10,93	|20,61	|10,42	|11,22	|16,22	|16,15	|25,11	|19,12	|0	|15,28	|0	|14,67	|18,89	|18,7	|16,8	|14,81	|17,03	|13,79	|16,54	|17,26	|18,47	|15,85	|17,59	|16,82	|16	|16,58	|
________________________________________________________
29	|3,62	|2,79	|1,89	|2,36	|3,34	|2,29	|2,89	|2,93	|2,4	|3,66	|2,59	|0	|16,59	|2,63	|1,99	|3,77	|22,09	|16,44	|12,47	|16,04	|20,2	|11,21	|16,35	|16,43	|18,8	|12,04	|14,37	|21,04	|100	|10,95	|19,24	|19,75	|18,45	|16,48	|20,19	|16,7	|16,61	|16,29	|18,08	|14,89	|17,18	|16,11	|16,59	|17,29	|16,24	|11,25	|12,22	|13,21	|17,99	|10,96	|16,7	|16,71	|24,94	|18,9	|14,13	|0	|11,56	|0	|19,33	|19,54	|16,41	|14,33	|17,71	|13,22	|16,1	|15,91	|18,65	|15,75	|17,19	|16,76	|16,24	|16,88	|
________________________________________________________
30	|3,2	|3,73	|1,75	|2,88	|3,77	|2,8	|2,44	|3,55	|2,05	|3,55	|2,64	|4,23	|2,23	|2,88	|0	|0	|22,26	|16,54	|12,43	|20,61	|17,41	|14,92	|14,28	|18,58	|18,65	|12,2	|14,24	|20,4	|14,49	|100	|17,37	|19,69	|18,26	|16,87	|20,15	|17,08	|14,89	|19,37	|19,29	|16,69	|20,83	|16,27	|16,72	|19,64	|16,67	|11,68	|11,13	|16,14	|13,16	|13,17	|16,2	|18,93	|25,76	|18,73	|14,12	|22,77	|0	|10,6	|0	|19,75	|17,15	|14,53	|16,85	|14,26	|15,79	|18,5	|20,57	|17,94	|20,36	|0	|0	|19,89	|
________________________________________________________
31	|3,07	|3,79	|1,74	|2,65	|3,15	|3,06	|2,26	|3,97	|2,26	|3,47	|2,58	|4,01	|2,3	|16,25	|3,32	|2,3	|21,85	|16,37	|12,15	|20,58	|17,45	|12,3	|19,15	|18,9	|18,94	|12,53	|12,94	|18,68	|16,73	|11,42	|100	|21,62	|18,03	|16,64	|19,07	|17,37	|17,12	|16,09	|17,92	|14,73	|17,52	|16,25	|16,73	|16,17	|16,4	|11,76	|10,97	|16,27	|13,37	|11,13	|21,77	|14,41	|25,96	|18,67	|13,91	|21,3	|19,15	|0	|12,33	|0	|16,94	|15,04	|15,91	|14,19	|16,5	|16,15	|17,81	|16,05	|16,7	|16,92	|16,65	|16,57	|
________________________________________________________
32	|3,29	|3,84	|1,81	|2,83	|3,04	|1,98	|2,32	|2,42	|2,29	|3,1	|2,63	|3,81	|2,95	|3,49	|3,74	|0	|22,1	|16,49	|12,35	|20,31	|17,17	|12,94	|12,13	|18,6	|19,01	|12,34	|12,94	|19,02	|17,15	|12,93	|21,59	|100	|18,23	|17,28	|19,02	|16,82	|17,49	|16,1	|17,61	|14,53	|17,23	|15,87	|16,47	|16,67	|16,42	|11,48	|10,53	|16,45	|12,85	|12,66	|13,92	|22,1	|25,23	|19,06	|13,43	|20,65	|19,8	|14,98	|0	|8,86	|16,59	|15,09	|16,79	|13,85	|16,22	|16,32	|18,03	|15,54	|16,83	|17,51	|16,28	|16,02	|
________________________________________________________
33	|3,98	|3,83	|0	|3,33	|2,8	|1,7	|1,77	|3,39	|2,13	|3,4	|2,82	|3,8	|2,41	|2,53	|2,71	|3,03	|22,13	|16,75	|14,65	|19,8	|16,6	|12,28	|16,24	|16,46	|16,93	|10,5	|13,6	|16,87	|14,62	|10,94	|16,43	|16,64	|100	|18,23	|21,83	|19,14	|19,09	|18,64	|20,82	|10,12	|17,62	|15,69	|17,01	|16,7	|16,76	|11,67	|13,63	|16,51	|13,04	|12,88	|16,57	|16,64	|22,43	|16,6	|13,1	|18,78	|16,16	|12,3	|16,91	|16,99	|15,25	|0	|18,98	|15,68	|18,84	|18,53	|23,3	|13,72	|17,32	|16,85	|16,45	|16,04	|
________________________________________________________
34	|3,3	|22,1	|1,54	|3,18	|2,93	|2,91	|2,81	|2,81	|2,19	|3,23	|2,63	|3,83	|2,34	|2,6	|2,81	|3,1	|22,08	|16,34	|12,54	|22,1	|16,63	|12,4	|15,93	|16,04	|16,58	|11,07	|13,5	|16,84	|14,3	|11,05	|16,6	|17,25	|19,94	|100	|22,09	|19,37	|19,16	|18,79	|19,82	|16,79	|17,58	|15,79	|16,53	|16,82	|16,2	|11,36	|0	|16,47	|12,6	|11,38	|16,5	|16,3	|22,18	|16,86	|13,3	|19,04	|16,79	|12,07	|16,82	|16,7	|0	|13,41	|18,85	|15,8	|18,54	|19,16	|16,32	|20,87	|16,91	|16,37	|16,29	|16,9	|
________________________________________________________
35	|16,85	|3,91	|2,02	|2,53	|3,25	|2,32	|2,11	|3,81	|2,2	|3,31	|0	|3,81	|2,49	|1,9	|2,69	|3,33	|22,39	|16,85	|12,17	|19,69	|16,94	|11,27	|16,65	|16,51	|16,99	|10,91	|14,05	|16,69	|15,22	|11,47	|16,53	|16,5	|20,76	|19,19	|100	|19,19	|18,85	|18,63	|18,21	|14,86	|18,86	|11,76	|16,45	|16,74	|16,25	|11,41	|0	|16,89	|13,58	|11,54	|17	|16,62	|22,34	|16,94	|15,07	|17,53	|17,07	|13,52	|16,86	|16,96	|19,32	|17,54	|15,14	|0	|18,74	|18,61	|18,6	|16,14	|21,09	|14,5	|15,91	|16,04	|
________________________________________________________
36	|3,6	|4,63	|2,07	|0	|3,42	|3,04	|2,18	|2,58	|1,92	|16,95	|1,99	|4,25	|2,45	|3,13	|4,11	|3,17	|21,81	|16,36	|15,02	|20,78	|17,44	|13,9	|16,64	|16,18	|16,44	|10,44	|11,24	|16,95	|14,2	|10,98	|16,98	|16,47	|20,53	|18,98	|21,65	|100	|19,32	|19,1	|17,82	|14,82	|19,32	|18,4	|16,78	|16,72	|16,71	|11,11	|13,73	|16,99	|12,92	|11,41	|16,81	|16,46	|22,75	|16,64	|0	|18,86	|17,11	|12,28	|16,95	|16,88	|18,19	|17,05	|0	|12,16	|19,79	|19,08	|18,65	|15,53	|14,64	|22,1	|16,34	|16,37	|
________________________________________________________
37	|3,5	|4,22	|2,08	|3	|2,91	|2,88	|2,25	|2,74	|11,49	|2,93	|2,88	|3,06	|2,9	|2,51	|2,86	|4,17	|21,59	|16,36	|13,34	|20,42	|16,84	|12,63	|16,61	|16,65	|15,82	|11,49	|12,03	|16,52	|14,43	|9,78	|17,11	|17,5	|20,93	|19,2	|21,74	|19,75	|100	|18,35	|18,16	|14,98	|16,77	|16,33	|19,2	|11,75	|16,64	|11,92	|12,19	|17,06	|12,93	|11,76	|16,16	|16,67	|22,13	|17,1	|0	|19,19	|16,93	|12,5	|17,29	|16,87	|19,05	|17,24	|18,53	|16,35	|15,22	|0	|18,46	|16,27	|16,73	|16,82	|21,09	|13,71	|
________________________________________________________
38	|3,64	|4,07	|1,97	|3,33	|2,87	|2,49	|2,03	|3,13	|1,98	|3,81	|2,91	|0	|2,71	|2,92	|2,63	|2,52	|21,72	|16,3	|13,15	|20,55	|16,95	|12,57	|16,02	|16,02	|16,78	|10,48	|15,06	|17,03	|14,37	|12,91	|16,32	|16,35	|20,74	|19,12	|21,81	|19,81	|18,62	|100	|17,71	|15,17	|17,1	|16,25	|19,35	|19,5	|16,15	|11,63	|11,99	|17,05	|12,82	|11,13	|16,82	|16,31	|22,59	|16,39	|14,14	|18,03	|16,25	|12,01	|16,73	|16,68	|19,23	|17,45	|18,55	|15,93	|0	|15,04	|18,61	|16,32	|16,87	|16,52	|13,58	|21,24	|
________________________________________________________
39	|3,71	|4,1	|1,28	|2,87	|3,72	|2,96	|0	|3,82	|2,03	|2,97	|2,26	|3,2	|2,55	|3,21	|3,26	|3,46	|22,19	|16,35	|13,89	|19,86	|17,26	|15,3	|15,88	|15,7	|16,32	|10,93	|12,18	|16,97	|14,7	|11,86	|16,75	|16,49	|21,35	|18,58	|19,65	|17,05	|16,99	|16,32	|100	|16,05	|19,04	|18,19	|18,48	|19,17	|16,51	|11,63	|11,09	|16,79	|13,24	|14,17	|16,54	|15,93	|22,73	|16,24	|11,78	|18,6	|17,23	|14,08	|17,39	|15,9	|22,06	|11,82	|16,55	|13,9	|16,43	|16,47	|17,68	|0	|19,42	|19,48	|18,43	|18,91	|
________________________________________________________
40	|2,96	|4,14	|2,31	|2,7	|3,04	|17,94	|1,8	|3,27	|2,09	|2,87	|2,38	|3,37	|2,79	|2,94	|3,21	|3,26	|21,52	|16,87	|10,28	|20,01	|17,57	|12,65	|17,94	|15,64	|16,37	|10,9	|11,19	|16,82	|14,62	|12,39	|16,63	|16,42	|12,54	|19,01	|19,37	|17,12	|16,93	|16,89	|19,38	|100	|19,36	|18,37	|18,8	|18,89	|16,84	|11,41	|10,72	|16,57	|13,31	|0	|16,2	|16,4	|22,39	|16,98	|11,94	|18,82	|16,83	|13,69	|16,73	|16,72	|13,2	|20,92	|16,65	|14,58	|16,96	|16,34	|0	|13,6	|19,46	|19,21	|18,54	|18,82	|
________________________________________________________
41	|3,34	|3,7	|1,88	|3,58	|17,69	|2,59	|2,72	|2,59	|2,16	|3,38	|2,03	|3,37	|3,03	|3,13	|0	|3,79	|21,86	|16,28	|12,2	|20,15	|17,69	|12,17	|17,01	|16,54	|16,48	|10,88	|13,54	|16,91	|14,67	|13,44	|17,2	|16,94	|18,98	|17,31	|21,37	|19,41	|16,48	|16,55	|19,99	|16,83	|100	|18,52	|19,13	|19,17	|16,79	|11,71	|11,06	|16,52	|13,36	|0	|16,93	|16,65	|22,87	|17,08	|12,05	|18,65	|17,43	|14,69	|16,93	|16,62	|16,58	|15,29	|21,25	|12,04	|16,41	|16,43	|20,63	|17,99	|14,57	|0	|18,78	|18,97	|
________________________________________________________
42	|2,41	|3,55	|1,91	|2,4	|3,33	|3,3	|2,74	|0	|1,59	|3,21	|3,19	|3,2	|2,39	|16,88	|2,43	|3,63	|21,77	|15,86	|12,96	|20,36	|17,16	|14,69	|16,79	|16,45	|16,34	|10,35	|10,63	|16,26	|14,55	|11,11	|16,88	|16,51	|17,87	|16,45	|14,1	|19,55	|16,97	|16,64	|20,21	|16,89	|19,59	|100	|19,03	|19,22	|16,34	|10,83	|12,2	|17,15	|13,03	|13,46	|16,11	|16,07	|22,36	|16,58	|12,16	|18,66	|16,1	|0	|16,99	|16,88	|16,22	|14,85	|13,68	|19,9	|16,91	|17,28	|21,09	|17,83	|0	|14,59	|18,8	|19,12	|
________________________________________________________
43	|3	|3,73	|1,78	|2,82	|3,54	|3,06	|2,54	|3,21	|2,3	|2,99	|2,12	|4,2	|14,51	|2,6	|3,38	|2,49	|22,2	|16,49	|11,94	|20,25	|17,56	|14,08	|17,05	|16,21	|16,39	|11,12	|11,68	|16,81	|14,51	|11,05	|16,82	|16,59	|18,77	|16,67	|19,1	|17,26	|19,33	|19,18	|19,87	|16,74	|19,6	|18,42	|100	|19,42	|16,42	|11,51	|10,79	|16,66	|13,65	|12,58	|16,6	|16,29	|22,47	|16,57	|12,13	|18,66	|16,95	|0	|16,8	|16,57	|17,04	|14,92	|16,26	|14,31	|21,32	|13,98	|21,04	|18,05	|18,74	|19,33	|14,02	|0	|
________________________________________________________
44	|3,27	|3,41	|1,61	|2,9	|3,31	|2,88	|2,42	|3,18	|1,47	|3,06	|2,5	|3,23	|2,95	|3,33	|3,6	|0	|22,02	|16,51	|12,37	|19,76	|17,26	|13,87	|16,86	|16,1	|16,42	|10,9	|12,18	|16,95	|15,05	|12,92	|16,18	|16,7	|18,34	|16,88	|19,34	|17,12	|11,76	|19,24	|20,52	|16,74	|19,54	|18,52	|19,33	|100	|16,49	|11,48	|10,91	|16,74	|13,42	|13,11	|16,51	|16,72	|22,25	|16,32	|13,15	|18,95	|17,06	|15,51	|16,43	|16,37	|16,74	|14,87	|16,88	|14,1	|14,04	|22,28	|21,08	|17,95	|18,96	|19,44	|0	|14,21	|
________________________________________________________
45	|0	|4,49	|2,29	|3,19	|3,28	|2,91	|2,48	|3,51	|1,32	|2,72	|2,79	|3,79	|2,32	|2,71	|2,97	|3,14	|19,05	|0	|14,92	|22,78	|19,24	|13,78	|18,54	|18,59	|19,57	|7,28	|11,8	|16,49	|14,24	|11,05	|16,53	|16,57	|18,54	|16,38	|18,91	|17,24	|16,79	|16,06	|17,81	|15,03	|17,25	|15,86	|16,47	|16,61	|100	|14,22	|13,33	|19,1	|15,36	|12,74	|18,87	|18,82	|25,89	|19,95	|13,13	|19,27	|17,25	|12,58	|16,51	|16,42	|16,97	|14,88	|16,11	|13,94	|16,25	|16,57	|18,81	|15,51	|17,52	|16,94	|16,63	|16,06	|
________________________________________________________
46	|2,38	|4,16	|15,18	|2,93	|3,42	|2,92	|2,26	|3,4	|2,82	|2,91	|2,71	|3,24	|2,39	|2,8	|2,86	|2,93	|0	|12,95	|0	|23,26	|19,43	|14,27	|18,57	|17,94	|13,22	|15,87	|11,6	|17,5	|14,26	|11,19	|17,14	|16,75	|18,67	|16,61	|19,19	|16,57	|17,39	|16,72	|18,13	|14,73	|17,39	|15,2	|16,68	|16,72	|20,56	|100	|11,18	|19,21	|14,79	|12,82	|18,89	|18,77	|17,19	|20,55	|11,12	|19,05	|16,91	|12,78	|16,32	|16,4	|16,87	|15,18	|17,39	|13,93	|17,26	|17,38	|18,74	|15,64	|16,91	|16,23	|16,75	|16,01	|
________________________________________________________
47	|0	|0	|1,64	|2,88	|3,69	|3,17	|2,74	|3,16	|2,29	|3,61	|3,15	|3,79	|2,5	|3,03	|4,39	|3,1	|26,84	|0	|11,45	|0	|20,82	|14,27	|18,34	|18,04	|16,07	|10,51	|13,7	|16,49	|16,05	|11,05	|16,57	|15,92	|22,6	|0	|0	|21,22	|18,43	|17,87	|17,92	|14,35	|17,03	|17,75	|16,21	|16,47	|19,97	|11,58	|100	|17,22	|16,3	|14,07	|18,49	|18,39	|22,82	|16,78	|13,62	|17,41	|18,61	|12,57	|16,71	|17,25	|20,71	|14,62	|16,07	|17,93	|18,6	|18,49	|18,34	|16,05	|15	|19,17	|16,38	|16,1	|
________________________________________________________
48	|3,9	|3,07	|1,81	|16,69	|0	|2,95	|2,65	|3,49	|2,03	|3,48	|2,24	|4,15	|1,81	|2,7	|3,41	|3,29	|25,3	|18,58	|0	|17,29	|0	|15	|18,76	|18,04	|16,37	|10,63	|11,95	|20,59	|11,49	|10,61	|16,27	|16,47	|18,12	|16,52	|19,5	|17,39	|17,08	|16,81	|17,96	|14,68	|16,84	|16,52	|16,58	|16,74	|18,95	|13,18	|11,4	|100	|15,98	|14,18	|18,73	|19,27	|22,64	|16,61	|11,63	|22,4	|20,71	|13,01	|17,08	|16,74	|17,05	|15,73	|16,69	|13,9	|17,21	|16,4	|18,48	|16,01	|15,92	|17,15	|16,19	|16,59	|
________________________________________________________
49	|3,93	|0	|2,11	|3,52	|2,31	|3,13	|16,1	|3,02	|2,15	|2,4	|2,17	|2,39	|3,45	|2,69	|3,59	|3,17	|24,97	|18,37	|14,91	|0	|13,53	|0	|18,97	|18,34	|17,22	|10,37	|13,58	|13,07	|19,65	|10,87	|16,8	|16,16	|17,97	|15,87	|19,69	|16,6	|16,25	|15,87	|17,79	|14,8	|17,09	|15,75	|17,05	|16,84	|19,13	|12,74	|13,56	|20,07	|100	|10,96	|18,75	|18,65	|22,53	|16,53	|12,25	|14,42	|20,38	|11,23	|17,43	|16,45	|16,57	|14,95	|16,64	|13,8	|16,33	|16,37	|18,82	|16,1	|17,16	|16,8	|16,87	|16,06	|
________________________________________________________
50	|3,56	|4,49	|1,88	|3,56	|0	|0	|1,86	|3,09	|1,92	|2,68	|2,22	|3,43	|2,52	|3,18	|3,65	|3,08	|25,25	|18,33	|13,3	|24,03	|0	|11,1	|0	|19,68	|16,7	|10,51	|11,46	|16,37	|13,92	|12,65	|16,25	|18,51	|20,64	|16,67	|19,44	|17,05	|17,18	|16,03	|22,13	|0	|0	|18,92	|18,28	|19,13	|18,46	|12,85	|13,6	|20,7	|12,74	|100	|17,5	|19,77	|22,91	|16,66	|11,95	|18,7	|16,93	|15,45	|14,43	|18,49	|19,34	|13,19	|16,99	|14,06	|16,82	|16,3	|22,21	|15,74	|17,18	|20,97	|18,13	|18,82	|
________________________________________________________
51	|3,64	|4,11	|2,07	|3,35	|3,52	|2,15	|2,15	|17,97	|1,91	|2,8	|2,36	|3,38	|2,47	|3,43	|2,76	|3,44	|24,82	|18,44	|13,58	|22,17	|19,48	|0	|12,84	|0	|16,9	|10,52	|11,6	|16,3	|14,61	|10,71	|21,9	|14,02	|18,29	|16,65	|19,74	|17,3	|16,27	|16,68	|17,8	|14,43	|17,35	|15,61	|16,6	|16,6	|18,83	|13,03	|12,31	|18,84	|15,02	|12,05	|100	|20,2	|22,34	|16,31	|12,02	|18,85	|17,15	|12,22	|19,71	|18,44	|16,62	|15,09	|16,63	|14,2	|16,71	|16,48	|18,28	|16,16	|17,97	|15,83	|15,99	|16,15	|
________________________________________________________
52	|3,8	|4,1	|2,11	|3,29	|3,65	|0	|2,48	|3,64	|1,95	|2,6	|2,1	|3,48	|2,61	|2,1	|2,93	|2,04	|24,59	|18,82	|13,84	|22,89	|20,17	|15,21	|0	|8,03	|16,72	|11,02	|11,86	|16,17	|14,57	|12,47	|14,45	|22,19	|18,3	|16,39	|19,23	|16,88	|16,73	|16,12	|17,09	|14,56	|17,01	|15,51	|16,24	|16,75	|18,72	|12,91	|12,2	|19,31	|14,89	|13,57	|20,13	|100	|22,08	|16,73	|11,98	|18,94	|16,74	|12,54	|11,66	|18,91	|16,69	|15,39	|16,94	|13,21	|16,49	|16,58	|17,6	|15,82	|17,05	|17,08	|15,86	|15,65	|
________________________________________________________
53	|2,68	|3,93	|1,31	|2,76	|3,02	|2,66	|2,2	|2,95	|0	|3,55	|2,56	|4,01	|2,61	|2,91	|3,3	|3,51	|24,24	|13,93	|13,25	|20,23	|17	|12,54	|16,49	|16,56	|13,99	|0	|14,51	|18,62	|16,1	|12,57	|19,27	|18,76	|18,27	|16,52	|19,14	|17,28	|16,44	|16,54	|18,05	|14,72	|17,3	|15,98	|16,59	|16,51	|19,06	|8,75	|11,21	|16,8	|13,32	|11,64	|16,48	|16,35	|100	|19,07	|13,85	|21,78	|19,34	|13,67	|19,07	|19,16	|17,19	|14,71	|16,57	|14,01	|16,51	|16,77	|18,48	|15,87	|17,27	|16,76	|16,67	|16,58	|
________________________________________________________
54	|3,9	|3,9	|2,38	|2,59	|2,95	|2,66	|2,21	|3,01	|1,23	|3,6	|13,82	|3,53	|2,74	|2,97	|3,27	|3,5	|19,52	|19,7	|12,96	|20,8	|17,26	|13,05	|16,67	|16,52	|0	|7,07	|0	|19,17	|16,5	|12,36	|18,74	|19,16	|18,28	|16,97	|19,63	|17,08	|17,18	|16,22	|17,43	|15,1	|17,47	|16,02	|16,54	|16,37	|19,86	|14,15	|11,15	|16,67	|13,21	|11,45	|16,27	|16,75	|25,78	|100	|12,13	|21,32	|19,42	|13,82	|19,21	|18,76	|17,13	|15,33	|16,24	|13,82	|16,85	|16,13	|18,77	|15,8	|17,11	|16,81	|16,97	|16,28	|
________________________________________________________
55	|4,19	|3,84	|1,96	|3,45	|3,21	|2,48	|2,13	|3,13	|0	|0	|2,42	|3,21	|2,81	|3,22	|3,27	|3,13	|23,31	|16,63	|13,92	|20,32	|17,35	|12,39	|16,62	|16,92	|20,18	|0	|9,96	|0	|17,15	|12,95	|19,4	|18,76	|20,05	|18,61	|24,26	|0	|0	|19,45	|17,58	|14,76	|17,13	|16,33	|16,83	|18,33	|18,17	|10,65	|12,58	|16,22	|13,61	|11,41	|16,67	|16,67	|26,04	|16,86	|100	|19,52	|20,43	|14,61	|18,13	|19,15	|18,82	|16,94	|19,82	|14,33	|16,52	|20	|18,85	|15,56	|17,33	|16,07	|14,73	|17,86	|
________________________________________________________
56	|2,77	|4,46	|1,6	|3,38	|2,86	|2,96	|1,49	|2,95	|2,43	|2,24	|2,3	|18,32	|0	|3,19	|3,46	|3,5	|22,2	|16,27	|12,15	|23,6	|14,51	|13,6	|16,67	|16,4	|18,73	|12,36	|0	|13,68	|0	|13,4	|19,08	|18,52	|18,46	|17,11	|18,12	|17,29	|17,2	|15,93	|17,82	|14,93	|17,02	|16,1	|16,62	|16,96	|17,12	|11,71	|10,33	|20,06	|10,28	|11,47	|16,78	|16,92	|26,28	|19,03	|12,53	|100	|20,86	|14,43	|19,16	|18,84	|16,89	|15,36	|15,54	|15,07	|18,32	|15,79	|18,63	|15,85	|16,79	|17,2	|16,14	|16,41	|
________________________________________________________
57	|3,23	|3,16	|1,85	|3,27	|3,83	|2,68	|2,52	|2,98	|2,28	|0	|2,78	|4,4	|1,73	|3,2	|17,12	|3,1	|21,9	|16,27	|11,67	|17,65	|20,65	|12,65	|16,55	|16,54	|18,79	|12,15	|13,98	|0	|9,88	|0	|18,81	|19,47	|17,42	|16,53	|19,35	|17,19	|16,64	|15,74	|18,1	|14,63	|17,44	|15,22	|16,55	|16,74	|16,8	|11,39	|12,09	|20,33	|15,93	|11,38	|16,74	|16,4	|25,58	|18,99	|14,38	|22,87	|100	|13,36	|19,57	|19,66	|16,47	|14,61	|16,4	|13,97	|17,01	|16,08	|18,92	|15,9	|17,4	|17,12	|16,58	|16,35	|
________________________________________________________
58	|3,62	|3,79	|1,8	|4,1	|3,76	|2,71	|2,42	|3,63	|2,17	|3,42	|2,59	|4,26	|0	|0	|3,12	|3,05	|21,81	|16,91	|12,24	|21,41	|17,31	|13,82	|16,13	|15,81	|19,48	|11,97	|13,6	|19,94	|0	|9,48	|0	|20,41	|18,36	|16,48	|21,23	|17,09	|17,03	|16,12	|20,5	|16,5	|20,36	|0	|0	|21,09	|16,98	|11,93	|11,32	|17,7	|12,17	|14,39	|16,52	|17,02	|25,06	|18,74	|14,25	|21,92	|18,52	|100	|17,48	|19,63	|16,76	|14,84	|18,26	|12,5	|16,47	|16,39	|20,72	|18,15	|20,34	|16,89	|16,52	|19,8	|
________________________________________________________
59	|3,22	|3,74	|1,66	|2,69	|2,94	|3,26	|2,14	|3,47	|2,12	|3,1	|2,72	|3,82	|3,18	|2,14	|2,94	|18,09	|22	|16,84	|12,19	|20,15	|17,19	|12,25	|20,67	|14,48	|19,33	|11,9	|12,73	|18,94	|16,87	|0	|12,37	|0	|18,62	|16,93	|19,53	|17,4	|17,36	|16,56	|18,67	|14,87	|17,31	|16,42	|16,76	|16,48	|16,44	|11,24	|11,1	|17,14	|13,93	|9,91	|19,67	|11,68	|25,78	|19,2	|13,04	|21,47	|20	|12,89	|100	|20,56	|17,16	|14,73	|16,08	|14,39	|16,24	|16,77	|18,72	|15,93	|16,6	|16,76	|18,09	|15,52	|
________________________________________________________
60	|3,19	|3,69	|1,73	|2,85	|2,88	|2,26	|2,19	|3,48	|2,25	|3,18	|2,31	|3,85	|2,94	|0	|3,6	|3,62	|21,92	|16,04	|12,34	|19,71	|17,21	|12,62	|14,01	|21,22	|18,9	|12,19	|13,1	|18,62	|16,94	|12,94	|0	|8,84	|18,59	|16,7	|19,52	|17,22	|16,84	|16,4	|16,96	|14,76	|16,88	|16,2	|16,43	|16,31	|16,23	|11,22	|11,39	|16,68	|13,05	|12,62	|18,27	|18,8	|25,73	|18,63	|13,68	|20,97	|19,96	|14,38	|20,43	|100	|16,69	|14,85	|17,04	|14,21	|16,85	|16,66	|18,11	|15,68	|17,38	|16,75	|16,01	|16,53	|
________________________________________________________
61	|4,44	|0	|2	|3,73	|2,74	|2,06	|2,59	|3,54	|2,25	|3,17	|2,58	|3,7	|2,52	|2,77	|2,74	|2,96	|22,1	|17,07	|14,85	|19,13	|16,53	|12,68	|16,38	|16,35	|16,4	|10,59	|13,1	|16,75	|14,24	|11,24	|16,9	|16,57	|16,69	|0	|22,25	|18,57	|19,02	|18,92	|23,54	|11,66	|16,85	|15,58	|16,91	|16,69	|16,79	|11,55	|13,68	|17,01	|13,16	|13,21	|16,48	|16,61	|23,1	|17,03	|13,46	|18,81	|16,73	|12,29	|17,06	|16,71	|100	|17,09	|19,18	|15,85	|18,9	|18,58	|21,63	|18,76	|17,03	|16,63	|16,01	|16,25	|
________________________________________________________
62	|3,93	|3,42	|11,57	|2,88	|3,13	|3,7	|2,46	|2,72	|2,28	|3,17	|2,4	|3,79	|2,23	|2,62	|2,76	|3,07	|22,12	|16,66	|0	|20,07	|16,72	|12,61	|16,82	|16,93	|15,95	|10,69	|13,09	|16,43	|13,84	|10,6	|16,7	|16,78	|0	|14,93	|22,48	|19,37	|19,16	|19,11	|14,04	|20,57	|17,29	|15,87	|16,48	|16,5	|16,39	|11,57	|10,75	|17,46	|13,22	|10,03	|16,66	|17,05	|22	|16,96	|13,48	|19,04	|16,52	|12,11	|16,3	|16,54	|19,03	|100	|19,37	|16,18	|19,06	|19,34	|12,72	|18,67	|17,33	|16,46	|16,56	|16,13	|
________________________________________________________
63	|2,97	|4,4	|1,89	|16,93	|3,97	|2,61	|2,09	|3,64	|2,42	|0	|2,63	|4,04	|2,61	|2,21	|3,28	|2,98	|22,16	|16,51	|0	|19,96	|17,42	|12,55	|16,22	|16,37	|16,89	|10,92	|15,14	|17,26	|15,63	|11,24	|16,15	|17,06	|21,13	|19,19	|17,74	|0	|18,82	|18,56	|17,97	|14,97	|21,96	|13,36	|16,41	|17,11	|16,21	|12,1	|10,79	|16,93	|13,44	|11,81	|16,78	|17,14	|22,65	|16,42	|14,41	|17,6	|16,95	|13,61	|16,26	|17,34	|19,51	|17,7	|100	|16,14	|18,81	|19,37	|18,38	|16,15	|19,88	|19,48	|16,18	|16,43	|
________________________________________________________
64	|0	|4,49	|2,31	|3,15	|2,7	|3,31	|2,3	|1,99	|2,35	|2,43	|16,28	|3,82	|2,4	|3,79	|3,36	|2,71	|21,71	|16,08	|15,22	|20,15	|17,39	|13,84	|16,65	|16,25	|17	|10,87	|0	|16,29	|13,59	|11,08	|16,77	|16,4	|20,34	|18,74	|0	|14,71	|19,34	|18,57	|17,58	|15,27	|14,5	|22,65	|16,82	|16,65	|16,35	|11,3	|14,03	|16,43	|12,99	|11,38	|16,69	|15,58	|22,32	|16,28	|12,14	|19,9	|16,82	|10,86	|16,96	|16,85	|18,78	|17,22	|18,81	|100	|19,45	|19,17	|18,54	|16,21	|11,36	|19,8	|16,68	|16,93	|
________________________________________________________
65	|3,53	|4,28	|2,06	|3,18	|2,87	|2,55	|2,08	|2,66	|1,73	|3,6	|2,37	|20,45	|3,11	|2,68	|2,95	|3,5	|22,06	|16,63	|13,75	|20,59	|16,95	|12,45	|16,5	|16,57	|16,69	|10,53	|0	|16,52	|14	|10,38	|16,5	|16,24	|20,67	|18,59	|21,63	|20,24	|15,23	|0	|17,57	|15,01	|16,71	|16,28	|21,2	|14,03	|16,11	|11,84	|12,31	|17,2	|13	|11,51	|16,6	|16,45	|22,24	|16,78	|11,84	|20,45	|17,32	|12,1	|16,18	|16,9	|18,94	|17,16	|18,53	|16,45	|100	|18,43	|18,59	|15,47	|16,38	|16,68	|18,68	|18,87	|
________________________________________________________
66	|3,73	|4,3	|2,13	|3,37	|2,81	|2,63	|2,1	|3,02	|0	|3,83	|2,69	|3,67	|1,88	|3,16	|2,9	|1,96	|21,94	|16,56	|13,98	|20,39	|17,05	|12,11	|16,63	|16,14	|16,39	|10,44	|14,93	|17,35	|13,92	|12,23	|16,24	|16,44	|20,46	|19,33	|21,61	|19,63	|0	|14,92	|17,72	|14,55	|16,84	|16,74	|13,99	|22,39	|16,53	|11,99	|12,31	|16,49	|13,11	|11,23	|16,48	|16,63	|22,72	|16,17	|14,42	|17,73	|16,47	|12,12	|16,81	|16,81	|18,74	|17,52	|19,2	|16,32	|18,55	|100	|18,39	|15,99	|17,15	|17,57	|11,45	|18,94	|
________________________________________________________
67	|3,41	|3,29	|1,36	|2,83	|3,53	|0	|2,63	|3,65	|1,93	|3,01	|2,29	|3,57	|2,69	|3,04	|3,45	|3,3	|22,44	|16,12	|13,9	|20,53	|17,49	|15,13	|16,37	|16,13	|16,78	|10,78	|12,07	|16,73	|14,71	|12,26	|16,15	|16,37	|23,18	|14,84	|19,47	|17,3	|16,75	|16,63	|17,14	|0	|19,05	|18,41	|18,97	|19,1	|16,91	|11,65	|11	|16,75	|13,59	|13,79	|16,48	|15,92	|22,57	|16,96	|12,25	|18,85	|17,47	|13,81	|16,91	|16,47	|19,66	|10,39	|16,42	|14,22	|16,86	|16,57	|100	|18,19	|19,99	|19,26	|18,5	|19,14	|
________________________________________________________
68	|3,22	|4,59	|2,18	|2,92	|3,32	|2,14	|13,54	|2,95	|1,9	|2,74	|2,39	|3,2	|2,83	|3,1	|3,39	|3,37	|22,67	|16,69	|12,05	|19,75	|16,96	|0	|16,37	|16,7	|16,43	|10,68	|11,91	|16,72	|14,46	|12,45	|16,94	|16,43	|15,9	|22,11	|19,68	|16,77	|17,2	|16,99	|0	|12,72	|19,35	|18,12	|18,95	|18,94	|16,24	|11,33	|11,22	|16,9	|13,54	|11,38	|16,97	|16,66	|22,57	|16,62	|11,78	|18,68	|17,1	|14,08	|16,76	|16,61	|19,85	|17,75	|16,8	|14,48	|16,34	|16,79	|21,19	|100	|19,64	|19,11	|18,37	|18,66	|
________________________________________________________
69	|4,04	|3,58	|1,63	|3,16	|2,67	|3,04	|2,17	|17,55	|2,1	|2,69	|1,6	|3,26	|3,02	|0	|3,55	|3,64	|22,53	|16,61	|12,04	|20,21	|17,39	|0	|15,96	|16,08	|16,48	|10,77	|13,02	|17,26	|14,69	|13,14	|16,4	|16,56	|18,67	|16,66	|23,91	|14,72	|16,45	|16,34	|20,41	|16,93	|14,58	|0	|18,3	|18,61	|17,07	|11,39	|9,75	|15,64	|13,42	|11,56	|17,55	|16,71	|22,86	|16,75	|12,21	|18,42	|17,41	|14,68	|16,25	|17,12	|16,77	|15,33	|19,25	|9,44	|16,09	|16,75	|21,66	|18,28	|100	|19,63	|18,45	|18,2	|
________________________________________________________
70	|2,97	|3,54	|1,92	|3,26	|0	|3,27	|2,62	|3,21	|1,95	|3,83	|2,85	|3,31	|3	|2,53	|17,32	|3,24	|22,39	|16,35	|12,18	|20,17	|17	|15,01	|16,58	|16,27	|16,5	|10,72	|12,14	|16,69	|14,48	|0	|16,81	|17,42	|18,37	|16,31	|16,63	|22,46	|16,72	|16,18	|20,69	|16,9	|0	|13,96	|19,1	|19,29	|16,69	|11,06	|12,6	|17,03	|13,29	|14,27	|15,64	|16,92	|22,42	|16,64	|11,44	|19,07	|17,32	|12,33	|16,59	|16,69	|16,56	|14,72	|19,07	|16,63	|16,57	|17,35	|21,1	|17,98	|19,85	|100	|18,9	|19,36	|
________________________________________________________
71	|3,12	|3,64	|1,89	|2,76	|3,43	|3,02	|2,54	|3,42	|2,51	|2,71	|2,12	|3,8	|2,03	|3,07	|3,07	|18,47	|22,07	|16,12	|12,2	|19,75	|17,53	|13,7	|17,04	|16,01	|16,56	|10,9	|11,76	|16,37	|14,47	|0	|17,06	|16,7	|18,49	|16,74	|18,82	|17,13	|21,63	|13,72	|20,2	|16,82	|19,6	|18,55	|14,28	|0	|16,91	|11,77	|11,11	|16,59	|13,76	|12,72	|16,29	|16,21	|23	|17,32	|10,82	|18,46	|17,3	|12,44	|18,47	|16,46	|16,45	|15,28	|16,34	|14,46	|19,15	|11,66	|20,9	|17,82	|19,24	|19,49	|100	|19,23	|
________________________________________________________
72	|3,23	|4,09	|1,57	|2,81	|3,36	|3,14	|2,35	|3,25	|1,69	|2,91	|2,69	|3,89	|0	|3,44	|3,76	|3,35	|21,93	|16,35	|12,3	|20,48	|17,04	|13,62	|16,69	|16,26	|16,96	|10,68	|12,42	|16,89	|14,97	|13,34	|16,9	|16,36	|17,96	|17,29	|18,88	|17,08	|13,99	|21,36	|20,63	|17	|19,71	|18,77	|0	|14,48	|16,25	|11,2	|10,87	|16,91	|13,04	|13,14	|16,38	|15,92	|22,78	|16,55	|13,06	|18,68	|16,98	|14,84	|15,77	|16,91	|16,61	|14,81	|16,52	|14,6	|19,25	|19,21	|21,53	|18,02	|18,89	|19,88	|19,14	|100	|
________________________________________________________
