0	|1	|2	|3	|4	|5	|6	|7	|8	|9	|10	|11	|12	|13	|14	|15	|16	|17	|18	|19	|20	|21	|22	|23	|24	|25	|26	|27	|28	|29	|30	|31	|32	|33	|34	|35	|36	|37	|38	|39	|40	|41	|42	|43	|44	|45	|46	|47	|48	|49	|50	|51	|52	|53	|54	|55	|56	|57	|58	|59	|60	|61	|62	|63	|64	|65	|66	|67	|68	|69	|70	|71	|72	|
1	|100	|2,57	|2,16	|3,3	|3,62	|2,77	|2,57	|4,17	|3,38	|2,95	|0	|3,68	|2,68	|2,13	|2,83	|3,01	|23,4	|100	|12,17	|18,79	|20,48	|13,13	|19,43	|18,38	|19,14	|14,62	|13,83	|15,67	|15,55	|11,41	|15,67	|17,07	|22,99	|17,3	|100	|18,03	|19,29	|18,18	|19,17	|13,13	|17,74	|11,56	|16,78	|17,42	|0	|9,45	|0	|21,16	|17,22	|12,58	|19,26	|18,35	|16,98	|19,93	|14,36	|17,95	|17,04	|12,93	|16,14	|16,31	|20,25	|18,15	|15,29	|0	|18,12	|17,83	|21,45	|15,73	|21,56	|15,03	|16,31	|15,84	|
________________________________________________________
2	|2,36	|100	|1,88	|2,55	|2,93	|3,25	|0	|3,6	|1,66	|3,52	|3,28	|4,7	|1,88	|3,06	|2,74	|3,19	|23,92	|16,83	|12,75	|100	|18,87	|13,74	|18,63	|16,78	|17,99	|9,42	|12,46	|18,44	|11,46	|11,73	|16,72	|17,21	|20,7	|100	|18,63	|20,75	|19,49	|19,11	|20,24	|15,95	|16,59	|16,08	|16,51	|16,7	|20	|14,44	|0	|15,17	|0	|13,07	|18,5	|17,64	|24,72	|17,4	|13,37	|22,04	|15,73	|12,24	|17,45	|17,29	|0	|13,21	|19,79	|18,39	|19,89	|18,12	|16,99	|20,94	|16,81	|16,72	|15,73	|17,53	|
________________________________________________________
3	|4,29	|4,06	|100	|2,84	|3,19	|3,6	|3,08	|2,61	|3,95	|3,25	|3,48	|3,31	|3,13	|3,25	|4,76	|2,9	|0	|12,94	|0	|26,47	|21,13	|13,81	|19,44	|19,5	|14,28	|16,66	|12,3	|16,08	|16,42	|11,2	|16,31	|17,18	|0	|14,68	|25,54	|22,75	|18,92	|19,79	|13,99	|18,57	|16,02	|18,8	|17,18	|15,61	|21,53	|100	|11,9	|17,7	|16,89	|11,78	|20,08	|19,27	|17,35	|17,88	|14,1	|16,77	|19,21	|11,72	|16,19	|15,79	|17,82	|100	|17,47	|18,63	|19,79	|19,04	|12,54	|18,57	|14,97	|19,79	|15,84	|17,35	|
________________________________________________________
4	|4,12	|3,46	|1,79	|100	|0	|3,42	|2,51	|3,79	|2,3	|0	|2,4	|4,55	|1,89	|2,19	|3,75	|4,44	|26,59	|20,4	|0	|16,39	|0	|15,12	|19,16	|18,94	|15,63	|10,82	|14,57	|19,42	|12,5	|11,15	|16,9	|16,94	|23,1	|20	|18,51	|0	|17,49	|19,89	|17,96	|14,57	|21,68	|13,19	|17,09	|16,14	|20,84	|12,06	|10,09	|100	|16,83	|12,71	|18,69	|18,72	|23,53	|16,68	|16,36	|21,57	|19,89	|15,66	|15,66	|16,79	|20,47	|16,14	|100	|15,81	|18,14	|18,18	|19,31	|16,1	|18,07	|19,02	|16,03	|16,39	|
________________________________________________________
5	|4,24	|3,73	|1,88	|0	|100	|2,29	|2,49	|4	|2,43	|3,18	|1,71	|2,97	|3,96	|3,28	|0	|3,79	|24,98	|18,76	|15,41	|22,69	|100	|11,52	|16,44	|20,27	|15,45	|11	|16,85	|20,1	|16,88	|13,26	|17,16	|17,77	|17,63	|15,89	|20,64	|17,26	|15,31	|15,99	|20,47	|14,94	|100	|17,67	|18,18	|18,08	|19,41	|12,13	|14,52	|0	|10,36	|0	|20,03	|20,61	|22,45	|18,56	|11,59	|16,1	|21,29	|14,46	|15,82	|17,22	|15,79	|13,98	|21,5	|11,24	|16,4	|15,89	|22,86	|18,35	|16,06	|0	|19,69	|19,69	|
________________________________________________________
6	|3,47	|4,42	|2,26	|3,43	|2,45	|100	|2,12	|2,77	|1,79	|3,72	|2,92	|3,54	|2,3	|3,69	|4,09	|4,34	|23,76	|19,05	|12,48	|22,48	|17,34	|11,82	|100	|20	|16,75	|11,28	|11,97	|18,54	|13,18	|12,74	|20,15	|12,26	|11,93	|18,39	|17,96	|17,74	|16,28	|15,84	|18,72	|100	|15,95	|18,65	|18,69	|18,58	|17,92	|13,65	|13,1	|18,83	|15,44	|0	|13,61	|0	|23,28	|17,15	|10,4	|20,62	|17,63	|12,52	|20,26	|13,8	|14,42	|20,77	|15,8	|16,02	|17,04	|16,72	|0	|14,49	|20,11	|21,5	|19,78	|19,56	|
________________________________________________________
7	|4,24	|0	|2,56	|3,33	|3,52	|2,8	|100	|2,41	|2,75	|2,41	|1,98	|2,17	|4,24	|3,38	|3,33	|3,04	|23,92	|18,9	|14,95	|0	|13,84	|0	|20,93	|20,78	|16,44	|11,76	|13,07	|12,87	|21,12	|13,11	|17,12	|16,25	|15,67	|21,36	|20,93	|17,79	|15,77	|15,91	|0	|11,52	|20,78	|20,15	|20,15	|18,76	|18,13	|12,92	|15,62	|19,33	|100	|11,76	|14,95	|19,91	|22,13	|15,81	|12,01	|13,74	|20,25	|11,04	|14,71	|18,47	|19,82	|16,01	|16,92	|13,84	|15,77	|17,12	|20,68	|100	|16,06	|20,54	|20,44	|17,36	|
________________________________________________________
8	|4,79	|4,49	|1,51	|3,49	|3,92	|2,55	|1,68	|100	|2,72	|2,31	|1,58	|3,42	|3,29	|0	|3,22	|3,72	|23,94	|19,28	|14,85	|23,4	|20,99	|0	|14,01	|0	|16,69	|11,5	|13,28	|17,26	|14,82	|13,14	|21,89	|14,88	|21,59	|15,92	|22,9	|13,68	|16,33	|15,96	|22,16	|16,43	|15,05	|0	|18,87	|19,11	|18,14	|14,58	|11,63	|19,88	|12,77	|11,53	|100	|19,78	|21,59	|15,99	|12,81	|19,48	|16,83	|13,17	|19,95	|18,67	|19,24	|12,1	|19,75	|9,29	|16,23	|15,72	|23,7	|17,16	|100	|20,08	|18,81	|19,07	|
________________________________________________________
9	|5,99	|3,2	|3,51	|3,25	|3,67	|2,53	|2,94	|4,18	|100	|2,69	|2,22	|4,03	|2,84	|2,79	|3,46	|4,8	|17,05	|22,11	|11,78	|18,29	|19,27	|12,19	|16,99	|14,57	|20,92	|100	|13,38	|17,41	|18,39	|10,95	|18,85	|19,99	|21,54	|19,47	|25,57	|17,61	|100	|18,9	|15,7	|13,64	|18,18	|14,77	|18,03	|12,5	|10,74	|17,3	|11,78	|15,75	|14,82	|12,04	|16,63	|16,89	|0	|11,31	|0	|24,07	|20,82	|12,76	|20,35	|20,14	|19,68	|17,61	|21,13	|14,46	|14,05	|0	|17,77	|16,58	|19,52	|16,89	|22	|14,26	|
________________________________________________________
10	|3,6	|4,67	|2	|0	|3,31	|3,64	|1,78	|2,46	|1,85	|100	|2,6	|3,99	|3,31	|3,74	|0	|3,24	|20,67	|16,14	|15,07	|22,92	|18,5	|18,57	|16,22	|14,54	|20,71	|10,8	|11,69	|100	|19,35	|11,83	|18,82	|19,39	|20,74	|19,1	|21,63	|100	|17,32	|20,81	|18,75	|14,47	|20,63	|18,67	|16,54	|17,11	|15,93	|10,94	|13,97	|19,49	|9,48	|12,79	|15,54	|15,97	|28,37	|19,57	|0	|16,22	|0	|13,93	|19,49	|18,32	|18,18	|17,53	|0	|12,22	|19,92	|20,6	|18,42	|16	|14,26	|22,13	|17	|18,39	|
________________________________________________________
11	|0	|5,19	|2,55	|2,81	|2,13	|3,4	|1,74	|2	|1,83	|3,1	|100	|3,57	|2,25	|3,95	|4,68	|2,68	|20,24	|20,96	|16,62	|20,75	|16,33	|14,37	|16,62	|16,96	|0	|6,55	|0	|19,81	|16,07	|13,78	|17,3	|18,88	|20,66	|19,81	|0	|15,39	|18,96	|20,11	|17,39	|16,24	|15,09	|22,41	|16,88	|18,88	|20,41	|14,03	|13,05	|15,86	|13,52	|10,71	|17,3	|16,41	|26,4	|100	|11,69	|20,24	|19,13	|14,29	|17,9	|18,92	|18,11	|17,22	|18,49	|100	|16,71	|21,22	|17,9	|16,88	|11,14	|20,92	|13,82	|18,66	|
________________________________________________________
12	|3,67	|5,1	|1,66	|3,64	|2,54	|2,83	|1,31	|2,97	|2,27	|3,27	|2,45	|100	|0	|3,73	|3,03	|3,41	|23,32	|16,06	|13,5	|23,62	|14,49	|13	|15,34	|15,95	|19,97	|13	|0	|14,46	|0	|14,37	|18,72	|18,6	|20,29	|19,3	|22,8	|21,69	|15,8	|0	|16,12	|15,71	|16,85	|16,88	|20,85	|14,17	|18,86	|10,67	|12,36	|19,39	|9,33	|11,17	|16,71	|17,52	|24,34	|17,76	|11,4	|100	|20,17	|14,02	|17,7	|19,62	|19,27	|16,3	|18,98	|16,12	|100	|18,75	|18,13	|16,71	|16,65	|16,97	|18,98	|19,45	|
________________________________________________________
13	|3,76	|2,86	|2,21	|2,13	|4,74	|2,57	|3,6	|4	|2,25	|3,8	|2,17	|0	|100	|2,04	|3,06	|3,06	|21,09	|16,59	|11,12	|16,31	|20,96	|12,06	|15,24	|18,64	|17,33	|10,46	|14,51	|19,66	|100	|10,26	|16,76	|21,37	|17,61	|17,08	|20,23	|17,61	|17,94	|19,49	|19,17	|17,29	|20,92	|15,69	|100	|20,51	|16,26	|11,2	|11,97	|11,65	|18,92	|13,61	|17,12	|18,23	|24,85	|19,29	|15,77	|0	|11,69	|0	|19,17	|20,15	|16,39	|16,06	|17,61	|12,42	|21,45	|14,43	|20,35	|18,88	|21,95	|19,9	|13,32	|0	|
________________________________________________________
14	|2,67	|4,16	|2,04	|2,19	|3,5	|3,69	|2,56	|0	|1,97	|3,83	|3,4	|4,67	|1,83	|100	|3,8	|2,99	|22,09	|17,34	|12,19	|20,01	|16,79	|14,31	|18,88	|19,28	|19,53	|12,41	|12,81	|19,68	|14,6	|11,5	|100	|21,14	|17,56	|17,05	|14,42	|21,03	|14,57	|19,13	|20,08	|16,43	|20,01	|100	|17,31	|20,37	|17,31	|11,57	|11,83	|17,31	|12,52	|13,22	|21,36	|14,09	|24,9	|18,91	|14,31	|22,42	|20,85	|0	|13,51	|0	|17,2	|15,37	|13,95	|18,99	|16,47	|20,12	|20,81	|18,77	|0	|15,7	|19,68	|21,87	|
________________________________________________________
15	|3,21	|3,38	|2,71	|3,41	|0	|3,71	|2,28	|3,18	|2,22	|0	|3,64	|3,44	|2,48	|3,44	|100	|2,71	|21,35	|15,19	|12,38	|18,27	|19,86	|15,26	|16,32	|17,25	|18,93	|11,49	|14,23	|0	|10,1	|0	|21,12	|20,85	|17,05	|16,02	|17,05	|22,64	|15,76	|16,12	|20,79	|17,28	|0	|13,74	|20,46	|20,16	|16,91	|12,05	|17,08	|19,33	|15,19	|14,4	|16,45	|16,05	|25,92	|18,77	|15,92	|21,91	|100	|11,22	|15,26	|21,12	|15,79	|14,4	|19,03	|16,91	|15,66	|15,95	|20,06	|17,44	|18,47	|100	|16,58	|20,16	|
________________________________________________________
16	|3,47	|4,01	|1,68	|4,11	|3,74	|4,01	|2,12	|3,74	|3,13	|3,06	|2,12	|3,94	|2,53	|2,76	|2,76	|100	|22,56	|17,37	|12,22	|21,45	|16,87	|13,57	|21,85	|14,75	|19,6	|12,15	|14,31	|20,24	|18,48	|0	|10,81	|0	|18,08	|17,71	|21,48	|16,03	|21,52	|13,37	|21,01	|17,14	|21,58	|19,66	|13,2	|0	|15,79	|11,85	|11,78	|17,64	|12,46	|12,86	|19,26	|10,91	|26,4	|18,62	|13,3	|20,88	|18,48	|12,15	|100	|21,48	|15,69	|14,18	|18,79	|12,69	|19,09	|11,41	|21,25	|18,28	|20,34	|17,47	|100	|19,6	|
________________________________________________________
17	|3,65	|4,06	|0	|3,33	|3,33	|2,97	|2,26	|3,25	|1,5	|2,64	|2,17	|3,64	|2,35	|2,76	|2,94	|3,05	|100	|18,5	|13,42	|22,76	|19,15	|13,94	|18,93	|18,48	|18,24	|8,29	|12,1	|16,11	|14,65	|11,15	|16,63	|16,88	|18,36	|16,75	|18,58	|16,88	|16,68	|16,49	|17,43	|14,68	|17,1	|16,05	|16,21	|16,82	|15,01	|0	|13,94	|19,16	|14,75	|13	|18,86	|18,95	|24,99	|14,89	|12,84	|18,25	|17,48	|12,21	|16,89	|16,82	|16,83	|14,94	|16,54	|13,91	|16,29	|16,9	|18,53	|16,03	|17,21	|16,53	|16,44	|16,8	|
________________________________________________________
18	|20,35	|3,72	|1,32	|3,32	|3,26	|3,1	|2,33	|3,41	|2,54	|2,69	|2,93	|3,27	|2,41	|2,82	|2,73	|3,06	|24,12	|100	|12,18	|22,71	|18,78	|13,71	|18,68	|18,86	|19,44	|14,59	|11,93	|16,66	|14,43	|11,64	|16,29	|16,62	|18,94	|17,48	|20,35	|16,49	|16,49	|16,65	|17,7	|15,04	|16,76	|16,44	|16,87	|16,93	|0	|8,96	|0	|19,35	|15,23	|13,19	|19,16	|18,19	|18,73	|20,52	|11,94	|18,55	|16,54	|12,11	|16,69	|16,85	|16,52	|14,9	|16,98	|13,84	|16,34	|16,83	|18,36	|16,09	|17,18	|16,61	|16,67	|16,43	|
________________________________________________________
19	|3,44	|3,92	|0	|0	|3,72	|2,82	|2,56	|3,66	|1,88	|3,49	|3,23	|3,82	|2,25	|2,76	|3,09	|3	|24,32	|16,93	|100	|20,53	|20,57	|15,16	|18,58	|18,5	|17,83	|8,91	|14,25	|16,21	|14,86	|10,99	|16,71	|17,07	|21,91	|17,45	|19,03	|20,6	|18,75	|18,26	|19,25	|13,09	|16,3	|16,52	|16,45	|17,22	|20,1	|0	|9,53	|0	|15,84	|12,8	|19,46	|18,26	|24,19	|17,2	|13,35	|18,03	|17,18	|11,58	|16,86	|16,83	|20,19	|0	|0	|18,11	|18,25	|19,01	|20,05	|16,07	|16,38	|16,99	|16,76	|16,46	|
________________________________________________________
20	|3,23	|18,67	|2,29	|2,26	|3,33	|3,09	|0	|3,5	|1,77	|3,22	|2,45	|4,06	|2	|2,75	|2,77	|3,19	|25,05	|19,17	|12,46	|100	|19,16	|14,26	|18,38	|18,73	|16,49	|10,82	|10,94	|18,75	|11,37	|11,47	|16,63	|17,13	|17,55	|18,67	|18,71	|17,37	|16,73	|17,02	|17,47	|14,79	|17,18	|16,34	|16,98	|16,44	|18,91	|13,09	|0	|14,63	|0	|14,05	|18,15	|18,25	|22,9	|16,74	|12,05	|21,84	|15,06	|12,33	|16,71	|16,57	|16,31	|14,72	|16,78	|14,52	|17,42	|17,23	|18,5	|16,46	|17,05	|17,14	|16,46	|16,84	|
________________________________________________________
21	|4,14	|4,15	|2,15	|0	|17,26	|2,8	|1,69	|3,69	|2,2	|3,06	|2,26	|2,93	|3,03	|2,71	|3,54	|2,95	|24,8	|18,66	|14,69	|22,55	|100	|12,65	|18,59	|19,24	|16,15	|10,59	|12,91	|19,68	|17,64	|11,2	|16,79	|16,68	|17,85	|16,86	|18,98	|16,97	|16,45	|15,87	|17,33	|15,26	|17,26	|15,82	|16,84	|16,56	|18,44	|13,16	|13,99	|0	|10,37	|0	|18,85	|18,94	|23	|17,12	|12,13	|15,48	|20,73	|11,57	|16,45	|16,73	|15,93	|14,46	|16,63	|13,91	|17,1	|16,21	|18,76	|15,8	|17,3	|17,33	|17,31	|17,16	|
________________________________________________________
22	|3,65	|4,15	|1,93	|3,37	|2,73	|2,63	|0	|0	|1,91	|4,23	|2,74	|3,62	|2,39	|3,18	|3,74	|3,27	|24,83	|18,73	|14,89	|23,08	|17,4	|100	|17,18	|19,97	|16,45	|10,92	|12,38	|18,12	|12,99	|13,57	|16,58	|17,01	|18,07	|16,94	|17,45	|18,7	|16,26	|16,52	|22,02	|14,94	|17,08	|19,35	|17,73	|18,05	|18,83	|12,7	|12,93	|20,16	|0	|9,8	|0	|20,5	|22,77	|16,6	|11,79	|19,94	|17,86	|13,12	|16,5	|17,05	|16,1	|15,18	|16,7	|16,11	|16,51	|16,77	|23,28	|0	|0	|19,93	|18,33	|18,45	|
________________________________________________________
23	|4,03	|4,2	|2,03	|3,18	|2,91	|16,57	|2,62	|2,53	|1,99	|2,75	|2,36	|3,18	|2,26	|3,13	|2,98	|3,92	|25,13	|19,03	|13,61	|22,18	|19,06	|12,81	|100	|19,27	|16,58	|10,46	|11,62	|16,53	|14,98	|9,98	|19,22	|12,29	|18,32	|16,98	|19,6	|16,81	|16,81	|16,76	|16,63	|16,57	|16,79	|15,37	|16,94	|17,22	|18,95	|13,23	|12,73	|19,34	|15,76	|0	|13,32	|0	|22,87	|16,95	|11,66	|18,09	|16,62	|11,92	|20,87	|13,97	|17,11	|15,14	|16,33	|13,79	|16,8	|16,65	|17,91	|16,46	|17,14	|16,94	|17,2	|17,27	|
________________________________________________________
24	|3,77	|3,74	|2,01	|3,11	|3,54	|3,28	|2,58	|0	|1,69	|2,44	|2,39	|3,27	|2,73	|3,16	|3,11	|2,62	|24,25	|18,99	|13,4	|22,34	|19,5	|14,72	|19,05	|100	|16,5	|10,32	|11,81	|16,22	|14,95	|12,14	|19,14	|19,06	|18,47	|16,15	|18,91	|16,62	|16,04	|16,91	|16,89	|14,93	|16,83	|15,56	|16,24	|16,03	|18,8	|12,84	|12,34	|19,01	|14,91	|13,18	|0	|8,03	|22,86	|16,67	|12,17	|18,07	|17,22	|12,02	|14,29	|21,29	|16,72	|15,46	|16,5	|14,19	|16,74	|17,06	|17,5	|15,78	|16,89	|17,1	|16,16	|16,73	|
________________________________________________________
25	|3,98	|4,07	|1,49	|2,6	|2,74	|2,79	|2,07	|3,02	|2,46	|3,53	|0	|4,16	|2,57	|3,25	|3,47	|3,53	|24,3	|19,87	|13,1	|19,96	|16,62	|12,31	|16,64	|16,75	|100	|14,36	|14,39	|18,4	|16	|12,87	|19,48	|18,81	|18,53	|17,66	|19,55	|17,12	|16,44	|16,35	|17,57	|15,11	|16,77	|16,22	|16,52	|16,5	|19,66	|9,43	|11,09	|16,8	|13,07	|11,42	|16,51	|16,12	|18,74	|0	|14,38	|21,31	|20,08	|13,27	|18,92	|18,95	|16,27	|14,81	|16,44	|14,32	|16,25	|16,3	|19,03	|16,23	|17,48	|17,22	|16,89	|16,59	|
________________________________________________________
26	|4,67	|3,27	|2,68	|2,77	|3	|2,88	|2,28	|3,2	|18,05	|2,83	|1,44	|4,16	|2,39	|3,17	|3,24	|3,37	|16,96	|22,91	|10,06	|20,13	|16,74	|12,55	|16,12	|16,09	|22,06	|100	|12,07	|18,87	|16,18	|12,85	|19,6	|19,14	|19,17	|17,21	|19,43	|16,96	|18,05	|17,14	|17,38	|14,71	|17,09	|16	|17,04	|16,35	|10,32	|16,36	|11,08	|17,1	|13,31	|11,85	|16,86	|17	|0	|10,93	|0	|21,84	|19,38	|13,12	|18,33	|18,92	|16,76	|14,61	|16,37	|13,69	|16,4	|16,05	|18,63	|16,6	|17,7	|16,69	|16,96	|16,53	|
________________________________________________________
27	|3,96	|3,87	|1,77	|3,34	|4,12	|2,74	|2,26	|3,31	|2,16	|2,74	|0	|0	|2,96	|2,93	|3,59	|3,55	|22,16	|16,77	|14,41	|18,22	|18,27	|12,74	|16,04	|16,49	|19,79	|10,8	|100	|16,68	|18,15	|12,92	|18,09	|18,17	|20,3	|18,07	|22,4	|16,71	|16,77	|20,75	|17,29	|15,62	|18,67	|14,43	|16,95	|16,4	|16,43	|11,18	|13,34	|16,35	|14,95	|11,34	|16,73	|16,56	|27,56	|0	|10,2	|0	|20,82	|13,4	|18,06	|17,98	|18,81	|17,11	|20,26	|0	|0	|21,09	|18,45	|16,08	|19,43	|16,7	|16,7	|17,22	|
________________________________________________________
28	|3,26	|4,17	|1,68	|3,23	|3,57	|3,08	|1,62	|3,12	|2,04	|17,03	|2,83	|3,01	|2,92	|3,27	|0	|3,65	|21,46	|17,03	|11,91	|22,7	|20,25	|13,56	|16,59	|16,46	|18,4	|12,28	|12,12	|100	|18,38	|13,39	|19,21	|19,1	|18,31	|16,84	|19,26	|17,03	|16,86	|16,51	|18,02	|15,08	|17,8	|15,47	|16,54	|17,09	|16,38	|11,45	|11,17	|19,89	|10,14	|11,46	|16,86	|16,25	|26,44	|18,93	|0	|15,44	|0	|14,07	|19,02	|18,92	|16,91	|15,24	|16,66	|14,33	|16,58	|16,94	|18,82	|15,78	|17,31	|16,63	|16,11	|17,53	|
________________________________________________________
29	|3,62	|2,9	|1,92	|2,33	|3,36	|2,45	|2,98	|3	|2,42	|3,69	|2,57	|0	|16,63	|2,72	|2,07	|3,73	|21,86	|16,52	|12,23	|15,41	|20,33	|10,89	|16,84	|17	|17,92	|11,79	|14,78	|20,59	|100	|11,44	|19,65	|19,27	|17,96	|16,89	|19,8	|16,94	|15,86	|16,16	|17,81	|15,28	|16,52	|15,65	|16,63	|17,45	|16,33	|11,59	|12,39	|12,65	|17,98	|11,83	|16,38	|16,53	|25,77	|18,69	|15,11	|0	|11,66	|0	|18,83	|19,06	|15,95	|14,18	|17,5	|13,2	|16,22	|16,42	|18,66	|16,17	|17,6	|16,73	|16,11	|17,88	|
________________________________________________________
30	|3,49	|3,9	|1,72	|2,73	|3,46	|3,11	|2,43	|3,5	|1,89	|2,96	|2,89	|4,4	|2,24	|2,81	|0	|0	|21,83	|17,49	|11,87	|20,41	|16,94	|14,93	|14,73	|18,11	|18,91	|12,29	|13,81	|19,68	|15,01	|100	|18,01	|19,54	|18,26	|16,96	|18,52	|16,5	|13,94	|18,86	|19,52	|17,25	|20,87	|16,2	|16,39	|20,07	|16,47	|11,11	|11,23	|16,36	|12,98	|12,73	|16,59	|18,81	|25,36	|18,98	|13,94	|22,88	|0	|10,25	|0	|19,62	|16,53	|14,96	|16,65	|14,33	|16,42	|19,71	|20,15	|17,87	|20,51	|0	|0	|20,18	|
________________________________________________________
31	|3,2	|3,71	|1,68	|2,77	|2,99	|3,29	|2,12	|3,89	|2,18	|3,15	|2,43	|3,83	|2,44	|16,33	|3,8	|1,91	|21,77	|16,36	|12,07	|19,78	|16,97	|12,19	|18,95	|19,09	|19,13	|12,53	|12,92	|18,87	|17,24	|12,04	|100	|21,31	|18,56	|16,99	|19,24	|16,95	|16,73	|16,58	|17,42	|15,05	|17,44	|16,33	|16,64	|17,19	|16,96	|11,56	|11,38	|16,44	|13,35	|11,17	|21,2	|14,14	|25,52	|19,05	|13,77	|20,95	|19,64	|0	|12,32	|0	|16,79	|15,3	|17,3	|13,9	|16,33	|16,78	|18,27	|16,12	|17,33	|17,11	|16,11	|17,16	|
________________________________________________________
32	|3,51	|3,84	|1,77	|2,79	|3,12	|2,01	|2,02	|2,66	|2,32	|3,26	|2,66	|3,83	|3,14	|3,47	|3,78	|0	|22,22	|16,78	|12,39	|20,49	|16,96	|12,57	|12,19	|19,12	|18,58	|12,31	|13,05	|18,87	|17	|13,13	|21,44	|100	|18,83	|17,24	|19,54	|17,24	|17,38	|16,44	|17,53	|14,86	|17,29	|16,18	|16,15	|16,49	|16,63	|11,31	|11,07	|16,7	|12,75	|12,68	|14,49	|21,54	|26,56	|18,78	|13,69	|20,78	|20,11	|14,6	|0	|8,56	|16,79	|14,65	|16,81	|14,34	|16,09	|16,77	|18,01	|15,67	|17,11	|16,59	|16,3	|16,45	|
________________________________________________________
33	|4,31	|4,21	|0	|3,47	|2,82	|1,79	|1,78	|3,52	|2,28	|3,18	|2,66	|3,8	|2,36	|2,63	|2,81	|2,94	|22,03	|17,44	|14,51	|19,14	|16,55	|12,18	|16,56	|16,89	|16,69	|11,24	|13,29	|16,49	|14,44	|11,19	|17,02	|17,16	|100	|18,69	|22,27	|19,74	|18,85	|18,87	|20,07	|10,43	|17,28	|16,15	|16,52	|16,39	|16,44	|11,28	|13,59	|16,7	|13,35	|12,61	|16,94	|16,28	|22,78	|16,8	|12,95	|18,78	|16,82	|12,17	|16,64	|16,75	|14,8	|0	|19,15	|16,07	|18,66	|18,84	|23,54	|13,95	|17,01	|16,59	|16,8	|17	|
________________________________________________________
34	|3,48	|21,86	|1,48	|3,22	|2,73	|2,96	|2,6	|2,79	|2,21	|3,15	|2,73	|3,88	|2,45	|2,74	|2,84	|3,09	|21,57	|17,28	|12,41	|21,86	|16,77	|12,25	|16,48	|15,85	|17,08	|10,83	|12,71	|16,29	|14,58	|11,16	|16,73	|16,88	|20,07	|100	|21,92	|19,34	|19,13	|19,24	|20,39	|16,54	|17,25	|16,13	|16,72	|16,9	|16,68	|12,04	|0	|16,99	|12,92	|11,14	|16,75	|16,18	|22,66	|16,8	|13,28	|18,92	|16,64	|11,65	|16,7	|16,63	|0	|13,42	|18,85	|16,24	|18,6	|18,45	|17	|20,62	|17,17	|17,04	|16,17	|17,34	|
________________________________________________________
35	|17,84	|3,61	|2,29	|2,64	|3,14	|2,56	|2,26	|3,56	|2,58	|3,16	|0	|4,07	|2,58	|2,06	|2,68	|3,32	|21,23	|17,84	|12	|19,43	|16,75	|11,2	|16,87	|16,46	|16,77	|10,85	|13,97	|16,52	|15,16	|10,81	|16,8	|16,96	|21,21	|19,44	|100	|18,59	|18,99	|18,58	|17,68	|15	|19,15	|11,55	|16,81	|16,83	|16,09	|11,38	|0	|16,84	|13,72	|11,46	|16,58	|16,53	|22,48	|16,46	|14,65	|18	|17,7	|12,86	|16,3	|16,36	|18,81	|17,1	|15,28	|0	|18,79	|18,49	|18,75	|16,07	|21,51	|14,96	|16,58	|16,66	|
________________________________________________________
36	|3,6	|4,51	|2,29	|0	|2,94	|2,83	|2,15	|2,38	|1,99	|16,36	|2,11	|4,34	|2,51	|3,36	|3,99	|2,77	|21,6	|16,19	|14,54	|20,2	|16,77	|13,44	|16,2	|16,21	|16,44	|10,6	|11,67	|16,36	|14,53	|10,78	|16,57	|16,76	|21,05	|19,21	|20,82	|100	|19,37	|19,09	|17,9	|14,94	|19,48	|19,13	|16,67	|16,89	|16,17	|11,72	|14,36	|16,47	|13,06	|11,88	|15,94	|16,89	|22,59	|16,71	|0	|18,51	|17,45	|11,93	|16,45	|16,61	|18,65	|16,74	|0	|12,43	|19,53	|19,33	|18,2	|16,48	|14,32	|22,46	|16,65	|16,83	|
________________________________________________________
37	|4	|4,4	|1,97	|2,91	|2,71	|2,7	|1,98	|2,95	|11,73	|2,94	|2,7	|3,28	|2,66	|2,42	|2,88	|3,87	|22,18	|16,83	|13,75	|20,21	|16,89	|12,14	|16,84	|16,25	|16,4	|11,73	|12,17	|16,83	|14,13	|9,46	|16,99	|17,55	|20,89	|19,74	|22,1	|20,13	|100	|18,49	|17,54	|14,89	|16,5	|16,79	|18,82	|12,3	|16,36	|11,65	|12,49	|16,4	|12,8	|11,53	|16,72	|16,21	|22,19	|16,2	|0	|19,44	|16,76	|12,02	|17,22	|17,26	|19,01	|17,06	|18,42	|15,67	|15,17	|0	|18,22	|15,89	|17,05	|17,08	|21,23	|14,32	|
________________________________________________________
38	|3,75	|4,28	|2,05	|3,28	|2,81	|2,61	|1,98	|2,86	|2,2	|3,51	|2,84	|0	|2,87	|3,15	|2,93	|2,39	|21,76	|16,86	|13,3	|20,42	|16,18	|12,25	|16,66	|17	|16,2	|11,05	|14,95	|16,36	|14,3	|12,71	|16,72	|16,48	|20,76	|19,71	|21,46	|19,69	|18,35	|100	|17,68	|15,2	|17,15	|16,01	|19,21	|19,76	|15,91	|11,89	|12,21	|17,56	|13,08	|11,51	|16,16	|16,67	|21,97	|16,08	|13,95	|18,12	|17,03	|11,87	|16,41	|16,36	|19,14	|17,12	|18,61	|15,96	|0	|15,23	|18,29	|16,25	|17,29	|17	|13,66	|21,63	|
________________________________________________________
39	|3,73	|4,29	|1,37	|2,8	|3,4	|2,92	|0	|3,76	|1,73	|2,99	|2,32	|3,14	|2,67	|3,13	|3,57	|3,55	|21,75	|16,94	|13,25	|19,81	|16,7	|15,43	|15,63	|16,06	|16,45	|10,59	|11,77	|16,88	|14,9	|12,44	|16,61	|16,62	|20,87	|19,75	|19,31	|17,45	|16,46	|16,72	|100	|16,09	|19,14	|18,57	|18,88	|19,38	|16,18	|11,15	|11,44	|16,41	|13,23	|13,63	|16,59	|15,94	|22,61	|16,37	|12,36	|18,28	|16,79	|13,33	|16,72	|16,67	|21,14	|12,28	|16,99	|14,14	|16,26	|16,7	|17,87	|0	|19,73	|19,55	|18,89	|18,75	|
________________________________________________________
40	|3,01	|3,97	|2,14	|2,68	|2,92	|18,33	|1,6	|3,28	|1,77	|2,72	|2,55	|3,6	|2,83	|3,01	|3,49	|3,4	|21,55	|16,94	|10,6	|19,73	|17,3	|12,32	|18,33	|16,71	|16,65	|10,55	|12,51	|16,62	|15,03	|12,93	|16,89	|16,58	|12,77	|18,85	|19,27	|17,14	|16,45	|16,91	|18,93	|100	|19,2	|17,93	|19,01	|18,73	|16	|11,32	|11,68	|16,16	|12,91	|0	|16,74	|16,12	|22,84	|16,44	|11,66	|18,61	|16,87	|13,24	|16,37	|16,79	|12,93	|20,35	|15,91	|14,09	|16,54	|16,88	|0	|13,1	|19,81	|19,52	|19,39	|19,54	|
________________________________________________________
41	|3,55	|3,61	|1,61	|3,47	|17,09	|2,55	|2,52	|2,62	|2,06	|3,38	|2,07	|3,37	|2,99	|3,2	|0	|3,74	|21,91	|16,48	|11,53	|20,01	|17,09	|12,3	|16,22	|16,44	|16,14	|10,7	|13,06	|17,13	|14,19	|13,66	|17,09	|16,83	|18,46	|17,16	|21,49	|19,51	|15,91	|16,66	|19,67	|16,76	|100	|18,74	|18,88	|18,98	|16,9	|10,9	|11,67	|17,02	|13,06	|0	|16,39	|16,78	|23,01	|16,83	|11,7	|18,69	|17,39	|14,39	|16,97	|17,11	|16,83	|14,73	|21,35	|11,78	|16,29	|16,99	|20,75	|18,57	|15,01	|0	|18,78	|19,51	|
________________________________________________________
42	|2,45	|3,71	|2	|2,24	|3,2	|3,16	|2,59	|0	|1,77	|3,24	|3,26	|3,58	|2,38	|16,94	|2,57	|3,61	|21,8	|17,13	|12,38	|20,16	|16,59	|14,76	|15,72	|16,1	|16,53	|10,61	|10,69	|15,77	|14,24	|11,23	|16,94	|16,69	|18,28	|17	|13,73	|20,29	|17,15	|16,47	|20,21	|16,58	|19,85	|100	|19,35	|19,12	|15,95	|11,28	|12,44	|16,48	|13,32	|13,79	|16,4	|16,61	|22,6	|16,65	|11,52	|18,72	|16,82	|0	|16,6	|16,57	|16,9	|14,54	|14,09	|19,04	|16,98	|17,28	|20,81	|18,61	|0	|14,55	|19,34	|18,72	|
________________________________________________________
43	|3,45	|3,69	|1,78	|2,81	|3,19	|3,07	|2,51	|3,38	|2,09	|2,78	|2,38	|4,29	|14,68	|2,84	|3,71	|2,35	|21,35	|17,04	|11,95	|20,33	|17,13	|13,11	|16,8	|16,3	|16,33	|10,97	|12,19	|16,35	|14,68	|11,02	|16,74	|16,16	|18,13	|17,09	|19,38	|17,15	|18,65	|19,17	|19,92	|17,06	|19,4	|18,77	|100	|19,25	|16,33	|11,13	|11,22	|16,47	|13,5	|12,79	|16,77	|16,04	|22,1	|16,42	|11,96	|18,2	|16,92	|0	|15,95	|16,69	|16,15	|15,15	|16,47	|14,2	|21,62	|14,84	|20,9	|18,6	|19,29	|19,44	|13,89	|0	|
________________________________________________________
44	|3,56	|3,71	|1,61	|2,64	|3,16	|3,04	|2,32	|3,4	|1,44	|2,87	|2,65	|2,9	|3	|3,33	|3,64	|0	|22,04	|17,02	|12,45	|19,57	|16,76	|13,28	|17	|16,01	|16,22	|10,47	|11,72	|16,81	|15,33	|13,43	|17,21	|16,41	|17,9	|17,19	|19,3	|17,29	|12,12	|19,62	|20,35	|16,72	|19,41	|18,45	|19,15	|100	|16,18	|11,24	|11,51	|16,26	|13,22	|12,99	|16,48	|15,93	|23,01	|16,43	|13,22	|18,69	|16,92	|14,37	|15,83	|16,27	|16,87	|14,76	|16,28	|13,87	|14,2	|21,67	|21,23	|18,28	|19,79	|19,62	|0	|14,64	|
________________________________________________________
45	|0	|4,52	|2,25	|3,47	|3,44	|2,98	|2,28	|3,28	|1,26	|2,71	|2,91	|3,92	|2,41	|2,87	|3,1	|2,84	|19,97	|0	|14,76	|22,87	|18,95	|14,07	|19	|19,07	|19,64	|6,71	|11,93	|16,36	|14,57	|11,19	|17,25	|16,81	|18,23	|17,23	|18,74	|16,82	|16,37	|16,05	|17,26	|14,51	|17,55	|15,63	|16,5	|16,43	|100	|13,62	|13,23	|19,31	|14,93	|12,34	|18,8	|18,22	|26,89	|19,52	|13,05	|19,03	|16,95	|11,54	|16,11	|16,45	|16,67	|14,97	|16,59	|14,25	|16,56	|16,49	|18,6	|15,91	|16,94	|16,83	|16,7	|16,73	|
________________________________________________________
46	|2,85	|4,74	|15,17	|2,92	|3,13	|3,29	|2,36	|3,83	|2,95	|2,7	|2,91	|3,22	|2,41	|2,79	|3,21	|3,1	|0	|13,29	|0	|22,99	|19,65	|13,79	|19,26	|18,92	|13,68	|15,46	|11,79	|16,62	|15,02	|10,96	|17,08	|16,61	|18,18	|18,06	|19,25	|17,71	|16,94	|17,41	|17,28	|14,9	|16,43	|16,05	|16,34	|16,58	|19,79	|100	|11,68	|19,55	|14,9	|13,07	|19,21	|19,23	|17,97	|19,78	|11,38	|18,73	|16,82	|11,8	|16,26	|16,11	|16,57	|15,17	|16,65	|14,71	|17,19	|17,08	|18,21	|16,29	|18,07	|17,3	|16,94	|17,39	|
________________________________________________________
47	|0	|0	|1,81	|2,45	|3,75	|3,17	|2,86	|3,07	|2,01	|3,46	|2,71	|3,75	|2,59	|2,86	|4,56	|3,09	|27,03	|0	|10,19	|0	|20,95	|14,08	|18,6	|18,23	|16,14	|10,49	|14,12	|16,25	|16,1	|11,12	|16,86	|16,31	|21,97	|0	|0	|21,77	|18,22	|17,94	|17,78	|15,42	|17,66	|17,77	|16,52	|17,03	|19,28	|11,71	|100	|16,06	|16,66	|12,98	|17,89	|17,85	|22,98	|16,54	|13,67	|17,08	|19,28	|12,41	|16,43	|17,08	|20,82	|15,05	|16,74	|17,47	|18,57	|18,95	|18,8	|16,17	|15,12	|18,8	|17	|16,59	|
________________________________________________________
48	|4,35	|3,39	|1,83	|16,46	|0	|3,09	|2,4	|3,56	|1,83	|3,28	|2,24	|3,99	|1,71	|2,84	|3,5	|3,14	|25,21	|19,54	|0	|17,5	|0	|14,91	|19,18	|19,07	|16,6	|11	|11,74	|19,66	|11,16	|11	|16,53	|16,7	|18,32	|17,36	|19,4	|16,94	|16,24	|17,52	|17,32	|14,49	|17,47	|15,97	|16,47	|16,33	|19,1	|13,31	|10,9	|100	|15,75	|13,62	|18,62	|18,53	|22,58	|16,8	|12,26	|21,95	|20,61	|12,89	|16,08	|16,79	|16,35	|15,31	|16,46	|13,65	|16,17	|17,02	|18,75	|16,21	|16,65	|17,02	|16,23	|16,67	|
________________________________________________________
49	|4,45	|0	|2,19	|3,48	|2,28	|3,19	|15,63	|2,87	|2,16	|2,01	|2,4	|2,41	|3,49	|2,59	|3,46	|2,79	|24,41	|19,34	|14,47	|0	|13,25	|0	|19,64	|18,8	|16,24	|10,76	|13,5	|12,6	|19,95	|10,97	|16,89	|16,03	|18,42	|16,59	|19,87	|16,89	|15,94	|16,4	|17,54	|14,56	|16,86	|16,23	|16,96	|16,69	|18,57	|12,75	|14,22	|19,8	|100	|11,38	|19,52	|19,12	|22,82	|16,3	|12,23	|13,76	|20,2	|10,43	|16,52	|16,41	|16,17	|14,6	|17,13	|14,16	|15,9	|16,58	|18,53	|15,63	|16,81	|17,25	|16,76	|16,46	|
________________________________________________________
50	|3,77	|4,26	|1,78	|3,06	|0	|0	|2,14	|3,01	|2,04	|3,14	|2,21	|3,35	|2,92	|3,17	|3,81	|3,35	|24,98	|19,46	|13,57	|24,55	|0	|10,58	|0	|19,31	|16,48	|11,13	|11,9	|16,54	|15,24	|12,5	|16,41	|18,51	|20,2	|16,62	|19,28	|17,85	|16,67	|16,77	|21	|0	|0	|19,53	|18,67	|19,06	|17,83	|13	|12,86	|19,89	|13,22	|100	|17,6	|20,25	|23,39	|16,72	|12,34	|18,31	|17,13	|14,44	|14,98	|18,07	|19,25	|13,37	|16,42	|13,92	|16,37	|16,91	|22,73	|16,28	|17,29	|21,39	|18,48	|18,71	|
________________________________________________________
51	|3,98	|4,15	|2,08	|3,09	|3,53	|2,25	|1,87	|17,97	|1,94	|2,63	|2,45	|3,45	|2,52	|3,52	|2,99	|3,45	|24,94	|19,45	|14,2	|21,82	|19,25	|0	|13,27	|0	|16,39	|10,89	|12,07	|16,74	|14,52	|11,2	|21,42	|14,55	|18,67	|17,19	|19,19	|16,48	|16,63	|16,19	|17,58	|15,08	|16,91	|15,97	|16,84	|16,63	|18,69	|13,14	|12,2	|18,7	|15,6	|12,11	|100	|20,17	|22,41	|16,37	|12,18	|18,81	|17,04	|11,79	|19,04	|18,62	|16,45	|15,25	|16,69	|13,89	|16,32	|16,52	|18,38	|16,33	|17,97	|17,07	|16,73	|16,42	|
________________________________________________________
52	|3,82	|3,99	|2,02	|3,12	|3,66	|0	|2,51	|3,59	|1,99	|2,72	|2,35	|3,65	|2,71	|2,35	|2,95	|1,97	|25,27	|18,62	|13,44	|22,13	|19,52	|15,36	|0	|8,16	|16,14	|11,08	|12,06	|16,27	|14,78	|12,81	|14,41	|21,83	|18,1	|16,75	|19,3	|17,6	|16,26	|16,85	|17,04	|14,65	|17,46	|16,32	|16,25	|16,22	|18,26	|13,26	|12,28	|18,78	|15,42	|14,05	|20,35	|100	|23,13	|16,51	|12,05	|18,81	|17,42	|11,85	|11,25	|19,03	|16,47	|14,99	|16,34	|14,13	|16,73	|16,51	|17,6	|15,54	|16,33	|16,56	|16,18	|16,02	|
________________________________________________________
53	|2,56	|4,05	|1,31	|2,84	|2,89	|2,8	|2,02	|2,83	|0	|3,5	|2,73	|3,67	|2,67	|3	|3,44	|3,45	|24,1	|13,86	|12,88	|20,07	|17,13	|12,33	|16,62	|16,8	|13,57	|0	|14,51	|19,15	|16,66	|12,49	|18,81	|19,47	|18,32	|16,97	|18,97	|17,03	|16,1	|16,06	|17,48	|15,01	|17,32	|16,06	|16,19	|16,94	|19,49	|8,97	|11,43	|16,55	|13,3	|11,74	|16,35	|16,72	|100	|19,56	|13,92	|21,42	|19,47	|13,82	|18,92	|19,37	|16,41	|14,75	|16,95	|14,11	|16,26	|16,38	|18,41	|15,93	|16,9	|17,48	|16,66	|16,63	|
________________________________________________________
54	|4,12	|3,91	|1,86	|2,76	|3,27	|2,83	|1,98	|2,88	|1,32	|3,31	|14,18	|3,67	|2,85	|3,12	|3,42	|3,33	|19,7	|20,84	|12,56	|20,13	|17,49	|12,33	|16,9	|16,81	|0	|7,06	|0	|18,8	|16,58	|12,83	|19,26	|18,88	|18,53	|17,26	|19,06	|17,28	|16,12	|16,12	|17,36	|14,82	|17,37	|16,22	|16,5	|16,59	|19,41	|13,54	|11,28	|16,89	|13,03	|11,51	|16,38	|16,38	|26,83	|100	|12,38	|22,03	|18,79	|13,78	|18,66	|19,07	|16,64	|14,86	|16,29	|14,18	|16,6	|17,06	|18,46	|16,28	|17,11	|17,19	|16,77	|16,64	|
________________________________________________________
55	|4,09	|4,14	|2,02	|3,73	|2,82	|2,37	|2,07	|3,17	|0	|0	|2,28	|3,25	|3,21	|3,26	|4	|3,28	|23,41	|16,72	|13,43	|19,97	|17,09	|12,08	|16,02	|16,91	|19,69	|0	|10,15	|0	|18,47	|12,98	|19,18	|18,97	|19,69	|18,8	|23,39	|0	|0	|19,28	|18,07	|14,48	|16,65	|15,48	|16,56	|18,4	|17,88	|10,73	|12,85	|16,99	|13,48	|11,71	|16,8	|16,47	|26,32	|17,06	|100	|18,34	|21,1	|14,51	|18,24	|19,32	|18,78	|16,41	|20,34	|14,26	|16,88	|19,97	|19,12	|15,78	|17,65	|16,57	|15,29	|18,48	|
________________________________________________________
56	|3,32	|4,43	|1,56	|3,2	|2,54	|3,05	|1,54	|3,14	|2,52	|2,46	|2,57	|18,52	|0	|3,31	|3,57	|3,35	|21,63	|16,87	|11,79	|23,53	|14,17	|13,27	|16,15	|16,32	|18,95	|12,64	|0	|13,73	|0	|13,85	|18,97	|18,71	|18,54	|17,4	|18,67	|17,14	|17,32	|16,27	|17,37	|15,02	|17,27	|16,34	|16,37	|16,9	|16,95	|11,48	|10,44	|19,76	|9,85	|11,29	|16,85	|16,71	|26,31	|19,73	|11,92	|100	|20,32	|13,44	|18,47	|19,02	|17,09	|15,27	|15,94	|15,23	|18,52	|16,35	|18,37	|16,48	|16,89	|17,16	|16,59	|16,44	|
________________________________________________________
57	|3,43	|3,44	|1,94	|3,21	|3,66	|2,84	|2,47	|2,95	|2,37	|0	|2,64	|4,06	|1,68	|3,35	|17,74	|3,22	|22,53	|16,36	|12,22	|17,65	|20,64	|12,93	|16,14	|16,92	|19,43	|12,2	|14,65	|0	|10,07	|0	|19,35	|19,7	|18,08	|16,66	|19,97	|17,58	|16,26	|16,64	|17,35	|14,81	|17,5	|15,98	|16,56	|16,65	|16,42	|11,22	|12,82	|20,19	|15,74	|11,49	|16,61	|16,83	|26,02	|18,31	|14,92	|22,11	|100	|12,48	|18,6	|19,11	|16,55	|14,41	|16,78	|13,33	|16,17	|16,49	|19,09	|16,08	|17,08	|17,74	|16,83	|16,54	|
________________________________________________________
58	|3,72	|3,83	|1,7	|3,61	|3,55	|2,88	|1,92	|3,3	|2,07	|3,28	|2,82	|4,04	|0	|0	|2,85	|3,03	|22,52	|17,12	|11,77	|20,65	|16,47	|13,58	|16,55	|16,89	|18,37	|11,82	|13,48	|19,48	|0	|9,65	|0	|20,45	|18,7	|16,67	|20,75	|17,18	|16,66	|16,59	|19,7	|16,62	|20,7	|0	|0	|20,22	|15,98	|11,25	|11,8	|18,05	|11,62	|13,85	|16,44	|16,38	|26,4	|19,2	|14,66	|20,91	|17,84	|100	|17,25	|19,88	|17,33	|14,91	|17,85	|12,89	|15,99	|16,43	|21,63	|17,82	|20,11	|16,96	|16,85	|20,63	|
________________________________________________________
59	|3,36	|3,95	|1,7	|2,61	|2,81	|3,37	|1,85	|3,62	|2,39	|3,32	|2,56	|3,69	|2,85	|2,25	|2,8	|18,05	|22,52	|17,08	|12,41	|20,26	|16,95	|12,36	|20,97	|14,53	|18,94	|11,95	|13,14	|19,04	|16,84	|0	|12,56	|0	|18,5	|17,29	|19,03	|17,15	|17,28	|16,58	|17,88	|14,87	|17,66	|16,31	|16,15	|16,11	|16,15	|11,22	|11,3	|16,3	|13,31	|10,39	|19,21	|11,25	|26,16	|18,81	|13,34	|20,79	|19,24	|12,48	|100	|20,96	|16,51	|14,61	|16,09	|14,27	|16,15	|16,06	|18,98	|16,5	|17,34	|17,16	|18,05	|16,57	|
________________________________________________________
60	|3,35	|3,86	|1,63	|2,76	|3,02	|2,26	|2,29	|3,33	|2,33	|3,08	|2,66	|4,03	|2,95	|0	|3,82	|3,82	|22,1	|17	|12,21	|19,79	|16,98	|12,58	|13,83	|21,32	|18,69	|12,15	|12,9	|18,67	|16,79	|13,16	|0	|8,54	|18,34	|16,97	|18,82	|17,06	|17,06	|16,3	|17,56	|15,03	|17,54	|16,04	|16,65	|16,32	|16,24	|10,95	|11,58	|16,76	|13,03	|12,35	|18,5	|18,74	|26,38	|18,94	|13,92	|21,1	|19,48	|14,17	|20,65	|100	|16,43	|14,8	|17	|14,38	|16,39	|16,73	|18,52	|15,84	|16,73	|17,3	|16,36	|16,19	|
________________________________________________________
61	|4,16	|0	|1,84	|3,37	|2,77	|2,37	|2,46	|3,44	|2,28	|3,06	|2,55	|3,96	|2,4	|2,82	|2,86	|2,79	|22,14	|16,68	|14,66	|19,5	|16,19	|11,9	|16,96	|16,77	|16,07	|10,78	|13,5	|16,7	|14,06	|11,11	|16,88	|16,78	|16,23	|0	|21,66	|19,18	|18,81	|19,08	|22,3	|11,59	|17,28	|16,38	|16,14	|16,95	|16,48	|11,28	|14,13	|16,35	|12,86	|13,18	|16,36	|16,25	|22,39	|16,55	|13,55	|18,97	|16,89	|12,37	|16,29	|16,45	|100	|16,36	|19,54	|15,73	|18,89	|19,4	|21,33	|19,27	|17,22	|17,22	|16,29	|16,19	|
________________________________________________________
62	|4,17	|3,3	|11,56	|2,97	|2,74	|3,82	|2,23	|2,42	|2,29	|3,3	|2,72	|3,75	|2,64	|2,82	|2,92	|2,82	|22	|16,84	|0	|19,69	|16,44	|12,56	|16,8	|17,35	|16,37	|10,51	|13,75	|16,85	|13,99	|11,25	|17,21	|16,39	|0	|15,33	|22,04	|19,26	|18,9	|19,1	|14,5	|20,41	|16,92	|15,77	|16,94	|16,59	|16,57	|11,56	|11,43	|17,13	|12,99	|10,24	|16,98	|16,55	|22,51	|16,54	|13,25	|18,98	|16,46	|11,91	|16,13	|16,58	|18,31	|100	|19,16	|15,87	|18,59	|19,62	|12,7	|18,47	|17,08	|17,1	|16,2	|16,78	|
________________________________________________________
63	|3,16	|4,45	|1,82	|16,56	|3,8	|2,61	|2,12	|3,55	|2,47	|0	|2,62	|3,93	|2,6	|2,31	|3,47	|3,37	|21,91	|17,26	|0	|20,2	|17,02	|12,42	|16,3	|16,65	|16,35	|10,6	|14,65	|16,56	|15,54	|11,26	|17,51	|16,92	|21,14	|19,38	|17,71	|0	|18,36	|18,68	|18,04	|14,36	|22,06	|13,75	|16,56	|16,46	|16,51	|11,41	|11,43	|16,56	|13,71	|11,31	|16,71	|16,23	|23,27	|16,31	|14,77	|17,81	|17,24	|12,82	|15,98	|17,13	|19,67	|17,23	|100	|16,08	|18,38	|18,87	|18,77	|15,92	|19,8	|19,42	|16,45	|17,14	|
________________________________________________________
64	|0	|4,87	|2,28	|3,09	|2,34	|3,12	|2,04	|1,97	|1,99	|2,44	|16,73	|3,93	|2,16	|3,7	|3,63	|2,68	|21,71	|16,58	|15,6	|20,6	|16,77	|14,12	|16,21	|16,88	|16,78	|10,44	|0	|16,8	|13,81	|11,42	|16,58	|17	|20,91	|19,68	|0	|15,16	|18,4	|18,88	|17,69	|14,98	|14,35	|21,89	|16,83	|16,53	|16,72	|11,88	|14,07	|16,19	|13,36	|11,3	|16,39	|16,54	|22,83	|16,73	|12,21	|20,06	|16,14	|10,92	|16,7	|17,08	|18,66	|16,83	|18,94	|100	|18,99	|19,56	|18,14	|16,14	|11,17	|20,32	|16,61	|16,25	|
________________________________________________________
65	|3,75	|4,47	|2,06	|3,01	|2,9	|2,82	|1,97	|2,92	|1,64	|3,37	|2,37	|20,7	|3,17	|2,72	|2,86	|3,42	|21,58	|16,61	|13,34	|20,98	|17,5	|12,28	|16,77	|16,91	|16,16	|10,62	|0	|16,5	|14,41	|11,11	|16,53	|16,2	|20,61	|19,13	|21,78	|20,23	|15,11	|0	|17,27	|14,93	|16,83	|16,57	|21,75	|14,36	|16,49	|11,78	|12,69	|16,28	|12,73	|11,28	|16,35	|16,62	|22,33	|16,62	|12,27	|20,7	|16,62	|11,49	|16,04	|16,52	|19,02	|16,73	|18,39	|16,12	|100	|18,44	|18,6	|16,15	|16,82	|17,49	|19,16	|19,08	|
________________________________________________________
66	|3,63	|4,01	|1,95	|2,97	|2,76	|2,72	|2,11	|2,79	|0	|3,43	|2,97	|3,82	|2,1	|3,27	|2,86	|2,01	|22,05	|16,85	|13,68	|20,43	|16,34	|12,29	|16,36	|16,96	|15,96	|10,23	|15,01	|16,59	|14,36	|13,13	|16,72	|16,62	|20,48	|18,68	|21,11	|19,71	|0	|15,05	|17,47	|15	|17,29	|16,6	|14,7	|21,57	|16,17	|11,52	|12,75	|16,87	|13,07	|11,48	|16,3	|16,15	|22,15	|16,82	|14,29	|18	|16,68	|11,62	|15,71	|16,6	|19,23	|17,38	|18,58	|16,35	|18,16	|100	|18,71	|16,22	|16,72	|16,63	|11,59	|19,25	|
________________________________________________________
67	|3,98	|3,43	|1,17	|2,87	|3,63	|0	|2,33	|3,83	|1,86	|2,8	|2,28	|3,37	|2,7	|3,09	|3,28	|3,42	|22,05	|16,77	|13,17	|20,01	|17,24	|15,56	|16,05	|15,87	|16,99	|10,83	|11,98	|16,81	|14,88	|12,24	|16,61	|16,28	|23,35	|15,7	|19,53	|16,93	|16,31	|16,49	|17,04	|0	|19,26	|18,23	|18,88	|19,28	|16,63	|11,21	|11,53	|16,95	|13,32	|14,07	|16,54	|15,7	|22,71	|16,6	|12,48	|18,45	|17,62	|13,96	|16,93	|16,77	|19,29	|10,26	|16,86	|13,83	|16,71	|17,06	|100	|18,35	|19,4	|19,09	|18,89	|18,72	|
________________________________________________________
68	|3,34	|4,84	|1,99	|2,74	|3,33	|2,46	|12,87	|3,18	|1,99	|2,79	|2,46	|3,55	|2,87	|3,19	|3,27	|3,37	|21,83	|16,82	|12,07	|20,37	|16,62	|0	|16,88	|16,37	|16,59	|11,04	|11,95	|16,13	|14,76	|12,43	|16,77	|16,21	|15,84	|21,79	|19,15	|17,54	|16,28	|16,77	|0	|12,15	|19,73	|18,66	|19,23	|19	|16,28	|11,48	|11,35	|16,77	|12,87	|11,53	|16,82	|15,87	|22,49	|16,76	|11,79	|18,94	|16,98	|13,16	|16,85	|16,41	|19,94	|17,08	|16,37	|14,08	|16,6	|16,94	|21	|100	|19,39	|19,6	|18,97	|18,53	|
________________________________________________________
69	|4,33	|3,67	|1,51	|2,91	|2,75	|3,23	|1,95	|17,48	|2,21	|2,34	|1,53	|3,35	|3,15	|0	|3,27	|3,54	|22,13	|16,95	|11,62	|19,93	|17,19	|0	|16,6	|16,56	|16,87	|11,12	|13,64	|16,71	|15,17	|13,47	|17,03	|16,72	|18,23	|17,14	|24,21	|14,39	|16,49	|16,85	|20,34	|17,35	|15,06	|0	|18,83	|19,42	|16,37	|12,02	|10,03	|16,27	|13,06	|11,56	|17,48	|15,75	|22,53	|16,63	|12,44	|18,33	|17,04	|14,03	|16,72	|16,37	|16,82	|14,92	|19,22	|9,2	|16,33	|16,49	|20,97	|18,31	|100	|19,4	|18,48	|18,72	|
________________________________________________________
70	|3,02	|3,65	|2	|3,06	|0	|3,45	|2,5	|3,51	|1,92	|3,64	|2,88	|3,41	|2,85	|2,52	|17,71	|3,04	|21,27	|16,4	|12,06	|20,05	|17,22	|14,4	|16,42	|16,77	|16,64	|10,49	|11,73	|16,06	|14,43	|0	|16,82	|16,22	|17,79	|17,02	|16,85	|22,59	|16,53	|16,57	|20,16	|17,11	|0	|13,79	|19	|19,27	|16,27	|11,51	|12,47	|16,64	|13,41	|14,32	|16,61	|15,97	|23,32	|16,72	|11,69	|18,64	|17,71	|11,84	|16,56	|16,94	|16,84	|14,95	|18,86	|16,75	|16,98	|16,4	|20,65	|18,52	|19,41	|100	|19,04	|19,33	|
________________________________________________________
71	|3,36	|3,53	|1,64	|2,65	|3,47	|3,26	|2,55	|3,38	|2,56	|2,87	|1,96	|3,92	|1,96	|3,24	|3,02	|17,88	|21,72	|16,9	|12,22	|19,76	|17,66	|13,6	|17,12	|16,27	|16,75	|10,95	|12,04	|15,98	|14,26	|0	|16,26	|16,36	|18,5	|16,58	|19,18	|17,19	|21,1	|13,68	|20	|17,45	|19,36	|18,82	|13,94	|0	|16,58	|11,58	|11,58	|16,29	|13,39	|12,7	|16,71	|16,03	|22,82	|16,74	|11,08	|18,5	|17,25	|12,07	|17,88	|16,44	|16,36	|14,54	|16,41	|14,06	|19,11	|11,74	|20,98	|18,41	|18,99	|19,55	|100	|19,18	|
________________________________________________________
72	|3,25	|3,91	|1,79	|2,69	|3,45	|3,21	|2,15	|3,4	|1,65	|3,09	|2,63	|3,99	|0	|3,58	|3,64	|3,48	|22,06	|16,56	|11,93	|20,1	|17,41	|13,61	|17,09	|16,75	|16,35	|10,61	|12,34	|17,29	|15,74	|13,54	|17,22	|16,41	|18,62	|17,68	|19,15	|17,28	|14,15	|21,53	|19,74	|17,48	|20	|18,11	|0	|14,67	|16,52	|11,82	|11,24	|16,63	|13,07	|12,79	|16,31	|15,77	|22,64	|16,52	|13,31	|18,22	|16,85	|14,7	|16,32	|16,19	|16,16	|14,97	|16,99	|13,67	|18,91	|19,38	|20,67	|17,87	|19,12	|19,73	|19,06	|100	|
________________________________________________________
