0	|1	|2	|3	|4	|5	|6	|7	|8	|9	|10	|11	|12	|13	|14	|15	|16	|17	|18	|19	|20	|21	|22	|23	|24	|25	|26	|27	|28	|29	|30	|31	|32	|33	|34	|35	|36	|37	|38	|39	|40	|41	|42	|43	|44	|45	|46	|47	|48	|49	|50	|51	|52	|53	|54	|55	|56	|57	|58	|59	|60	|61	|62	|63	|64	|65	|66	|67	|68	|69	|70	|71	|72	|
1	|3263	|111	|56	|94	|132	|89	|91	|127	|91	|105	|0	|136	|88	|70	|83	|93	|826	|3263	|412	|685	|684	|394	|614	|612	|694	|440	|443	|545	|520	|349	|591	|556	|754	|538	|3263	|621	|580	|546	|619	|451	|605	|404	|564	|546	|0	|285	|0	|602	|558	|429	|604	|628	|620	|652	|490	|580	|559	|438	|533	|481	|669	|547	|457	|0	|656	|600	|675	|561	|718	|468	|557	|546	|
________________________________________________________
2	|111	|3608	|52	|113	|130	|124	|0	|117	|67	|151	|124	|193	|64	|108	|78	|146	|944	|618	|455	|3608	|727	|483	|631	|684	|647	|317	|490	|668	|416	|398	|620	|586	|720	|3608	|662	|818	|654	|636	|784	|624	|603	|614	|582	|611	|806	|472	|0	|515	|0	|509	|650	|690	|874	|577	|473	|827	|507	|443	|625	|580	|0	|434	|706	|672	|689	|700	|589	|718	|598	|609	|636	|591	|
________________________________________________________
3	|56	|52	|1752	|46	|58	|79	|56	|56	|61	|66	|48	|60	|34	|48	|76	|64	|0	|230	|0	|416	|339	|243	|341	|324	|228	|271	|229	|278	|252	|176	|292	|272	|0	|238	|420	|376	|338	|344	|257	|354	|320	|321	|282	|285	|353	|1752	|184	|323	|281	|212	|330	|335	|320	|345	|225	|311	|315	|200	|291	|259	|305	|1752	|287	|285	|340	|324	|209	|323	|245	|328	|310	|290	|
________________________________________________________
4	|94	|113	|46	|2806	|0	|101	|69	|109	|65	|0	|74	|135	|69	|56	|111	|140	|782	|592	|0	|474	|0	|415	|513	|537	|464	|286	|428	|576	|348	|328	|457	|439	|646	|575	|447	|0	|539	|534	|524	|456	|652	|415	|500	|476	|569	|316	|282	|2806	|438	|350	|553	|557	|644	|440	|418	|561	|527	|444	|501	|434	|579	|445	|2806	|461	|540	|513	|520	|471	|533	|556	|471	|443	|
________________________________________________________
5	|132	|130	|58	|0	|2961	|54	|56	|102	|82	|113	|62	|92	|111	|98	|0	|115	|706	|571	|466	|678	|2961	|382	|463	|586	|521	|347	|541	|568	|489	|397	|485	|481	|539	|485	|636	|551	|478	|459	|641	|433	|2961	|576	|566	|543	|529	|399	|408	|0	|269	|0	|614	|598	|605	|492	|377	|454	|627	|452	|505	|507	|453	|416	|623	|366	|456	|488	|651	|525	|440	|0	|537	|532	|
________________________________________________________
6	|89	|124	|79	|101	|54	|2775	|69	|70	|61	|105	|75	|105	|61	|90	|105	|146	|697	|531	|339	|601	|439	|315	|2775	|540	|489	|297	|339	|521	|353	|349	|505	|358	|333	|556	|510	|482	|448	|455	|540	|2775	|451	|546	|514	|536	|526	|370	|348	|593	|483	|0	|375	|0	|618	|459	|368	|555	|481	|390	|588	|377	|369	|594	|475	|437	|462	|506	|0	|362	|551	|553	|528	|520	|
________________________________________________________
7	|91	|0	|56	|69	|56	|69	|2149	|60	|34	|53	|50	|64	|74	|76	|91	|60	|541	|403	|320	|0	|296	|0	|438	|437	|377	|184	|268	|290	|408	|257	|356	|391	|297	|462	|411	|370	|367	|327	|0	|261	|391	|413	|409	|415	|398	|256	|308	|421	|2149	|251	|346	|413	|492	|360	|277	|310	|428	|291	|312	|394	|444	|377	|358	|320	|378	|335	|464	|2149	|383	|437	|431	|393	|
________________________________________________________
8	|127	|117	|56	|109	|102	|70	|60	|2886	|62	|73	|44	|96	|95	|0	|105	|131	|732	|553	|406	|693	|631	|0	|366	|0	|485	|308	|352	|527	|449	|392	|640	|385	|629	|443	|658	|412	|451	|467	|648	|493	|388	|0	|560	|565	|560	|372	|359	|581	|412	|349	|2886	|583	|649	|482	|319	|532	|479	|420	|557	|581	|559	|388	|562	|287	|484	|459	|659	|486	|2886	|558	|521	|532	|
________________________________________________________
9	|91	|67	|61	|65	|82	|61	|34	|62	|1879	|53	|30	|63	|76	|45	|65	|99	|322	|409	|251	|351	|371	|211	|334	|290	|437	|1879	|234	|335	|351	|208	|360	|373	|385	|337	|434	|339	|1879	|320	|356	|269	|359	|281	|373	|215	|202	|295	|230	|303	|278	|234	|320	|283	|0	|191	|0	|407	|410	|262	|393	|387	|365	|325	|380	|303	|269	|0	|319	|300	|328	|322	|407	|249	|
________________________________________________________
10	|105	|151	|66	|0	|113	|105	|53	|73	|53	|2898	|73	|94	|91	|115	|0	|119	|651	|498	|445	|681	|602	|513	|472	|426	|609	|305	|340	|2898	|605	|379	|552	|581	|591	|563	|580	|2898	|491	|602	|503	|431	|555	|516	|446	|489	|474	|325	|405	|609	|302	|309	|477	|493	|777	|580	|0	|422	|0	|417	|527	|557	|503	|495	|0	|354	|575	|599	|531	|445	|431	|632	|477	|480	|
________________________________________________________
11	|0	|124	|48	|74	|62	|75	|50	|44	|30	|73	|2367	|73	|68	|95	|87	|71	|492	|438	|403	|474	|406	|324	|398	|374	|0	|150	|0	|469	|412	|332	|433	|445	|481	|480	|0	|353	|470	|478	|423	|355	|336	|534	|412	|425	|498	|299	|323	|398	|318	|259	|382	|379	|637	|2367	|265	|442	|460	|299	|451	|439	|425	|409	|429	|2367	|404	|461	|447	|390	|255	|431	|355	|434	|
________________________________________________________
12	|136	|193	|60	|135	|92	|105	|64	|96	|63	|94	|73	|3420	|0	|112	|116	|151	|850	|561	|471	|810	|524	|480	|573	|583	|669	|420	|0	|465	|0	|472	|629	|623	|689	|687	|769	|714	|493	|0	|612	|537	|581	|563	|738	|500	|622	|346	|408	|707	|334	|380	|527	|567	|906	|578	|404	|3420	|709	|501	|641	|615	|631	|596	|687	|484	|3420	|609	|651	|549	|573	|538	|665	|656	|
________________________________________________________
13	|88	|64	|34	|69	|111	|61	|74	|95	|76	|91	|68	|0	|2433	|53	|63	|93	|556	|380	|284	|381	|526	|329	|366	|456	|475	|293	|371	|504	|2433	|252	|414	|495	|460	|408	|513	|400	|494	|504	|482	|398	|504	|395	|2433	|460	|392	|279	|281	|349	|436	|332	|419	|463	|647	|482	|352	|0	|298	|0	|519	|544	|439	|340	|454	|340	|540	|311	|499	|435	|507	|488	|345	|0	|
________________________________________________________
14	|70	|108	|48	|56	|98	|90	|76	|0	|45	|115	|95	|112	|53	|2724	|88	|83	|573	|440	|352	|534	|468	|384	|508	|501	|523	|311	|333	|532	|382	|324	|2724	|579	|523	|458	|417	|598	|415	|476	|541	|435	|544	|2724	|470	|588	|461	|296	|324	|451	|366	|386	|583	|381	|724	|503	|368	|591	|546	|0	|343	|0	|436	|377	|339	|510	|470	|556	|592	|482	|0	|387	|543	|517	|
________________________________________________________
15	|83	|78	|76	|111	|0	|105	|91	|105	|65	|0	|87	|116	|63	|88	|2972	|78	|607	|509	|347	|517	|636	|442	|499	|482	|582	|344	|440	|0	|291	|0	|611	|638	|507	|473	|530	|660	|474	|482	|584	|503	|0	|406	|571	|603	|493	|361	|471	|578	|455	|406	|507	|506	|742	|500	|461	|667	|2972	|346	|478	|618	|469	|444	|559	|465	|489	|508	|622	|569	|575	|2972	|516	|605	|
________________________________________________________
16	|93	|146	|64	|140	|115	|146	|60	|131	|99	|119	|71	|151	|93	|83	|78	|3119	|660	|491	|359	|671	|551	|394	|704	|430	|585	|389	|421	|605	|595	|0	|361	|0	|567	|554	|614	|587	|696	|478	|645	|549	|659	|619	|447	|0	|546	|370	|356	|556	|390	|384	|597	|354	|810	|578	|417	|693	|554	|395	|3119	|671	|496	|483	|609	|407	|596	|344	|635	|582	|650	|523	|3119	|614	|
________________________________________________________
17	|826	|944	|0	|782	|706	|697	|541	|732	|322	|651	|492	|850	|556	|573	|607	|660	|22141	|4047	|3123	|5010	|4312	|3061	|4101	|4154	|4141	|1828	|2697	|3777	|3281	|2475	|3713	|3658	|4051	|3729	|4254	|3785	|3669	|3588	|3927	|3252	|3761	|3525	|3698	|3689	|3327	|0	|3046	|4216	|3321	|2959	|4212	|4179	|5748	|3347	|2843	|4181	|3779	|2685	|3727	|3651	|3710	|3300	|3704	|3137	|3579	|3630	|4053	|3559	|3837	|3612	|3720	|3674	|
________________________________________________________
18	|3263	|618	|230	|592	|571	|531	|403	|553	|409	|498	|438	|561	|380	|440	|509	|491	|4047	|16577	|2126	|3818	|3231	|2277	|3178	|3161	|3421	|2277	|1979	|2789	|2374	|1833	|2792	|2810	|3038	|2737	|3263	|2789	|2720	|2577	|2867	|2441	|2772	|2625	|2789	|2763	|0	|1544	|0	|3137	|2570	|2205	|3110	|3111	|3167	|3264	|1980	|3043	|2873	|2013	|2802	|2656	|2730	|2472	|2764	|2334	|2770	|2721	|3103	|2696	|2849	|2732	|2693	|2677	|
________________________________________________________
19	|412	|455	|0	|0	|466	|339	|320	|406	|251	|445	|403	|471	|284	|352	|347	|359	|3123	|2126	|12474	|2524	|2654	|1793	|2274	|2276	|2309	|1110	|1718	|2078	|1868	|1417	|2110	|2056	|2645	|2087	|2408	|2601	|2273	|2290	|2411	|1593	|2037	|2027	|2020	|2130	|2543	|0	|1222	|0	|1928	|1650	|2328	|2238	|3027	|2153	|1682	|2298	|2170	|1492	|2081	|2075	|2675	|0	|0	|2226	|2311	|2322	|2478	|2045	|2052	|2045	|2045	|2103	|
________________________________________________________
20	|685	|3608	|416	|474	|678	|601	|0	|693	|351	|681	|474	|810	|381	|534	|517	|671	|5010	|3818	|2524	|19706	|3962	|2663	|3606	|3738	|3341	|2080	|2224	|3742	|2271	|2285	|3319	|3201	|3511	|3608	|3704	|3492	|3252	|3267	|3568	|3001	|3336	|3222	|3232	|3251	|3938	|2584	|0	|2856	|0	|2744	|3663	|3662	|4487	|3222	|2387	|4293	|2937	|2513	|3192	|3202	|3206	|2898	|3224	|2888	|3270	|3340	|3558	|3123	|3347	|3286	|3335	|3211	|
________________________________________________________
21	|684	|727	|339	|0	|2961	|439	|296	|631	|371	|602	|406	|524	|526	|468	|636	|551	|4312	|3231	|2654	|3962	|17216	|2116	|3225	|3185	|2925	|1862	|2258	|3335	|3046	|1940	|2848	|2809	|3123	|2811	|3268	|3001	|2768	|2774	|2976	|2524	|2961	|2761	|2830	|2792	|3270	|2187	|2325	|0	|1722	|0	|3360	|3324	|3741	|2828	|2114	|2656	|3601	|2063	|2809	|2871	|2816	|2527	|2866	|2456	|2833	|2769	|3109	|2724	|2938	|2876	|2871	|2816	|
________________________________________________________
22	|394	|483	|243	|415	|382	|315	|0	|0	|211	|513	|324	|480	|329	|384	|442	|394	|3061	|2277	|1793	|2663	|2116	|12117	|2008	|2490	|2036	|1229	|1427	|2139	|1554	|1552	|2030	|2003	|2166	|1951	|2018	|2235	|1936	|1961	|2609	|1841	|1994	|2384	|2229	|2260	|2314	|1506	|1602	|2392	|0	|1214	|0	|2402	|2716	|2067	|1528	|2549	|2106	|1579	|2021	|2001	|2036	|1830	|2027	|1933	|2051	|1993	|2707	|0	|0	|2473	|2197	|2215	|
________________________________________________________
23	|614	|631	|341	|513	|463	|2775	|438	|366	|334	|472	|398	|573	|366	|508	|499	|704	|4101	|3178	|2274	|3606	|3225	|2008	|16466	|3205	|2828	|1770	|1957	|2773	|2471	|1698	|3149	|1990	|3072	|2746	|3256	|2802	|2784	|2690	|2899	|2775	|2762	|2670	|2750	|2795	|3126	|2193	|1998	|3103	|2578	|0	|2148	|0	|3762	|2765	|2024	|3108	|2778	|1968	|3527	|2344	|2697	|2486	|2753	|2259	|2736	|2704	|2843	|2562	|2785	|2734	|2786	|2773	|
________________________________________________________
24	|612	|684	|324	|537	|586	|540	|437	|0	|290	|426	|374	|583	|456	|501	|482	|430	|4154	|3161	|2276	|3738	|3185	|2490	|3205	|16597	|2836	|1734	|1900	|2679	|2511	|2039	|3231	|3104	|3047	|2793	|3130	|2780	|2643	|2622	|2860	|2443	|2812	|2622	|2663	|2678	|3177	|2117	|2045	|3161	|2490	|2373	|0	|1330	|3726	|2731	|2058	|3040	|2858	|1936	|2457	|3519	|2757	|2554	|2805	|2313	|2748	|2809	|2930	|2644	|2745	|2708	|2669	|2711	|
________________________________________________________
25	|694	|647	|228	|464	|521	|489	|377	|485	|437	|609	|0	|669	|475	|523	|582	|585	|4141	|3421	|2309	|3341	|2925	|2036	|2828	|2836	|16970	|2372	|2576	|3251	|2903	|2128	|3182	|3168	|3087	|2890	|3261	|2915	|2718	|2703	|2973	|2524	|2845	|2731	|2737	|2878	|3394	|1579	|1822	|2808	|2288	|1989	|2822	|2785	|3240	|0	|2591	|3527	|3250	|2378	|3220	|3221	|2820	|2504	|2828	|2372	|2778	|2763	|3079	|2843	|2929	|2852	|2857	|2820	|
________________________________________________________
26	|440	|317	|271	|286	|347	|297	|184	|308	|1879	|305	|150	|420	|293	|311	|344	|389	|1828	|2277	|1110	|2080	|1862	|1229	|1770	|1734	|2372	|10442	|1238	|2040	|1774	|1234	|2006	|1988	|1963	|1715	|1993	|1834	|1879	|1655	|1821	|1555	|1785	|1729	|1759	|1759	|1115	|1717	|1183	|1712	|1322	|1267	|1777	|1712	|0	|1073	|0	|2188	|2024	|1402	|2026	|1987	|1745	|1552	|1792	|1507	|1711	|1722	|1854	|1685	|1706	|1783	|1774	|1769	|
________________________________________________________
27	|443	|490	|229	|428	|541	|339	|268	|352	|234	|340	|0	|0	|371	|333	|440	|421	|2697	|1979	|1718	|2224	|2258	|1427	|1957	|1900	|2576	|1238	|11938	|2079	|2159	|1589	|2149	|2076	|2436	|2273	|2606	|2041	|1909	|2510	|2111	|1808	|2295	|1753	|1988	|1980	|2031	|1329	|1480	|1922	|1759	|1369	|1964	|1998	|3301	|0	|1310	|0	|2418	|1687	|2214	|2198	|2247	|1983	|2507	|0	|0	|2527	|2118	|1912	|2216	|2024	|1992	|1986	|
________________________________________________________
28	|545	|668	|278	|576	|568	|521	|290	|527	|335	|2898	|469	|465	|504	|532	|0	|605	|3777	|2789	|2078	|3742	|3335	|2139	|2773	|2679	|3251	|2040	|2079	|16703	|3130	|2231	|3152	|3154	|3113	|2777	|3179	|2898	|2826	|2822	|2977	|2540	|2896	|2665	|2801	|2865	|2835	|1882	|1864	|3477	|1733	|1853	|2840	|2813	|4210	|3062	|0	|2492	|0	|2393	|3096	|3189	|2704	|2481	|2732	|2399	|2777	|2765	|3026	|2757	|2889	|2843	|2719	|2795	|
________________________________________________________
29	|520	|416	|252	|348	|489	|353	|408	|449	|351	|605	|412	|0	|2433	|382	|291	|595	|3281	|2374	|1868	|2271	|3046	|1554	|2471	|2511	|2903	|1774	|2159	|3130	|14864	|1614	|2954	|2842	|2751	|2455	|3023	|2565	|2411	|2466	|2623	|2207	|2478	|2377	|2433	|2513	|2431	|1659	|1846	|1946	|2666	|1717	|2520	|2485	|3785	|2724	|2131	|0	|1707	|0	|2938	|2922	|2492	|2170	|2608	|2028	|2354	|2399	|2672	|2439	|2563	|2486	|2454	|2519	|
________________________________________________________
30	|349	|398	|176	|328	|397	|349	|257	|392	|208	|379	|332	|472	|252	|324	|0	|0	|2475	|1833	|1417	|2285	|1940	|1552	|1698	|2039	|2128	|1234	|1589	|2231	|1614	|11134	|1902	|2148	|2075	|1814	|2149	|1939	|1637	|2046	|2208	|1853	|2269	|1818	|1820	|2186	|1894	|1210	|1238	|1857	|1497	|1475	|1843	|2023	|2886	|2127	|1529	|2451	|0	|1182	|0	|2248	|1845	|1680	|1861	|1636	|1835	|2058	|2317	|1955	|2250	|0	|0	|2235	|
________________________________________________________
31	|591	|620	|292	|457	|485	|505	|356	|640	|360	|552	|433	|629	|414	|2724	|611	|361	|3713	|2792	|2110	|3319	|2848	|2030	|3149	|3231	|3182	|2006	|2149	|3152	|2954	|1902	|16696	|3446	|3079	|2781	|3334	|2887	|2862	|2762	|2914	|2494	|2893	|2724	|2832	|2760	|2795	|1920	|1838	|2792	|2185	|1993	|3550	|2366	|4365	|3168	|2309	|3443	|3219	|0	|2054	|0	|2840	|2525	|2708	|2302	|2703	|2781	|3008	|2681	|2850	|2805	|2833	|2720	|
________________________________________________________
32	|556	|586	|272	|439	|481	|358	|391	|385	|373	|581	|445	|623	|495	|579	|638	|0	|3658	|2810	|2056	|3201	|2809	|2003	|1990	|3104	|3168	|1988	|2076	|3154	|2842	|2148	|3446	|16477	|3051	|2784	|3167	|2814	|2837	|2678	|2951	|2490	|2735	|2711	|2617	|2694	|2778	|1816	|1829	|2763	|2145	|2065	|2287	|3498	|4194	|3139	|2322	|3485	|3306	|2410	|0	|1504	|2762	|2480	|2711	|2398	|2716	|2755	|2954	|2706	|2752	|2791	|2712	|2701	|
________________________________________________________
33	|754	|720	|0	|646	|539	|333	|297	|629	|385	|591	|481	|689	|460	|523	|507	|567	|4051	|3038	|2645	|3511	|3123	|2166	|3072	|3047	|3087	|1963	|2436	|3113	|2751	|2075	|3079	|3051	|18253	|3409	|3938	|3469	|3394	|3354	|3631	|1794	|3069	|2981	|3015	|2989	|3106	|2104	|2476	|3026	|2347	|2376	|3089	|3069	|4267	|3080	|2475	|3374	|3020	|2249	|3086	|3028	|2805	|0	|3551	|2870	|3382	|3386	|4187	|2566	|3053	|2994	|3043	|3049	|
________________________________________________________
34	|538	|3608	|238	|575	|485	|556	|462	|443	|337	|563	|480	|687	|408	|458	|473	|554	|3729	|2737	|2087	|3608	|2811	|1951	|2746	|2793	|2890	|1715	|2273	|2777	|2455	|1814	|2781	|2784	|3409	|16749	|3597	|3235	|3153	|3123	|3415	|2821	|2858	|2689	|2774	|2778	|2861	|1835	|0	|2749	|2215	|1904	|2655	|2692	|3792	|2732	|2230	|3143	|2842	|2010	|2898	|2762	|0	|2239	|3244	|2739	|3178	|3181	|2766	|3508	|2876	|2733	|2853	|2701	|
________________________________________________________
35	|3263	|662	|420	|447	|636	|510	|411	|658	|434	|580	|0	|769	|513	|417	|530	|614	|4254	|3263	|2408	|3704	|3268	|2018	|3256	|3130	|3261	|1993	|2606	|3179	|3023	|2149	|3334	|3167	|3938	|3597	|19076	|3564	|3451	|3461	|3436	|2876	|3555	|2303	|3208	|3178	|3125	|2200	|0	|3132	|2599	|2219	|3199	|3160	|4237	|3216	|2876	|3365	|3269	|2503	|3187	|3033	|3605	|3257	|2824	|0	|3666	|3563	|3471	|3071	|4037	|2830	|3169	|3136	|
________________________________________________________
36	|621	|818	|376	|0	|551	|482	|370	|412	|339	|2898	|353	|714	|400	|598	|660	|587	|3785	|2789	|2601	|3492	|3001	|2235	|2802	|2780	|2915	|1834	|2041	|2898	|2565	|1939	|2887	|2814	|3469	|3235	|3564	|17046	|3328	|3328	|2925	|2488	|3282	|3248	|2802	|2787	|2825	|1967	|2288	|2838	|2234	|1930	|2759	|2805	|3831	|2763	|0	|3141	|2887	|2090	|2902	|2797	|3170	|2915	|0	|2139	|3301	|3247	|3111	|2783	|2405	|3746	|2842	|2831	|
________________________________________________________
37	|580	|654	|338	|539	|478	|448	|367	|451	|1879	|491	|470	|493	|494	|415	|474	|696	|3669	|2720	|2273	|3252	|2768	|1936	|2784	|2643	|2718	|1879	|1909	|2826	|2411	|1637	|2862	|2837	|3394	|3153	|3451	|3328	|16529	|2968	|2945	|2408	|2828	|2780	|3227	|1874	|2738	|1877	|1985	|2800	|2184	|1914	|2724	|2746	|3687	|2727	|0	|3006	|2835	|1949	|2880	|2869	|3230	|2796	|3070	|2743	|2525	|0	|3082	|2720	|2705	|2853	|3618	|2344	|
________________________________________________________
38	|546	|636	|344	|534	|459	|455	|327	|467	|320	|602	|478	|0	|504	|476	|482	|478	|3588	|2577	|2290	|3267	|2774	|1961	|2690	|2622	|2703	|1655	|2510	|2822	|2466	|2046	|2762	|2678	|3354	|3123	|3461	|3328	|2968	|16438	|2922	|2464	|2752	|2660	|3133	|3075	|2702	|1887	|2042	|2761	|2122	|1947	|2739	|2778	|3726	|2634	|2343	|2888	|2719	|1926	|2754	|2673	|3048	|2868	|2993	|2712	|0	|2462	|2974	|2625	|2720	|2780	|2434	|3589	|
________________________________________________________
39	|619	|784	|257	|524	|641	|540	|0	|648	|356	|503	|423	|612	|482	|541	|584	|645	|3927	|2867	|2411	|3568	|2976	|2609	|2899	|2860	|2973	|1821	|2111	|2977	|2623	|2208	|2914	|2951	|3631	|3415	|3436	|2925	|2945	|2922	|17681	|2870	|3377	|3238	|3347	|3379	|2932	|2041	|1913	|3011	|2234	|2503	|2856	|2777	|4059	|2990	|2177	|3337	|2966	|2407	|3034	|2905	|3877	|2202	|2982	|2482	|2961	|2915	|3052	|0	|3533	|3320	|3309	|3363	|
________________________________________________________
40	|451	|624	|354	|456	|433	|2775	|261	|493	|269	|431	|355	|537	|398	|435	|503	|549	|3252	|2441	|1593	|3001	|2524	|1841	|2775	|2443	|2524	|1555	|1808	|2540	|2207	|1853	|2494	|2490	|1794	|2821	|2876	|2488	|2408	|2464	|2870	|14930	|2883	|2702	|2765	|2796	|2556	|1729	|1706	|2590	|1967	|0	|2477	|2436	|3397	|2417	|1828	|2772	|2567	|2048	|2570	|2439	|1952	|3125	|2557	|2133	|2510	|2483	|0	|2056	|2925	|2891	|2852	|2845	|
________________________________________________________
41	|605	|603	|320	|652	|2961	|451	|391	|388	|359	|555	|336	|581	|504	|544	|0	|659	|3761	|2772	|2037	|3336	|2961	|1994	|2762	|2812	|2845	|1785	|2295	|2896	|2478	|2269	|2893	|2735	|3069	|2858	|3555	|3282	|2828	|2752	|3377	|2883	|16994	|3181	|3196	|3105	|2879	|1983	|1933	|2908	|2172	|0	|2822	|2735	|3773	|2836	|2046	|3218	|2967	|2471	|2858	|2850	|2834	|2611	|3663	|2036	|2786	|2803	|3426	|3096	|2544	|0	|3260	|3215	|
________________________________________________________
42	|404	|614	|321	|415	|576	|546	|413	|0	|281	|516	|534	|563	|395	|2724	|406	|619	|3525	|2625	|2027	|3222	|2761	|2384	|2670	|2622	|2731	|1729	|1753	|2665	|2377	|1818	|2724	|2711	|2981	|2689	|2303	|3248	|2780	|2660	|3238	|2702	|3181	|16316	|3166	|3145	|2677	|1833	|2025	|2707	|2147	|2350	|2674	|2714	|3725	|2688	|1964	|3085	|2766	|0	|2734	|2617	|2730	|2440	|2331	|3239	|2782	|2827	|3336	|2972	|0	|2282	|3124	|3134	|
________________________________________________________
43	|564	|582	|282	|500	|566	|514	|409	|560	|373	|446	|412	|738	|2433	|470	|571	|447	|3698	|2789	|2020	|3232	|2830	|2229	|2750	|2663	|2737	|1759	|1988	|2801	|2433	|1820	|2832	|2617	|3015	|2774	|3208	|2802	|3227	|3133	|3347	|2765	|3196	|3166	|16517	|3088	|2709	|1898	|1805	|2819	|2171	|2165	|2804	|2685	|3814	|2831	|2044	|3125	|2800	|0	|2824	|2797	|2809	|2497	|2684	|2376	|3629	|2232	|3400	|2999	|3095	|3109	|2407	|0	|
________________________________________________________
44	|546	|611	|285	|476	|543	|536	|415	|565	|215	|489	|425	|500	|460	|588	|603	|0	|3689	|2763	|2130	|3251	|2792	|2260	|2795	|2678	|2878	|1759	|1980	|2865	|2513	|2186	|2760	|2694	|2989	|2778	|3178	|2787	|1874	|3075	|3379	|2796	|3105	|3145	|3088	|16637	|2788	|1937	|1869	|2761	|2219	|2199	|2757	|2674	|3694	|2779	|2225	|3076	|2842	|2466	|2738	|2652	|2709	|2528	|2723	|2321	|2342	|3510	|3427	|2973	|3190	|3265	|0	|2343	|
________________________________________________________
45	|0	|806	|353	|569	|529	|526	|398	|560	|202	|474	|498	|622	|392	|461	|493	|546	|3327	|0	|2543	|3938	|3270	|2314	|3126	|3177	|3394	|1115	|2031	|2835	|2431	|1894	|2795	|2778	|3106	|2861	|3125	|2825	|2738	|2702	|2932	|2556	|2879	|2677	|2709	|2788	|16794	|2271	|2269	|3154	|2462	|2181	|3150	|3145	|4376	|3347	|2241	|3068	|2828	|2069	|2867	|2824	|2773	|2510	|2761	|2354	|2637	|2787	|3036	|2776	|2945	|2745	|2901	|2881	|
________________________________________________________
46	|285	|472	|1752	|316	|399	|370	|256	|372	|295	|325	|299	|346	|279	|296	|361	|370	|0	|1544	|0	|2584	|2187	|1506	|2193	|2117	|1579	|1717	|1329	|1882	|1659	|1210	|1920	|1816	|2104	|1835	|2200	|1967	|1877	|1887	|2041	|1729	|1983	|1833	|1898	|1937	|2271	|11369	|1275	|2209	|1682	|1453	|2149	|2094	|1981	|2219	|1233	|2094	|1926	|1338	|1862	|1841	|1883	|1752	|1915	|1563	|1952	|1905	|2069	|1822	|1916	|1944	|1911	|1902	|
________________________________________________________
47	|0	|0	|184	|282	|408	|348	|308	|359	|230	|405	|323	|408	|281	|324	|471	|356	|3046	|0	|1222	|0	|2325	|1602	|1998	|2045	|1822	|1183	|1480	|1864	|1846	|1238	|1838	|1829	|2476	|0	|0	|2288	|1985	|2042	|1913	|1706	|1933	|2025	|1805	|1869	|2269	|1275	|11094	|1851	|1821	|1508	|2081	|2120	|2521	|1873	|1626	|1913	|2064	|1365	|1871	|1840	|2277	|1657	|1817	|1926	|2008	|1991	|1983	|1875	|1672	|2070	|1847	|1947	|
________________________________________________________
48	|602	|515	|323	|2806	|0	|593	|421	|581	|303	|609	|398	|707	|349	|451	|578	|556	|4216	|3137	|0	|2856	|0	|2392	|3103	|3161	|2808	|1712	|1922	|3477	|1946	|1857	|2792	|2763	|3026	|2749	|3132	|2838	|2800	|2761	|3011	|2590	|2908	|2707	|2819	|2761	|3154	|2209	|1851	|16643	|2648	|2282	|3132	|3103	|3791	|2714	|2004	|3653	|3327	|2188	|2772	|2730	|2705	|2554	|2806	|2388	|2817	|2703	|3101	|2678	|2775	|2759	|2787	|2665	|
________________________________________________________
49	|558	|0	|281	|438	|269	|483	|2149	|412	|278	|302	|318	|334	|436	|366	|455	|390	|3321	|2570	|1928	|0	|1722	|0	|2578	|2490	|2288	|1322	|1759	|1733	|2666	|1497	|2185	|2145	|2347	|2215	|2599	|2234	|2184	|2122	|2234	|1967	|2172	|2147	|2171	|2219	|2462	|1682	|1821	|2648	|13207	|1520	|2501	|2517	|2979	|2171	|1699	|1783	|2580	|1396	|2232	|2185	|2121	|2009	|2236	|1851	|2166	|2193	|2414	|2149	|2340	|2194	|2201	|2212	|
________________________________________________________
50	|429	|509	|212	|350	|0	|0	|251	|349	|234	|309	|259	|380	|332	|386	|406	|384	|2959	|2205	|1650	|2744	|0	|1214	|0	|2373	|1989	|1267	|1369	|1853	|1717	|1475	|1993	|2065	|2376	|1904	|2219	|1930	|1914	|1947	|2503	|0	|0	|2350	|2165	|2199	|2181	|1453	|1508	|2282	|1520	|11589	|1969	|2354	|2617	|2012	|1436	|2117	|1970	|1693	|1742	|2120	|2216	|1539	|1902	|1551	|1901	|1942	|2527	|1951	|1986	|2317	|2181	|2167	|
________________________________________________________
51	|604	|650	|330	|553	|614	|375	|346	|2886	|320	|477	|382	|527	|419	|583	|507	|597	|4212	|3110	|2328	|3663	|3360	|0	|2148	|0	|2822	|1777	|1964	|2840	|2520	|1843	|3550	|2287	|3089	|2655	|3199	|2759	|2724	|2739	|2856	|2477	|2822	|2674	|2804	|2757	|3150	|2149	|2081	|3132	|2501	|1969	|16598	|3424	|3781	|2733	|1942	|3030	|2851	|2002	|3125	|3188	|2730	|2600	|2799	|2344	|2736	|2742	|3021	|2774	|2886	|2700	|2756	|2718	|
________________________________________________________
52	|628	|690	|335	|557	|598	|0	|413	|583	|283	|493	|379	|567	|463	|381	|506	|354	|4179	|3111	|2238	|3662	|3324	|2402	|0	|1330	|2785	|1712	|1998	|2813	|2485	|2023	|2366	|3498	|3069	|2692	|3160	|2805	|2746	|2778	|2777	|2436	|2735	|2714	|2685	|2674	|3145	|2094	|2120	|3103	|2517	|2354	|3424	|16592	|3750	|2714	|2059	|3070	|2867	|1990	|1981	|3184	|2797	|2541	|2908	|2338	|2778	|2722	|2968	|2695	|2719	|2775	|2717	|2676	|
________________________________________________________
53	|620	|874	|320	|644	|605	|618	|492	|649	|0	|777	|637	|906	|647	|724	|742	|810	|5748	|3167	|3027	|4487	|3741	|2716	|3762	|3726	|3240	|0	|3301	|4210	|3785	|2886	|4365	|4194	|4267	|3792	|4237	|3831	|3687	|3726	|4059	|3397	|3773	|3725	|3814	|3694	|4376	|1981	|2521	|3791	|2979	|2617	|3781	|3750	|22657	|4257	|3113	|4925	|4371	|3071	|4372	|4248	|3809	|3447	|3879	|3276	|3752	|3763	|4107	|3636	|3800	|3804	|3810	|3678	|
________________________________________________________
54	|652	|577	|345	|440	|492	|459	|360	|482	|191	|580	|2367	|578	|482	|503	|500	|578	|3347	|3264	|2153	|3222	|2828	|2067	|2765	|2731	|0	|1073	|0	|3062	|2724	|2127	|3168	|3139	|3080	|2732	|3216	|2763	|2727	|2634	|2990	|2417	|2836	|2688	|2831	|2779	|3347	|2219	|1873	|2714	|2171	|2012	|2733	|2714	|4257	|16510	|2069	|3519	|3131	|2265	|3111	|3141	|2808	|2488	|2719	|2367	|2770	|2681	|3072	|2670	|2817	|2662	|2701	|2724	|
________________________________________________________
55	|490	|473	|225	|418	|377	|368	|277	|319	|0	|0	|265	|404	|352	|368	|461	|417	|2843	|1980	|1682	|2387	|2114	|1528	|2024	|2058	|2591	|0	|1310	|0	|2131	|1529	|2309	|2322	|2475	|2230	|2876	|0	|0	|2343	|2177	|1828	|2046	|1964	|2044	|2225	|2241	|1233	|1626	|2004	|1699	|1436	|1942	|2059	|3113	|2069	|12236	|2334	|2605	|1877	|2306	|2275	|2272	|2101	|2552	|1693	|1998	|2438	|2224	|1981	|2112	|1975	|1866	|2218	|
________________________________________________________
56	|580	|827	|311	|561	|454	|555	|310	|532	|407	|422	|442	|3420	|0	|591	|667	|693	|4181	|3043	|2298	|4293	|2656	|2549	|3108	|3040	|3527	|2188	|0	|2492	|0	|2451	|3443	|3485	|3374	|3143	|3365	|3141	|3006	|2888	|3337	|2772	|3218	|3085	|3125	|3076	|3068	|2094	|1913	|3653	|1783	|2117	|3030	|3070	|4925	|3519	|2334	|18528	|3870	|2566	|3522	|3469	|3107	|2834	|2954	|2698	|3420	|2948	|3448	|2965	|3052	|3157	|3126	|3042	|
________________________________________________________
57	|559	|507	|315	|527	|627	|481	|428	|479	|410	|0	|460	|709	|298	|546	|2972	|554	|3779	|2873	|2170	|2937	|3601	|2106	|2778	|2858	|3250	|2024	|2418	|0	|1707	|0	|3219	|3306	|3020	|2842	|3269	|2887	|2835	|2719	|2966	|2567	|2967	|2766	|2800	|2842	|2828	|1926	|2064	|3327	|2580	|1970	|2851	|2867	|4371	|3131	|2605	|3870	|17097	|2188	|3294	|3316	|2724	|2488	|2822	|2385	|2828	|2761	|3164	|2856	|2875	|2972	|2944	|2799	|
________________________________________________________
58	|438	|443	|200	|444	|452	|390	|291	|420	|262	|417	|299	|501	|0	|0	|346	|395	|2685	|2013	|1492	|2513	|2063	|1579	|1968	|1936	|2378	|1402	|1687	|2393	|0	|1182	|0	|2410	|2249	|2010	|2503	|2090	|1949	|1926	|2407	|2048	|2471	|0	|0	|2466	|2069	|1338	|1365	|2188	|1396	|1693	|2002	|1990	|3071	|2265	|1877	|2566	|2188	|12110	|2187	|2385	|1966	|1786	|2190	|1556	|2008	|2007	|2419	|2166	|2459	|1947	|2041	|2396	|
________________________________________________________
59	|533	|625	|291	|501	|505	|588	|312	|557	|393	|527	|451	|641	|519	|343	|478	|3119	|3727	|2802	|2081	|3192	|2809	|2021	|3527	|2457	|3220	|2026	|2214	|3096	|2938	|0	|2054	|0	|3086	|2898	|3187	|2902	|2880	|2754	|3034	|2570	|2858	|2734	|2824	|2738	|2867	|1862	|1871	|2772	|2232	|1742	|3125	|1981	|4372	|3111	|2306	|3522	|3294	|2187	|16776	|3446	|2775	|2522	|2859	|2445	|2737	|2704	|3042	|2776	|2854	|2809	|3119	|2729	|
________________________________________________________
60	|481	|580	|259	|434	|507	|377	|394	|581	|387	|557	|439	|615	|544	|0	|618	|671	|3651	|2656	|2075	|3202	|2871	|2001	|2344	|3519	|3221	|1987	|2198	|3189	|2922	|2248	|0	|1504	|3028	|2762	|3033	|2797	|2869	|2673	|2905	|2439	|2850	|2617	|2797	|2652	|2824	|1841	|1840	|2730	|2185	|2120	|3188	|3184	|4248	|3141	|2275	|3469	|3316	|2385	|3446	|16628	|2742	|2472	|2761	|2371	|2703	|2665	|2936	|2635	|2828	|2750	|2697	|2635	|
________________________________________________________
61	|669	|0	|305	|579	|453	|369	|444	|559	|365	|503	|425	|631	|439	|436	|469	|496	|3710	|2730	|2675	|3206	|2816	|2036	|2697	|2757	|2820	|1745	|2247	|2704	|2492	|1845	|2840	|2762	|2805	|0	|3605	|3170	|3230	|3048	|3877	|1952	|2834	|2730	|2809	|2709	|2773	|1883	|2277	|2705	|2121	|2216	|2730	|2797	|3809	|2808	|2272	|3107	|2724	|1966	|2775	|2742	|16689	|2729	|3193	|2616	|3200	|3137	|3510	|3203	|2789	|2813	|2720	|2747	|
________________________________________________________
62	|547	|434	|1752	|445	|416	|594	|377	|388	|325	|495	|409	|596	|340	|377	|444	|483	|3300	|2472	|0	|2898	|2527	|1830	|2486	|2554	|2504	|1552	|1983	|2481	|2170	|1680	|2525	|2480	|0	|2239	|3257	|2915	|2796	|2868	|2202	|3125	|2611	|2440	|2497	|2528	|2510	|1752	|1657	|2554	|2009	|1539	|2600	|2541	|3447	|2488	|2101	|2834	|2488	|1786	|2522	|2472	|2729	|15050	|2879	|2373	|2924	|2898	|1841	|2830	|2599	|2461	|2524	|2529	|
________________________________________________________
63	|457	|706	|287	|2806	|623	|475	|358	|562	|380	|0	|429	|687	|454	|339	|559	|609	|3704	|2764	|0	|3224	|2866	|2027	|2753	|2805	|2828	|1792	|2507	|2732	|2608	|1861	|2708	|2711	|3551	|3244	|2824	|0	|3070	|2993	|2982	|2557	|3663	|2331	|2684	|2723	|2761	|1915	|1817	|2806	|2236	|1902	|2799	|2908	|3879	|2719	|2552	|2954	|2822	|2190	|2859	|2761	|3193	|2879	|16575	|2617	|3024	|3026	|3036	|2694	|3249	|3160	|2800	|2812	|
________________________________________________________
64	|0	|672	|285	|461	|366	|437	|320	|287	|303	|354	|2367	|484	|340	|510	|465	|407	|3137	|2334	|2226	|2888	|2456	|1933	|2259	|2313	|2372	|1507	|0	|2399	|2028	|1636	|2302	|2398	|2870	|2739	|0	|2139	|2743	|2712	|2482	|2133	|2036	|3239	|2376	|2321	|2354	|1563	|1926	|2388	|1851	|1551	|2344	|2338	|3276	|2367	|1693	|2698	|2385	|1556	|2445	|2371	|2616	|2373	|2617	|14237	|2680	|2682	|2615	|2340	|1607	|2728	|2362	|2376	|
________________________________________________________
65	|656	|689	|340	|540	|456	|462	|378	|484	|269	|575	|404	|3420	|540	|470	|489	|596	|3579	|2770	|2311	|3270	|2833	|2051	|2736	|2748	|2778	|1711	|0	|2777	|2354	|1835	|2703	|2716	|3382	|3178	|3666	|3301	|2525	|0	|2961	|2510	|2786	|2782	|3629	|2342	|2637	|1952	|2008	|2817	|2166	|1901	|2736	|2778	|3752	|2770	|1998	|3420	|2828	|2008	|2737	|2703	|3200	|2924	|3024	|2680	|16602	|2952	|3086	|2724	|2790	|2691	|3257	|3154	|
________________________________________________________
66	|600	|700	|324	|513	|488	|506	|335	|459	|0	|599	|461	|609	|311	|556	|508	|344	|3630	|2721	|2322	|3340	|2769	|1993	|2704	|2809	|2763	|1722	|2527	|2765	|2399	|2058	|2781	|2755	|3386	|3181	|3563	|3247	|0	|2462	|2915	|2483	|2803	|2827	|2232	|3510	|2787	|1905	|1991	|2703	|2193	|1942	|2742	|2722	|3763	|2681	|2438	|2948	|2761	|2007	|2704	|2665	|3137	|2898	|3026	|2682	|2952	|16507	|2985	|2647	|2706	|2697	|1964	|3175	|
________________________________________________________
67	|675	|589	|209	|520	|651	|0	|464	|659	|319	|531	|447	|651	|499	|592	|622	|635	|4053	|3103	|2478	|3558	|3109	|2707	|2843	|2930	|3079	|1854	|2118	|3026	|2672	|2317	|3008	|2954	|4187	|2766	|3471	|3111	|3082	|2974	|3052	|0	|3426	|3336	|3400	|3427	|3036	|2069	|1983	|3101	|2414	|2527	|3021	|2968	|4107	|3072	|2224	|3448	|3164	|2419	|3042	|2936	|3510	|1841	|3036	|2615	|3086	|2985	|18258	|3416	|3523	|3462	|3516	|3445	|
________________________________________________________
68	|561	|718	|323	|471	|525	|362	|2149	|486	|300	|445	|390	|549	|435	|482	|569	|582	|3559	|2696	|2045	|3123	|2724	|0	|2562	|2644	|2843	|1685	|1912	|2757	|2439	|1955	|2681	|2706	|2566	|3508	|3071	|2783	|2720	|2625	|0	|2056	|3096	|2972	|2999	|2973	|2776	|1822	|1875	|2678	|2149	|1951	|2774	|2695	|3636	|2670	|1981	|2965	|2856	|2166	|2776	|2635	|3203	|2830	|2694	|2340	|2724	|2647	|3416	|16301	|3139	|3021	|3133	|3086	|
________________________________________________________
69	|718	|598	|245	|533	|440	|551	|383	|2886	|328	|431	|255	|573	|507	|0	|575	|650	|3837	|2849	|2052	|3347	|2938	|0	|2785	|2745	|2929	|1706	|2216	|2889	|2563	|2250	|2850	|2752	|3053	|2876	|4037	|2405	|2705	|2720	|3533	|2925	|2544	|0	|3095	|3190	|2945	|1916	|1672	|2775	|2340	|1986	|2886	|2719	|3800	|2817	|2112	|3052	|2875	|2459	|2854	|2828	|2789	|2599	|3249	|1607	|2790	|2706	|3523	|3139	|16961	|3261	|3212	|3163	|
________________________________________________________
70	|468	|609	|328	|556	|0	|553	|437	|558	|322	|632	|431	|538	|488	|387	|2972	|523	|3612	|2732	|2045	|3286	|2876	|2473	|2734	|2708	|2852	|1783	|2024	|2843	|2486	|0	|2805	|2791	|2994	|2733	|2830	|3746	|2853	|2780	|3320	|2891	|0	|2282	|3109	|3265	|2745	|1944	|2070	|2759	|2194	|2317	|2700	|2775	|3804	|2662	|1975	|3157	|2972	|1947	|2809	|2750	|2813	|2461	|3160	|2728	|2691	|2697	|3462	|3021	|3261	|16686	|3130	|3166	|
________________________________________________________
71	|557	|636	|310	|471	|537	|528	|431	|521	|407	|477	|355	|665	|345	|543	|516	|3119	|3720	|2693	|2045	|3335	|2871	|2197	|2786	|2669	|2857	|1774	|1992	|2719	|2454	|0	|2833	|2712	|3043	|2853	|3169	|2842	|3618	|2434	|3309	|2852	|3260	|3124	|2407	|0	|2901	|1911	|1847	|2787	|2201	|2181	|2756	|2717	|3810	|2701	|1866	|3126	|2944	|2041	|3119	|2697	|2720	|2524	|2800	|2362	|3257	|1964	|3516	|3133	|3212	|3130	|16696	|3219	|
________________________________________________________
72	|546	|591	|290	|443	|532	|520	|393	|532	|249	|480	|434	|656	|0	|517	|605	|614	|3674	|2677	|2103	|3211	|2816	|2215	|2773	|2711	|2820	|1769	|1986	|2795	|2519	|2235	|2720	|2701	|3049	|2701	|3136	|2831	|2344	|3589	|3363	|2845	|3215	|3134	|0	|2343	|2881	|1902	|1947	|2665	|2212	|2167	|2718	|2676	|3678	|2724	|2218	|3042	|2799	|2396	|2729	|2635	|2747	|2529	|2812	|2376	|3154	|3175	|3445	|3086	|3163	|3166	|3219	|16615	|
________________________________________________________
