2 53 proc: 26,22

3 20 proc: 25,53

4 17 proc: 28,39

6 17 proc: 25,37

8 35 proc: 25,13

10 53 proc: 27,3

11 53 proc: 25,3

13 21 proc: 25,05

13 53 proc: 25,05

13 65 proc: 26,72

15 53 proc: 30,04

16 53 proc: 26,52

17 53 proc: 25,61

19 53 proc: 25,52

20 17 proc: 25,38

27 53 proc: 27,16

28 53 proc: 26,47

29 53 proc: 26,45

30 53 proc: 25,12

31 53 proc: 25,39

32 53 proc: 26,19

45 53 proc: 26,12

47 17 proc: 25,82

49 17 proc: 25,65

54 53 proc: 26,58

56 53 proc: 25,4

57 53 proc: 26,08

58 53 proc: 26,21

59 53 proc: 25,12

60 53 proc: 25,58

69 35 proc: 25,04

