plansza 1
9 7 6 |8 3 2 |1 4 5 
2 8 5 |4 6 1 |7 3 9 
3 4 1 |5 7 9 |6 2 8 
___________________
6 5 4 |7 1 3 |9 8 2 
1 9 7 |2 4 8 |5 6 3 
8 2 3 |6 9 5 |4 1 7 
___________________
5 1 2 |9 8 6 |3 7 4 
7 3 8 |1 5 4 |2 9 6 
4 6 9 |3 2 7 |8 5 1 
___________________
plansza 2
5 1 4 |2 6 8 |9 7 3 
9 3 7 |5 4 1 |6 8 2 
2 8 6 |7 3 9 |1 4 5 
___________________
7 6 1 |9 5 3 |4 2 8 
3 2 5 |8 1 4 |7 6 9 
4 9 8 |6 7 2 |5 3 1 
___________________
1 7 3 |4 2 5 |8 9 6 
8 4 2 |1 9 6 |3 5 7 
6 5 9 |3 8 7 |2 1 4 
___________________
plansza 3
3 8 1 |2 6 4 |7 5 9 
4 9 7 |5 8 1 |3 2 6 
5 6 2 |3 7 9 |4 8 1 
___________________
8 2 3 |7 9 6 |5 1 4 
1 5 4 |8 2 3 |9 6 7 
6 7 9 |4 1 5 |2 3 8 
___________________
2 4 8 |6 5 7 |1 9 3 
9 3 5 |1 4 8 |6 7 2 
7 1 6 |9 3 2 |8 4 5 
___________________
plansza 4
3 4 7 |6 9 2 |5 8 1 
5 9 1 |8 4 7 |6 3 2 
6 2 8 |3 1 5 |4 9 7 
___________________
7 6 3 |9 2 4 |8 1 5 
1 8 9 |7 5 6 |3 2 4 
4 5 2 |1 3 8 |9 7 6 
___________________
9 7 4 |5 8 1 |2 6 3 
8 1 5 |2 6 3 |7 4 9 
2 3 6 |4 7 9 |1 5 8 
___________________
plansza 5
5 6 8 |4 7 2 |9 1 3 
3 7 2 |6 9 1 |5 8 4 
9 4 1 |5 3 8 |6 2 7 
___________________
8 1 4 |9 5 6 |7 3 2 
2 3 9 |1 8 7 |4 5 6 
7 5 6 |2 4 3 |8 9 1 
___________________
1 8 3 |7 6 5 |2 4 9 
6 9 5 |3 2 4 |1 7 8 
4 2 7 |8 1 9 |3 6 5 
___________________
plansza 6
8 3 7 |1 5 9 |6 2 4 
9 4 5 |3 6 2 |1 8 7 
1 2 6 |8 4 7 |5 3 9 
___________________
6 1 2 |7 3 8 |4 9 5 
7 9 8 |4 1 5 |3 6 2 
4 5 3 |2 9 6 |8 7 1 
___________________
2 7 1 |5 8 3 |9 4 6 
3 6 4 |9 7 1 |2 5 8 
5 8 9 |6 2 4 |7 1 3 
___________________
plansza 7
6 3 4 |9 1 2 |7 8 5 
8 2 5 |3 7 6 |4 9 1 
1 9 7 |5 4 8 |2 6 3 
___________________
5 1 3 |8 9 7 |6 4 2 
7 8 2 |1 6 4 |3 5 9 
4 6 9 |2 5 3 |8 1 7 
___________________
2 7 1 |4 8 5 |9 3 6 
3 5 8 |6 2 9 |1 7 4 
9 4 6 |7 3 1 |5 2 8 
___________________
plansza 8
1 4 7 |2 3 8 |6 9 5 
8 5 3 |1 6 9 |7 2 4 
6 2 9 |5 7 4 |8 1 3 
___________________
5 1 2 |9 8 3 |4 7 6 
4 3 6 |7 2 1 |5 8 9 
7 9 8 |4 5 6 |2 3 1 
___________________
2 8 4 |3 1 5 |9 6 7 
3 6 5 |8 9 7 |1 4 2 
9 7 1 |6 4 2 |3 5 8 
___________________
plansza 9
9 5 1 |4 2 3 |8 7 6 
3 6 8 |9 5 7 |4 1 2 
2 4 7 |1 8 6 |5 9 3 
___________________
6 9 3 |5 1 4 |2 8 7 
1 2 5 |7 6 8 |3 4 9 
8 7 4 |3 9 2 |1 6 5 
___________________
5 3 9 |8 7 1 |6 2 4 
4 1 2 |6 3 9 |7 5 8 
7 8 6 |2 4 5 |9 3 1 
___________________
plansza 10
4 8 6 |5 7 3 |2 1 9 
3 1 7 |8 9 2 |4 6 5 
5 9 2 |4 1 6 |3 7 8 
___________________
2 7 3 |1 5 9 |6 8 4 
9 4 1 |3 6 8 |7 5 2 
8 6 5 |7 2 4 |1 9 3 
___________________
1 5 9 |2 3 7 |8 4 6 
6 3 8 |9 4 1 |5 2 7 
7 2 4 |6 8 5 |9 3 1 
___________________
plansza 11
5 1 8 |9 6 2 |7 3 4 
9 6 7 |1 4 3 |5 8 2 
3 4 2 |8 5 7 |1 9 6 
___________________
1 3 5 |7 8 4 |2 6 9 
6 7 9 |3 2 1 |8 4 5 
2 8 4 |6 9 5 |3 7 1 
___________________
4 5 3 |2 7 9 |6 1 8 
8 2 1 |4 3 6 |9 5 7 
7 9 6 |5 1 8 |4 2 3 
___________________
plansza 12
3 7 4 |2 1 5 |9 8 6 
9 6 1 |3 7 8 |2 5 4 
8 2 5 |9 6 4 |3 7 1 
___________________
2 1 6 |4 9 7 |8 3 5 
4 3 9 |8 5 2 |1 6 7 
7 5 8 |1 3 6 |4 9 2 
___________________
5 4 3 |6 8 1 |7 2 9 
1 9 7 |5 2 3 |6 4 8 
6 8 2 |7 4 9 |5 1 3 
___________________
plansza 13
5 7 2 |6 8 4 |1 3 9 
3 1 9 |7 2 5 |4 6 8 
6 8 4 |3 1 9 |5 7 2 
___________________
9 3 5 |2 7 1 |8 4 6 
4 2 7 |9 6 8 |3 1 5 
8 6 1 |4 5 3 |9 2 7 
___________________
1 5 6 |8 4 7 |2 9 3 
7 9 8 |1 3 2 |6 5 4 
2 4 3 |5 9 6 |7 8 1 
___________________
plansza 14
2 5 7 |9 3 8 |4 1 6 
1 6 8 |4 2 7 |5 3 9 
9 4 3 |1 5 6 |2 7 8 
___________________
8 3 2 |6 7 4 |9 5 1 
6 1 4 |8 9 5 |3 2 7 
5 7 9 |3 1 2 |8 6 4 
___________________
4 8 5 |2 6 1 |7 9 3 
7 9 1 |5 4 3 |6 8 2 
3 2 6 |7 8 9 |1 4 5 
___________________
plansza 15
6 9 5 |2 1 3 |8 7 4 
7 1 2 |6 8 4 |9 5 3 
3 8 4 |7 9 5 |1 6 2 
___________________
5 6 7 |3 4 8 |2 1 9 
2 3 8 |1 6 9 |7 4 5 
9 4 1 |5 7 2 |6 3 8 
___________________
4 7 9 |8 3 1 |5 2 6 
1 2 3 |9 5 6 |4 8 7 
8 5 6 |4 2 7 |3 9 1 
___________________
plansza 16
6 4 9 |1 3 2 |5 8 7 
1 7 2 |5 9 8 |6 4 3 
3 5 8 |7 6 4 |9 1 2 
___________________
8 1 4 |2 7 6 |3 5 9 
5 3 6 |9 8 1 |7 2 4 
2 9 7 |3 4 5 |1 6 8 
___________________
7 2 1 |4 5 9 |8 3 6 
9 6 5 |8 2 3 |4 7 1 
4 8 3 |6 1 7 |2 9 5 
___________________
plansza 17
4 3 2 |8 9 6 |5 1 7 
6 8 5 |7 1 2 |9 3 4 
7 1 9 |4 5 3 |2 8 6 
___________________
3 9 4 |6 2 8 |1 7 5 
1 2 7 |9 3 5 |6 4 8 
8 5 6 |1 7 4 |3 9 2 
___________________
5 4 1 |3 6 7 |8 2 9 
2 7 3 |5 8 9 |4 6 1 
9 6 8 |2 4 1 |7 5 3 
___________________
plansza 18
9 3 1 |4 8 2 |6 7 5 
4 6 7 |5 9 3 |8 1 2 
8 2 5 |6 7 1 |3 4 9 
___________________
1 7 8 |3 2 5 |9 6 4 
2 5 6 |1 4 9 |7 3 8 
3 9 4 |8 6 7 |5 2 1 
___________________
7 4 3 |9 1 8 |2 5 6 
6 8 2 |7 5 4 |1 9 3 
5 1 9 |2 3 6 |4 8 7 
___________________
plansza 19
6 7 4 |5 1 9 |2 3 8 
1 2 3 |4 8 7 |9 6 5 
9 8 5 |2 6 3 |1 7 4 
___________________
3 4 9 |8 2 1 |6 5 7 
7 5 6 |3 9 4 |8 2 1 
8 1 2 |7 5 6 |4 9 3 
___________________
5 6 8 |1 7 2 |3 4 9 
4 9 1 |6 3 5 |7 8 2 
2 3 7 |9 4 8 |5 1 6 
___________________
plansza 20
1 9 6 |7 3 8 |2 5 4 
7 4 5 |6 2 1 |9 8 3 
3 2 8 |4 5 9 |1 6 7 
___________________
4 8 1 |5 6 2 |3 7 9 
9 7 2 |1 8 3 |5 4 6 
6 5 3 |9 7 4 |8 1 2 
___________________
2 1 7 |8 9 6 |4 3 5 
8 6 9 |3 4 5 |7 2 1 
5 3 4 |2 1 7 |6 9 8 
___________________
plansza 21
2 7 8 |6 9 4 |1 3 5 
5 9 1 |2 7 3 |4 6 8 
6 3 4 |5 8 1 |9 2 7 
___________________
3 4 7 |9 5 6 |2 8 1 
1 8 2 |3 4 7 |5 9 6 
9 5 6 |1 2 8 |7 4 3 
___________________
7 6 9 |4 3 5 |8 1 2 
8 2 3 |7 1 9 |6 5 4 
4 1 5 |8 6 2 |3 7 9 
___________________
plansza 22
1 6 2 |8 4 7 |3 5 9 
3 8 9 |6 1 5 |7 2 4 
4 5 7 |2 3 9 |6 8 1 
___________________
8 1 6 |5 9 4 |2 7 3 
5 2 3 |1 7 8 |4 9 6 
7 9 4 |3 6 2 |5 1 8 
___________________
6 7 5 |9 8 3 |1 4 2 
9 4 1 |7 2 6 |8 3 5 
2 3 8 |4 5 1 |9 6 7 
___________________
plansza 23
8 3 2 |9 7 1 |5 6 4 
4 5 9 |6 8 3 |7 2 1 
6 7 1 |2 4 5 |9 3 8 
___________________
1 9 5 |4 6 8 |3 7 2 
2 8 6 |3 9 7 |4 1 5 
3 4 7 |5 1 2 |6 8 9 
___________________
9 2 8 |7 3 4 |1 5 6 
7 1 4 |8 5 6 |2 9 3 
5 6 3 |1 2 9 |8 4 7 
___________________
plansza 24
7 8 9 |5 1 4 |6 2 3 
4 3 1 |2 6 9 |5 8 7 
6 2 5 |8 3 7 |4 1 9 
___________________
2 4 3 |1 7 5 |9 6 8 
8 5 6 |9 4 3 |2 7 1 
1 9 7 |6 8 2 |3 5 4 
___________________
5 1 2 |4 9 8 |7 3 6 
3 6 4 |7 5 1 |8 9 2 
9 7 8 |3 2 6 |1 4 5 
___________________
plansza 25
5 1 7 |8 6 4 |2 9 3 
9 2 4 |3 7 5 |1 6 8 
3 8 6 |9 2 1 |4 5 7 
___________________
7 4 1 |2 8 6 |5 3 9 
6 5 2 |4 3 9 |7 8 1 
8 3 9 |1 5 7 |6 2 4 
___________________
1 9 5 |6 4 3 |8 7 2 
4 7 8 |5 9 2 |3 1 6 
2 6 3 |7 1 8 |9 4 5 
___________________
plansza 26
3 5 9 |4 6 7 |8 1 2 
1 8 6 |9 5 2 |3 4 7 
2 7 4 |8 3 1 |6 5 9 
___________________
8 6 3 |2 7 4 |1 9 5 
5 9 2 |1 8 3 |7 6 4 
4 1 7 |5 9 6 |2 8 3 
___________________
9 3 1 |6 2 5 |4 7 8 
7 4 5 |3 1 8 |9 2 6 
6 2 8 |7 4 9 |5 3 1 
___________________
plansza 27
7 8 4 |3 5 2 |6 9 1 
3 5 9 |4 6 1 |8 7 2 
2 6 1 |9 8 7 |5 3 4 
___________________
1 2 5 |6 9 8 |7 4 3 
6 7 3 |1 4 5 |9 2 8 
9 4 8 |7 2 3 |1 6 5 
___________________
8 9 7 |2 1 4 |3 5 6 
4 1 6 |5 3 9 |2 8 7 
5 3 2 |8 7 6 |4 1 9 
___________________
plansza 28
7 9 4 |1 6 2 |5 3 8 
6 2 5 |8 3 9 |4 7 1 
3 1 8 |7 4 5 |6 2 9 
___________________
9 7 6 |4 1 8 |2 5 3 
1 4 2 |3 5 7 |9 8 6 
8 5 3 |2 9 6 |7 1 4 
___________________
2 3 7 |9 8 4 |1 6 5 
5 8 9 |6 7 1 |3 4 2 
4 6 1 |5 2 3 |8 9 7 
___________________
plansza 29
6 1 2 |3 8 4 |5 9 7 
5 3 9 |6 1 7 |8 2 4 
7 4 8 |5 2 9 |1 6 3 
___________________
3 5 6 |7 4 2 |9 1 8 
2 7 1 |9 6 8 |4 3 5 
8 9 4 |1 5 3 |2 7 6 
___________________
9 6 5 |4 7 1 |3 8 2 
4 2 3 |8 9 6 |7 5 1 
1 8 7 |2 3 5 |6 4 9 
___________________
plansza 30
8 5 4 |2 1 7 |6 9 3 
2 3 9 |6 5 4 |7 1 8 
1 6 7 |3 8 9 |5 2 4 
___________________
7 9 6 |4 3 1 |8 5 2 
4 8 3 |9 2 5 |1 6 7 
5 2 1 |7 6 8 |4 3 9 
___________________
6 4 5 |8 9 3 |2 7 1 
9 7 2 |1 4 6 |3 8 5 
3 1 8 |5 7 2 |9 4 6 
___________________
plansza 31
6 1 9 |3 7 4 |8 5 2 
5 2 4 |8 1 9 |7 3 6 
8 3 7 |6 5 2 |1 9 4 
___________________
2 6 5 |1 8 7 |3 4 9 
4 9 1 |2 6 3 |5 7 8 
7 8 3 |9 4 5 |2 6 1 
___________________
3 7 2 |4 9 8 |6 1 5 
1 4 8 |5 3 6 |9 2 7 
9 5 6 |7 2 1 |4 8 3 
___________________
plansza 32
1 9 7 |4 6 3 |5 8 2 
8 2 3 |7 9 5 |4 6 1 
6 5 4 |2 1 8 |7 9 3 
___________________
4 6 8 |5 2 7 |3 1 9 
9 1 5 |8 3 6 |2 7 4 
3 7 2 |1 4 9 |8 5 6 
___________________
5 3 1 |9 7 2 |6 4 8 
7 4 6 |3 8 1 |9 2 5 
2 8 9 |6 5 4 |1 3 7 
___________________
plansza 33
8 4 7 |9 5 3 |1 2 6 
9 1 3 |7 6 2 |8 4 5 
5 2 6 |8 4 1 |3 9 7 
___________________
3 8 1 |2 7 9 |5 6 4 
6 9 5 |3 1 4 |7 8 2 
2 7 4 |6 8 5 |9 3 1 
___________________
4 3 8 |1 2 7 |6 5 9 
1 5 9 |4 3 6 |2 7 8 
7 6 2 |5 9 8 |4 1 3 
___________________
plansza 34
7 9 2 |3 4 8 |1 6 5 
4 6 3 |1 7 5 |9 8 2 
8 5 1 |2 6 9 |3 4 7 
___________________
9 1 6 |8 3 2 |5 7 4 
2 3 7 |9 5 4 |8 1 6 
5 4 8 |7 1 6 |2 9 3 
___________________
3 8 5 |4 9 7 |6 2 1 
1 7 9 |6 2 3 |4 5 8 
6 2 4 |5 8 1 |7 3 9 
___________________
plansza 35
5 4 7 |2 3 6 |9 8 1 
1 2 3 |4 8 9 |7 6 5 
6 9 8 |5 1 7 |3 4 2 
___________________
8 7 6 |3 4 2 |1 5 9 
4 3 5 |1 9 8 |2 7 6 
9 1 2 |7 6 5 |8 3 4 
___________________
3 5 4 |8 2 1 |6 9 7 
2 8 9 |6 7 4 |5 1 3 
7 6 1 |9 5 3 |4 2 8 
___________________
plansza 36
6 3 4 |1 2 9 |5 7 8 
9 7 8 |5 6 4 |2 1 3 
5 2 1 |3 7 8 |9 6 4 
___________________
1 5 2 |8 4 7 |6 3 9 
4 9 6 |2 3 1 |7 8 5 
3 8 7 |6 9 5 |4 2 1 
___________________
2 1 9 |4 8 6 |3 5 7 
7 6 5 |9 1 3 |8 4 2 
8 4 3 |7 5 2 |1 9 6 
___________________
plansza 37
5 6 7 |9 2 8 |1 4 3 
1 8 4 |6 3 7 |9 5 2 
2 3 9 |4 1 5 |8 6 7 
___________________
6 9 3 |7 5 4 |2 8 1 
8 5 1 |2 6 3 |7 9 4 
4 7 2 |8 9 1 |5 3 6 
___________________
3 2 8 |1 4 9 |6 7 5 
7 1 5 |3 8 6 |4 2 9 
9 4 6 |5 7 2 |3 1 8 
___________________
plansza 38
7 4 8 |2 6 3 |9 5 1 
1 3 5 |4 8 9 |6 7 2 
2 9 6 |5 1 7 |4 8 3 
___________________
8 5 1 |9 4 6 |2 3 7 
3 2 9 |8 7 1 |5 4 6 
4 6 7 |3 5 2 |1 9 8 
___________________
6 7 4 |1 3 5 |8 2 9 
5 1 2 |7 9 8 |3 6 4 
9 8 3 |6 2 4 |7 1 5 
___________________
plansza 39
8 6 9 |2 1 7 |5 4 3 
4 1 7 |5 3 6 |9 2 8 
2 5 3 |9 8 4 |6 1 7 
___________________
1 3 4 |6 7 9 |2 8 5 
9 2 6 |3 5 8 |1 7 4 
5 7 8 |1 4 2 |3 9 6 
___________________
7 9 5 |8 6 1 |4 3 2 
6 4 2 |7 9 3 |8 5 1 
3 8 1 |4 2 5 |7 6 9 
___________________
plansza 40
6 4 9 |8 1 3 |7 5 2 
7 5 3 |9 6 2 |8 1 4 
1 8 2 |4 5 7 |3 9 6 
___________________
3 1 7 |6 4 5 |9 2 8 
9 6 5 |7 2 8 |4 3 1 
8 2 4 |1 3 9 |5 6 7 
___________________
5 7 6 |2 9 4 |1 8 3 
4 3 1 |5 8 6 |2 7 9 
2 9 8 |3 7 1 |6 4 5 
___________________
plansza 41
6 2 1 |7 8 3 |9 5 4 
7 3 9 |6 5 4 |8 1 2 
8 5 4 |2 9 1 |3 6 7 
___________________
9 7 6 |4 3 2 |5 8 1 
1 8 3 |9 7 5 |4 2 6 
2 4 5 |1 6 8 |7 9 3 
___________________
4 1 7 |8 2 9 |6 3 5 
5 6 8 |3 1 7 |2 4 9 
3 9 2 |5 4 6 |1 7 8 
___________________
plansza 42
5 1 9 |8 4 3 |2 7 6 
2 8 4 |9 7 6 |3 1 5 
6 3 7 |2 1 5 |4 8 9 
___________________
1 5 8 |4 3 9 |6 2 7 
9 6 2 |7 5 1 |8 3 4 
7 4 3 |6 2 8 |9 5 1 
___________________
8 9 1 |5 6 2 |7 4 3 
4 2 5 |3 9 7 |1 6 8 
3 7 6 |1 8 4 |5 9 2 
___________________
plansza 43
9 1 8 |3 7 5 |2 6 4 
6 2 4 |8 9 1 |3 5 7 
7 3 5 |2 4 6 |9 8 1 
___________________
2 8 9 |1 3 7 |6 4 5 
3 7 6 |5 8 4 |1 9 2 
4 5 1 |9 6 2 |7 3 8 
___________________
1 4 2 |6 5 9 |8 7 3 
5 9 3 |7 2 8 |4 1 6 
8 6 7 |4 1 3 |5 2 9 
___________________
plansza 44
5 8 6 |3 7 9 |1 4 2 
1 2 9 |4 5 6 |7 3 8 
7 4 3 |1 8 2 |5 6 9 
___________________
3 6 2 |8 1 7 |9 5 4 
8 7 5 |2 9 4 |3 1 6 
9 1 4 |6 3 5 |2 8 7 
___________________
6 3 7 |5 2 8 |4 9 1 
2 5 8 |9 4 1 |6 7 3 
4 9 1 |7 6 3 |8 2 5 
___________________
plansza 45
8 9 1 |7 2 3 |5 4 6 
3 6 5 |1 9 4 |2 7 8 
7 4 2 |5 6 8 |1 3 9 
___________________
1 7 3 |6 8 9 |4 5 2 
2 8 6 |3 4 5 |7 9 1 
9 5 4 |2 7 1 |8 6 3 
___________________
5 3 8 |4 1 6 |9 2 7 
4 1 7 |9 3 2 |6 8 5 
6 2 9 |8 5 7 |3 1 4 
___________________
plansza 46
2 6 7 |8 3 1 |5 4 9 
8 1 3 |9 5 4 |6 7 2 
4 5 9 |6 2 7 |3 1 8 
___________________
7 4 5 |1 6 8 |2 9 3 
3 8 6 |4 9 2 |7 5 1 
1 9 2 |3 7 5 |8 6 4 
___________________
9 3 1 |7 8 6 |4 2 5 
5 7 4 |2 1 3 |9 8 6 
6 2 8 |5 4 9 |1 3 7 
___________________
plansza 47
8 9 1 |6 7 5 |3 2 4 
4 7 3 |8 1 2 |5 6 9 
5 6 2 |4 3 9 |7 8 1 
___________________
6 2 7 |3 8 4 |1 9 5 
9 5 8 |1 2 7 |6 4 3 
3 1 4 |5 9 6 |8 7 2 
___________________
7 3 9 |2 6 1 |4 5 8 
2 8 5 |7 4 3 |9 1 6 
1 4 6 |9 5 8 |2 3 7 
___________________
plansza 48
5 8 2 |6 7 4 |9 1 3 
6 7 3 |9 1 8 |5 4 2 
4 9 1 |3 5 2 |7 8 6 
___________________
2 4 6 |7 9 1 |3 5 8 
3 5 9 |4 8 6 |2 7 1 
7 1 8 |5 2 3 |6 9 4 
___________________
9 3 4 |1 6 7 |8 2 5 
1 2 5 |8 3 9 |4 6 7 
8 6 7 |2 4 5 |1 3 9 
___________________
plansza 49
6 9 1 |4 2 7 |3 5 8 
4 7 5 |9 3 8 |6 1 2 
2 3 8 |1 5 6 |9 4 7 
___________________
8 2 4 |6 1 9 |7 3 5 
9 1 3 |2 7 5 |4 8 6 
7 5 6 |3 8 4 |1 2 9 
___________________
3 8 9 |7 4 2 |5 6 1 
1 6 2 |5 9 3 |8 7 4 
5 4 7 |8 6 1 |2 9 3 
___________________
plansza 50
5 8 3 |1 6 9 |7 4 2 
4 1 7 |5 2 3 |9 8 6 
6 2 9 |7 4 8 |5 1 3 
___________________
7 6 2 |4 1 5 |3 9 8 
8 5 4 |9 3 2 |1 6 7 
9 3 1 |6 8 7 |2 5 4 
___________________
2 9 5 |8 7 4 |6 3 1 
1 7 8 |3 9 6 |4 2 5 
3 4 6 |2 5 1 |8 7 9 
___________________
plansza 51
1 3 4 |5 6 9 |2 8 7 
5 9 2 |8 1 7 |6 3 4 
6 8 7 |2 3 4 |5 9 1 
___________________
4 2 5 |6 7 3 |9 1 8 
9 7 3 |1 2 8 |4 6 5 
8 6 1 |9 4 5 |7 2 3 
___________________
7 5 8 |3 9 2 |1 4 6 
2 4 6 |7 8 1 |3 5 9 
3 1 9 |4 5 6 |8 7 2 
___________________
plansza 52
5 4 8 |2 6 9 |3 7 1 
7 1 2 |4 5 3 |9 6 8 
6 3 9 |7 1 8 |2 5 4 
___________________
1 5 6 |8 2 4 |7 3 9 
4 2 3 |6 9 7 |1 8 5 
8 9 7 |1 3 5 |6 4 2 
___________________
9 7 1 |5 8 6 |4 2 3 
2 8 4 |3 7 1 |5 9 6 
3 6 5 |9 4 2 |8 1 7 
___________________
plansza 53
8 7 3 |4 1 2 |5 6 9 
4 6 2 |9 7 5 |1 8 3 
9 5 1 |3 8 6 |4 2 7 
___________________
7 4 8 |2 9 1 |3 5 6 
6 2 9 |5 4 3 |8 7 1 
3 1 5 |8 6 7 |2 9 4 
___________________
5 8 7 |1 3 9 |6 4 2 
2 3 6 |7 5 4 |9 1 8 
1 9 4 |6 2 8 |7 3 5 
___________________
plansza 54
8 2 9 |1 5 7 |4 3 6 
6 4 7 |3 9 2 |1 8 5 
3 1 5 |8 6 4 |7 9 2 
___________________
2 3 1 |5 4 9 |8 6 7 
9 6 4 |2 7 8 |5 1 3 
5 7 8 |6 3 1 |2 4 9 
___________________
7 5 3 |4 1 6 |9 2 8 
1 9 2 |7 8 3 |6 5 4 
4 8 6 |9 2 5 |3 7 1 
___________________
plansza 55
5 6 1 |7 9 2 |4 8 3 
3 9 7 |4 1 8 |6 5 2 
2 8 4 |5 3 6 |1 7 9 
___________________
8 7 5 |1 6 3 |2 9 4 
6 4 2 |8 7 9 |3 1 5 
1 3 9 |2 5 4 |8 6 7 
___________________
4 1 3 |9 8 5 |7 2 6 
7 5 6 |3 2 1 |9 4 8 
9 2 8 |6 4 7 |5 3 1 
___________________
plansza 56
5 3 9 |7 8 4 |6 2 1 
4 8 1 |5 2 6 |7 3 9 
7 6 2 |3 1 9 |4 8 5 
___________________
8 9 7 |6 3 2 |1 5 4 
2 5 4 |1 9 7 |8 6 3 
6 1 3 |8 4 5 |9 7 2 
___________________
1 2 6 |4 7 3 |5 9 8 
3 4 5 |9 6 8 |2 1 7 
9 7 8 |2 5 1 |3 4 6 
___________________
plansza 57
6 8 5 |1 7 9 |3 2 4 
3 2 7 |4 5 6 |9 1 8 
4 9 1 |3 8 2 |5 6 7 
___________________
9 7 6 |5 3 4 |1 8 2 
8 5 3 |6 2 1 |7 4 9 
1 4 2 |7 9 8 |6 3 5 
___________________
7 1 8 |2 6 5 |4 9 3 
5 6 9 |8 4 3 |2 7 1 
2 3 4 |9 1 7 |8 5 6 
___________________
plansza 58
3 1 2 |7 9 4 |8 6 5 
4 5 9 |6 1 8 |3 2 7 
6 7 8 |3 2 5 |4 9 1 
___________________
5 4 1 |9 6 2 |7 3 8 
8 2 6 |4 3 7 |5 1 9 
7 9 3 |8 5 1 |2 4 6 
___________________
9 8 7 |1 4 3 |6 5 2 
1 3 5 |2 7 6 |9 8 4 
2 6 4 |5 8 9 |1 7 3 
___________________
plansza 59
1 9 5 |7 3 2 |8 4 6 
7 8 3 |1 6 4 |5 2 9 
4 2 6 |5 8 9 |7 3 1 
___________________
2 4 1 |8 5 3 |9 6 7 
5 7 9 |4 2 6 |3 1 8 
3 6 8 |9 1 7 |4 5 2 
___________________
9 1 2 |3 4 8 |6 7 5 
8 5 4 |6 7 1 |2 9 3 
6 3 7 |2 9 5 |1 8 4 
___________________
plansza 60
6 5 2 |3 1 9 |4 7 8 
8 3 1 |6 7 4 |5 2 9 
4 9 7 |8 2 5 |1 6 3 
___________________
2 1 3 |7 5 8 |6 9 4 
9 6 4 |1 3 2 |8 5 7 
5 7 8 |4 9 6 |2 3 1 
___________________
3 2 9 |5 8 1 |7 4 6 
7 8 6 |2 4 3 |9 1 5 
1 4 5 |9 6 7 |3 8 2 
___________________
plansza 61
2 5 1 |3 8 6 |4 7 9 
6 7 8 |9 4 2 |1 3 5 
3 4 9 |1 7 5 |8 6 2 
___________________
1 6 4 |8 2 7 |9 5 3 
5 2 7 |4 3 9 |6 1 8 
8 9 3 |6 5 1 |2 4 7 
___________________
7 8 5 |2 6 4 |3 9 1 
4 1 2 |5 9 3 |7 8 6 
9 3 6 |7 1 8 |5 2 4 
___________________
plansza 62
8 5 6 |2 4 7 |3 9 1 
3 2 1 |9 6 8 |7 4 5 
4 7 9 |1 3 5 |8 2 6 
___________________
9 8 7 |3 1 2 |5 6 4 
6 1 4 |5 8 9 |2 3 7 
5 3 2 |4 7 6 |1 8 9 
___________________
7 9 5 |6 2 3 |4 1 8 
2 4 8 |7 9 1 |6 5 3 
1 6 3 |8 5 4 |9 7 2 
___________________
plansza 63
9 6 5 |1 4 3 |2 7 8 
1 8 7 |6 2 5 |3 9 4 
2 4 3 |8 9 7 |6 5 1 
___________________
5 3 6 |2 1 4 |7 8 9 
7 1 9 |3 5 8 |4 2 6 
4 2 8 |7 6 9 |1 3 5 
___________________
6 9 1 |5 3 2 |8 4 7 
3 7 4 |9 8 1 |5 6 2 
8 5 2 |4 7 6 |9 1 3 
___________________
plansza 64
4 5 2 |6 7 8 |9 3 1 
6 1 9 |5 2 3 |7 8 4 
7 8 3 |9 1 4 |2 6 5 
___________________
9 3 8 |7 4 2 |5 1 6 
5 6 1 |8 3 9 |4 7 2 
2 7 4 |1 6 5 |8 9 3 
___________________
1 2 7 |4 8 6 |3 5 9 
3 9 6 |2 5 7 |1 4 8 
8 4 5 |3 9 1 |6 2 7 
___________________
plansza 65
1 2 9 |7 6 3 |5 8 4 
4 8 6 |9 5 2 |1 3 7 
5 7 3 |1 8 4 |6 2 9 
___________________
9 4 2 |5 1 6 |3 7 8 
3 5 1 |2 7 8 |4 9 6 
8 6 7 |4 3 9 |2 1 5 
___________________
2 9 8 |3 4 5 |7 6 1 
7 3 4 |6 9 1 |8 5 2 
6 1 5 |8 2 7 |9 4 3 
___________________
plansza 66
4 7 5 |2 9 3 |6 8 1 
9 6 1 |5 8 7 |4 2 3 
8 2 3 |4 6 1 |5 7 9 
___________________
7 4 9 |6 5 2 |1 3 8 
5 3 6 |7 1 8 |9 4 2 
1 8 2 |9 3 4 |7 6 5 
___________________
3 9 8 |1 4 6 |2 5 7 
2 5 4 |8 7 9 |3 1 6 
6 1 7 |3 2 5 |8 9 4 
___________________
plansza 67
1 8 4 |3 6 9 |5 7 2 
7 6 5 |8 4 2 |9 3 1 
2 9 3 |7 5 1 |6 8 4 
___________________
5 7 2 |9 8 4 |1 6 3 
4 1 6 |5 3 7 |8 2 9 
9 3 8 |2 1 6 |7 4 5 
___________________
8 4 7 |1 9 3 |2 5 6 
6 5 9 |4 2 8 |3 1 7 
3 2 1 |6 7 5 |4 9 8 
___________________
plansza 68
3 2 9 |7 1 5 |8 4 6 
7 1 4 |3 6 8 |9 2 5 
8 6 5 |2 9 4 |7 1 3 
___________________
4 8 7 |5 3 2 |1 6 9 
6 9 3 |8 4 1 |5 7 2 
1 5 2 |6 7 9 |4 3 8 
___________________
9 3 6 |1 5 7 |2 8 4 
5 7 8 |4 2 6 |3 9 1 
2 4 1 |9 8 3 |6 5 7 
___________________
plansza 69
8 3 9 |7 4 2 |5 1 6 
4 1 6 |9 5 8 |3 2 7 
5 2 7 |1 3 6 |4 9 8 
___________________
6 5 8 |4 1 9 |7 3 2 
1 9 4 |2 7 3 |6 8 5 
2 7 3 |8 6 5 |1 4 9 
___________________
3 4 2 |6 9 7 |8 5 1 
7 8 5 |3 2 1 |9 6 4 
9 6 1 |5 8 4 |2 7 3 
___________________
plansza 70
5 2 7 |9 1 4 |8 3 6 
8 4 6 |3 5 7 |2 9 1 
3 1 9 |6 8 2 |7 4 5 
___________________
2 7 3 |4 6 8 |5 1 9 
4 8 1 |5 7 9 |3 6 2 
6 9 5 |2 3 1 |4 8 7 
___________________
9 5 4 |8 2 6 |1 7 3 
7 6 2 |1 4 3 |9 5 8 
1 3 8 |7 9 5 |6 2 4 
___________________
plansza 71
5 1 2 |7 9 6 |4 3 8 
9 8 4 |2 3 1 |7 5 6 
7 3 6 |5 8 4 |1 2 9 
___________________
6 5 9 |8 2 7 |3 4 1 
1 4 3 |9 6 5 |2 8 7 
2 7 8 |1 4 3 |6 9 5 
___________________
4 9 1 |3 7 8 |5 6 2 
8 6 7 |4 5 2 |9 1 3 
3 2 5 |6 1 9 |8 7 4 
___________________
plansza 72
3 8 6 |9 1 7 |4 2 5 
2 5 4 |8 6 3 |1 7 9 
9 7 1 |4 5 2 |3 6 8 
___________________
6 9 2 |1 3 5 |7 8 4 
8 1 5 |7 4 6 |2 9 3 
7 4 3 |2 8 9 |6 5 1 
___________________
4 6 8 |5 2 1 |9 3 7 
1 3 9 |6 7 8 |5 4 2 
5 2 7 |3 9 4 |8 1 6 
___________________
plansza 73
8 1 7 |5 3 2 |9 6 4 
3 6 2 |4 1 9 |5 8 7 
9 5 4 |7 6 8 |3 2 1 
___________________
6 3 5 |1 8 7 |4 9 2 
2 8 9 |3 4 6 |7 1 5 
4 7 1 |9 2 5 |8 3 6 
___________________
7 4 8 |6 9 1 |2 5 3 
5 9 6 |2 7 3 |1 4 8 
1 2 3 |8 5 4 |6 7 9 
___________________
plansza 74
4 5 8 |1 3 6 |2 9 7 
9 2 6 |8 7 5 |4 1 3 
3 7 1 |4 9 2 |6 8 5 
___________________
5 1 3 |9 4 8 |7 2 6 
6 8 2 |3 5 7 |9 4 1 
7 4 9 |2 6 1 |5 3 8 
___________________
1 9 7 |5 2 3 |8 6 4 
8 6 4 |7 1 9 |3 5 2 
2 3 5 |6 8 4 |1 7 9 
___________________
plansza 75
4 8 2 |7 3 1 |9 5 6 
7 6 3 |2 5 9 |8 1 4 
5 1 9 |8 6 4 |7 3 2 
___________________
6 5 1 |4 7 8 |3 2 9 
8 2 4 |3 9 5 |6 7 1 
9 3 7 |6 1 2 |4 8 5 
___________________
1 4 6 |5 8 3 |2 9 7 
2 9 8 |1 4 7 |5 6 3 
3 7 5 |9 2 6 |1 4 8 
___________________
plansza 76
9 8 4 |5 2 7 |3 1 6 
7 3 1 |9 6 4 |2 8 5 
6 5 2 |8 1 3 |4 7 9 
___________________
4 6 5 |1 7 9 |8 3 2 
3 2 8 |4 5 6 |7 9 1 
1 7 9 |3 8 2 |5 6 4 
___________________
8 4 6 |7 9 5 |1 2 3 
5 9 7 |2 3 1 |6 4 8 
2 1 3 |6 4 8 |9 5 7 
___________________
plansza 77
6 7 2 |1 9 8 |5 3 4 
5 1 4 |3 2 7 |8 9 6 
3 9 8 |6 5 4 |7 1 2 
___________________
2 8 6 |9 7 1 |4 5 3 
9 5 1 |4 3 6 |2 7 8 
4 3 7 |5 8 2 |1 6 9 
___________________
7 6 9 |8 4 5 |3 2 1 
8 2 3 |7 1 9 |6 4 5 
1 4 5 |2 6 3 |9 8 7 
___________________
plansza 78
4 2 7 |9 6 1 |5 3 8 
9 5 6 |8 3 4 |7 1 2 
1 8 3 |5 2 7 |4 6 9 
___________________
3 9 5 |1 8 6 |2 4 7 
7 4 8 |3 9 2 |6 5 1 
2 6 1 |7 4 5 |8 9 3 
___________________
8 3 2 |6 5 9 |1 7 4 
6 7 4 |2 1 3 |9 8 5 
5 1 9 |4 7 8 |3 2 6 
___________________
plansza 79
8 1 2 |3 4 5 |9 6 7 
4 5 6 |7 8 9 |2 1 3 
9 3 7 |1 2 6 |4 8 5 
___________________
1 4 5 |8 3 7 |6 9 2 
7 8 9 |4 6 2 |5 3 1 
6 2 3 |9 5 1 |7 4 8 
___________________
5 7 8 |6 9 3 |1 2 4 
3 6 1 |2 7 4 |8 5 9 
2 9 4 |5 1 8 |3 7 6 
___________________
plansza 80
5 7 9 |1 6 2 |8 4 3 
4 2 1 |7 8 3 |5 6 9 
3 6 8 |5 9 4 |2 7 1 
___________________
1 9 4 |6 5 8 |7 3 2 
6 8 7 |3 2 9 |4 1 5 
2 5 3 |4 1 7 |6 9 8 
___________________
8 4 2 |9 7 1 |3 5 6 
9 3 6 |8 4 5 |1 2 7 
7 1 5 |2 3 6 |9 8 4 
___________________
plansza 81
3 2 1 |7 8 4 |5 9 6 
9 7 8 |1 5 6 |2 4 3 
4 5 6 |9 3 2 |1 8 7 
___________________
1 8 2 |3 6 7 |9 5 4 
7 4 9 |2 1 5 |3 6 8 
5 6 3 |4 9 8 |7 1 2 
___________________
2 9 7 |8 4 1 |6 3 5 
6 3 4 |5 2 9 |8 7 1 
8 1 5 |6 7 3 |4 2 9 
___________________
plansza 82
3 1 7 |4 8 6 |9 2 5 
6 9 4 |5 3 2 |7 8 1 
5 2 8 |9 1 7 |3 4 6 
___________________
7 8 9 |1 5 3 |4 6 2 
1 3 5 |2 6 4 |8 9 7 
4 6 2 |7 9 8 |5 1 3 
___________________
8 4 1 |6 7 5 |2 3 9 
9 7 3 |8 2 1 |6 5 4 
2 5 6 |3 4 9 |1 7 8 
___________________
plansza 83
7 9 1 |4 6 5 |8 2 3 
5 8 6 |3 1 2 |7 4 9 
2 4 3 |7 9 8 |1 6 5 
___________________
8 1 9 |2 4 6 |5 3 7 
6 7 4 |8 5 3 |9 1 2 
3 5 2 |1 7 9 |6 8 4 
___________________
9 6 8 |5 3 4 |2 7 1 
1 3 5 |6 2 7 |4 9 8 
4 2 7 |9 8 1 |3 5 6 
___________________
plansza 84
6 3 9 |7 1 5 |8 4 2 
4 7 5 |2 6 8 |9 1 3 
1 8 2 |3 9 4 |7 5 6 
___________________
3 2 6 |5 4 9 |1 7 8 
9 1 4 |6 8 7 |3 2 5 
7 5 8 |1 3 2 |4 6 9 
___________________
8 4 1 |9 5 6 |2 3 7 
2 6 3 |8 7 1 |5 9 4 
5 9 7 |4 2 3 |6 8 1 
___________________
plansza 85
8 5 2 |6 1 9 |4 3 7 
7 9 3 |4 2 5 |8 6 1 
4 6 1 |3 7 8 |5 2 9 
___________________
5 2 4 |1 9 7 |6 8 3 
9 8 6 |2 3 4 |1 7 5 
1 3 7 |8 5 6 |9 4 2 
___________________
3 7 8 |5 6 1 |2 9 4 
6 1 9 |7 4 2 |3 5 8 
2 4 5 |9 8 3 |7 1 6 
___________________
plansza 86
9 4 3 |1 6 7 |5 8 2 
6 1 8 |2 9 5 |4 7 3 
7 5 2 |4 8 3 |9 6 1 
___________________
5 9 7 |3 1 4 |8 2 6 
1 8 6 |9 5 2 |7 3 4 
2 3 4 |8 7 6 |1 5 9 
___________________
4 6 1 |7 3 8 |2 9 5 
8 2 5 |6 4 9 |3 1 7 
3 7 9 |5 2 1 |6 4 8 
___________________
plansza 87
5 6 8 |3 2 4 |1 7 9 
7 2 1 |6 8 9 |3 4 5 
3 9 4 |1 5 7 |8 2 6 
___________________
2 3 7 |5 6 8 |9 1 4 
8 1 6 |4 9 3 |2 5 7 
4 5 9 |7 1 2 |6 3 8 
___________________
9 8 5 |2 4 1 |7 6 3 
1 4 3 |8 7 6 |5 9 2 
6 7 2 |9 3 5 |4 8 1 
___________________
plansza 88
8 3 9 |7 1 2 |5 6 4 
7 4 1 |3 6 5 |9 8 2 
2 5 6 |8 4 9 |7 1 3 
___________________
9 2 8 |4 7 3 |6 5 1 
6 7 4 |2 5 1 |3 9 8 
3 1 5 |9 8 6 |4 2 7 
___________________
5 6 2 |1 3 4 |8 7 9 
4 9 7 |6 2 8 |1 3 5 
1 8 3 |5 9 7 |2 4 6 
___________________
plansza 89
5 4 6 |2 7 9 |8 1 3 
2 3 9 |8 5 1 |6 7 4 
1 8 7 |3 4 6 |5 2 9 
___________________
7 2 5 |1 8 3 |4 9 6 
9 6 4 |5 2 7 |1 3 8 
8 1 3 |6 9 4 |2 5 7 
___________________
3 5 2 |9 6 8 |7 4 1 
4 9 8 |7 1 2 |3 6 5 
6 7 1 |4 3 5 |9 8 2 
___________________
plansza 90
7 1 6 |2 4 3 |5 9 8 
9 4 5 |6 1 8 |7 3 2 
8 2 3 |7 9 5 |4 1 6 
___________________
4 7 2 |1 5 6 |3 8 9 
1 6 8 |3 7 9 |2 5 4 
5 3 9 |4 8 2 |1 6 7 
___________________
6 9 7 |5 3 4 |8 2 1 
3 8 1 |9 2 7 |6 4 5 
2 5 4 |8 6 1 |9 7 3 
___________________
plansza 91
8 4 5 |2 3 9 |6 7 1 
2 9 1 |4 6 7 |3 8 5 
6 7 3 |1 5 8 |9 4 2 
___________________
1 3 2 |9 4 5 |8 6 7 
7 5 4 |8 1 6 |2 3 9 
9 6 8 |7 2 3 |1 5 4 
___________________
3 8 9 |5 7 2 |4 1 6 
5 1 6 |3 9 4 |7 2 8 
4 2 7 |6 8 1 |5 9 3 
___________________
plansza 92
5 2 7 |6 1 9 |8 3 4 
8 3 9 |2 7 4 |1 6 5 
1 6 4 |3 8 5 |9 2 7 
___________________
2 5 3 |1 9 7 |4 8 6 
6 9 1 |8 4 2 |7 5 3 
7 4 8 |5 6 3 |2 9 1 
___________________
4 1 2 |9 5 6 |3 7 8 
9 8 5 |7 3 1 |6 4 2 
3 7 6 |4 2 8 |5 1 9 
___________________
plansza 93
7 4 9 |6 5 8 |3 1 2 
6 8 2 |1 7 3 |5 4 9 
3 1 5 |2 4 9 |6 7 8 
___________________
5 7 3 |8 6 1 |9 2 4 
8 2 4 |5 9 7 |1 6 3 
9 6 1 |4 3 2 |8 5 7 
___________________
2 3 6 |7 8 5 |4 9 1 
4 9 7 |3 1 6 |2 8 5 
1 5 8 |9 2 4 |7 3 6 
___________________
plansza 94
9 4 2 |3 7 6 |1 8 5 
5 1 8 |4 2 9 |7 6 3 
6 3 7 |8 5 1 |9 2 4 
___________________
2 9 5 |7 4 3 |6 1 8 
7 6 1 |5 9 8 |3 4 2 
4 8 3 |1 6 2 |5 9 7 
___________________
3 7 9 |6 8 4 |2 5 1 
8 5 6 |2 1 7 |4 3 9 
1 2 4 |9 3 5 |8 7 6 
___________________
plansza 95
2 9 6 |1 4 7 |8 3 5 
8 5 3 |6 2 9 |4 1 7 
7 1 4 |5 3 8 |2 9 6 
___________________
9 3 5 |4 8 6 |7 2 1 
1 2 8 |3 7 5 |9 6 4 
6 4 7 |9 1 2 |5 8 3 
___________________
3 8 2 |7 5 1 |6 4 9 
4 7 9 |8 6 3 |1 5 2 
5 6 1 |2 9 4 |3 7 8 
___________________
plansza 96
6 5 9 |3 8 7 |1 4 2 
1 7 4 |2 6 5 |3 8 9 
2 8 3 |4 1 9 |6 7 5 
___________________
7 4 2 |5 9 6 |8 3 1 
9 3 6 |1 4 8 |5 2 7 
8 1 5 |7 2 3 |9 6 4 
___________________
5 9 7 |6 3 4 |2 1 8 
3 2 8 |9 7 1 |4 5 6 
4 6 1 |8 5 2 |7 9 3 
___________________
plansza 97
6 7 9 |4 2 3 |8 1 5 
3 1 2 |6 5 8 |4 7 9 
5 8 4 |9 1 7 |2 3 6 
___________________
7 4 5 |1 9 2 |6 8 3 
9 6 3 |7 8 5 |1 2 4 
1 2 8 |3 4 6 |5 9 7 
___________________
2 9 7 |5 6 1 |3 4 8 
4 5 1 |8 3 9 |7 6 2 
8 3 6 |2 7 4 |9 5 1 
___________________
plansza 98
3 8 6 |4 7 1 |5 2 9 
4 9 1 |5 8 2 |6 3 7 
2 7 5 |9 6 3 |4 1 8 
___________________
8 6 7 |1 4 9 |3 5 2 
9 3 2 |7 5 6 |8 4 1 
1 5 4 |3 2 8 |7 9 6 
___________________
5 2 3 |6 1 7 |9 8 4 
6 4 8 |2 9 5 |1 7 3 
7 1 9 |8 3 4 |2 6 5 
___________________
plansza 99
7 4 5 |1 3 6 |9 2 8 
6 1 2 |5 9 8 |4 3 7 
8 3 9 |7 4 2 |5 1 6 
___________________
9 6 1 |2 7 3 |8 4 5 
4 7 8 |6 1 5 |2 9 3 
2 5 3 |4 8 9 |7 6 1 
___________________
5 8 6 |3 2 4 |1 7 9 
1 9 4 |8 6 7 |3 5 2 
3 2 7 |9 5 1 |6 8 4 
___________________
plansza 100
8 7 1 |2 5 9 |3 6 4 
9 6 4 |3 1 8 |7 2 5 
2 5 3 |6 7 4 |9 8 1 
___________________
7 8 6 |1 9 3 |5 4 2 
4 1 5 |7 6 2 |8 3 9 
3 9 2 |4 8 5 |6 1 7 
___________________
5 4 7 |8 3 1 |2 9 6 
6 2 8 |9 4 7 |1 5 3 
1 3 9 |5 2 6 |4 7 8 
___________________
