0	|1	|2	|3	|4	|5	|6	|7	|8	|9	|10	|11	|12	|13	|14	|15	|16	|17	|18	|19	|20	|21	|22	|23	|24	|25	|26	|27	|28	|29	|30	|31	|32	|33	|34	|35	|36	|37	|38	|39	|40	|41	|42	|43	|44	|45	|46	|47	|48	|49	|50	|51	|52	|53	|54	|55	|56	|57	|58	|59	|60	|61	|62	|63	|64	|65	|66	|67	|68	|69	|70	|71	|72	|
1	|100	|2,94	|0	|3,53	|1,76	|1,76	|1,76	|4,71	|4,71	|2,35	|0	|3,53	|2,35	|4,12	|2,94	|1,76	|21,76	|100	|15,29	|21,18	|19,41	|8,82	|16,47	|14,71	|21,18	|17,65	|8,82	|15,88	|15,88	|7,65	|17,65	|19,41	|21,76	|21,76	|100	|15,88	|22,94	|21,76	|22,35	|8,82	|13,53	|11,18	|15,88	|12,94	|0	|9,41	|0	|20	|16,47	|16,47	|24,12	|20,59	|19,41	|23,53	|14,71	|13,53	|17,06	|12,35	|12,35	|16,47	|25,29	|14,71	|17,65	|0	|20	|19,41	|21,18	|16,47	|22,94	|15,29	|19,41	|19,41	|
________________________________________________________
2	|2,6	|100	|4,17	|2,6	|5,21	|3,12	|0	|3,65	|4,69	|2,6	|3,65	|3,12	|3,12	|3,65	|2,08	|3,12	|20,31	|20,31	|10,94	|100	|20,31	|14,58	|21,35	|21,88	|15,62	|9,9	|15,1	|15,1	|9,9	|11,98	|14,06	|20,31	|20,83	|100	|15,1	|20,31	|20,83	|21,88	|23,44	|15,1	|17,19	|17,19	|17,71	|16,15	|22,4	|17,19	|0	|14,58	|0	|14,58	|19,27	|18,23	|24,48	|17,71	|13,54	|21,35	|17,19	|14,06	|16,15	|18,75	|0	|14,58	|21,88	|16,15	|16,67	|18,75	|19,27	|20,31	|16,67	|15,1	|17,71	|15,62	|
________________________________________________________
3	|0	|8,16	|100	|3,06	|7,14	|5,1	|2,04	|2,04	|7,14	|2,04	|5,1	|10,2	|1,02	|3,06	|5,1	|4,08	|0	|4,08	|0	|27,55	|22,45	|15,31	|20,41	|18,37	|19,39	|21,43	|9,18	|12,24	|15,31	|16,33	|17,35	|18,37	|0	|20,41	|16,33	|23,47	|18,37	|18,37	|13,27	|19,39	|19,39	|12,24	|14,29	|16,33	|25,51	|100	|10,2	|18,37	|8,16	|9,18	|14,29	|23,47	|24,49	|24,49	|14,29	|25,51	|19,39	|16,33	|15,31	|15,31	|24,49	|100	|18,37	|19,39	|27,55	|28,57	|7,14	|16,33	|17,35	|21,43	|17,35	|16,33	|
________________________________________________________
4	|4,05	|3,38	|2,03	|100	|0	|2,7	|4,05	|4,73	|2,03	|0	|2,03	|6,08	|1,35	|0,68	|4,05	|3,38	|29,05	|17,57	|0	|14,19	|0	|13,51	|14,19	|16,89	|13,51	|8,11	|15,54	|16,89	|13,51	|9,46	|13,51	|17,57	|18,92	|23,65	|18,92	|0	|17,57	|18,92	|18,24	|16,22	|21,62	|11,49	|16,89	|21,62	|22,3	|11,49	|11,49	|100	|18,24	|16,89	|23,65	|20,95	|23,65	|16,22	|12,16	|24,32	|23,65	|16,22	|15,54	|18,92	|20,27	|16,89	|100	|17,57	|18,92	|20,95	|20,27	|16,22	|17,57	|22,3	|17,57	|13,51	|
________________________________________________________
5	|1,71	|5,71	|4	|0	|100	|1,14	|2,29	|2,86	|2,29	|1,71	|1,71	|4	|4	|1,71	|0	|5,14	|18,86	|17,14	|14,29	|25,71	|100	|17,71	|13,71	|22,86	|14,86	|14,86	|16,57	|17,14	|18,86	|10,86	|17,14	|16,57	|16	|14,29	|17,14	|15,43	|10,29	|13,14	|24,57	|13,14	|100	|14,29	|18,29	|19,43	|18,86	|18,29	|21,71	|0	|12	|0	|20	|19,43	|18,29	|18,86	|13,71	|20	|24	|13,71	|16,57	|20	|17,71	|13,71	|23,43	|12,57	|15,43	|16,57	|24,57	|16,57	|18,86	|0	|27,43	|15,43	|
________________________________________________________
6	|2,33	|4,65	|3,88	|3,1	|1,55	|100	|3,88	|3,88	|3,1	|3,88	|0,78	|4,65	|3,1	|3,88	|8,53	|4,65	|17,83	|20,93	|12,4	|20,93	|15,5	|9,3	|100	|16,28	|19,38	|10,08	|13,95	|19,38	|12,4	|14,73	|16,28	|10,85	|13,18	|20,16	|16,28	|17,05	|14,73	|11,63	|17,83	|100	|16,28	|17,05	|20,16	|15,5	|14,73	|15,5	|9,3	|18,6	|12,4	|0	|17,83	|0	|24,81	|8,53	|17,83	|22,48	|22,48	|13,95	|28,68	|10,08	|14,73	|22,48	|15,5	|13,95	|16,28	|19,38	|0	|16,28	|23,26	|23,26	|17,05	|23,26	|
________________________________________________________
7	|2,61	|0	|1,74	|5,22	|3,48	|4,35	|100	|0	|1,74	|1,74	|3,48	|0,87	|7,83	|3,48	|2,61	|1,74	|21,74	|16,52	|13,04	|0	|12,17	|0	|17,39	|16,52	|19,13	|8,7	|11,3	|10,43	|25,22	|15,65	|13,04	|15,65	|12,17	|20	|23,48	|14,78	|20,87	|16,52	|0	|10,43	|17,39	|18,26	|24,35	|18,26	|19,13	|12,17	|16,52	|18,26	|100	|8,7	|20	|25,22	|18,26	|20,87	|9,57	|13,91	|19,13	|13,91	|12,17	|13,91	|20	|20,87	|25,22	|13,04	|17,39	|17,39	|13,04	|100	|13,91	|19,13	|17,39	|18,26	|
________________________________________________________
8	|4,97	|4,35	|1,24	|4,35	|3,11	|3,11	|0	|100	|2,48	|2,48	|1,24	|2,48	|3,11	|0	|4,35	|3,73	|19,25	|19,25	|14,91	|22,36	|19,25	|0	|13,04	|0	|14,29	|11,18	|19,88	|15,53	|13,66	|14,29	|14,91	|20,5	|15,53	|16,15	|27,95	|16,15	|14,91	|22,36	|18,01	|18,01	|12,42	|0	|16,15	|16,77	|18,63	|13,04	|13,66	|18,63	|13,04	|13,66	|100	|24,22	|23,6	|14,91	|13,04	|16,77	|21,74	|15,53	|19,25	|23,6	|26,71	|14,29	|22,36	|6,21	|18,63	|18,01	|21,74	|8,7	|100	|17,39	|18,63	|16,15	|
________________________________________________________
9	|7,02	|7,89	|6,14	|2,63	|3,51	|3,51	|1,75	|3,51	|100	|1,75	|0	|3,51	|3,51	|2,63	|1,75	|5,26	|12,28	|19,3	|9,65	|22,81	|19,3	|14,91	|19,3	|18,42	|24,56	|100	|13,16	|20,18	|21,93	|13,16	|17,54	|21,93	|26,32	|22,81	|25,44	|13,16	|100	|15,79	|18,42	|17,54	|18,42	|19,3	|14,91	|14,04	|9,65	|27,19	|14,91	|14,91	|11,4	|14,04	|14,04	|18,42	|0	|11,4	|0	|23,68	|16,67	|11,4	|20,18	|18,42	|16,67	|17,54	|25,44	|11,4	|14,04	|0	|15,79	|14,04	|22,81	|13,16	|18,42	|12,28	|
________________________________________________________
10	|3,08	|3,85	|1,54	|0	|2,31	|3,85	|1,54	|3,08	|1,54	|100	|0,77	|2,31	|5,38	|3,08	|0	|2,31	|26,15	|15,38	|7,69	|20,77	|13,85	|21,54	|21,54	|17,69	|18,46	|16,92	|13,85	|100	|19,23	|11,54	|18,46	|16,92	|20,77	|26,92	|21,54	|100	|17,69	|24,62	|15,38	|16,15	|18,46	|23,85	|19,23	|16,15	|18,46	|12,31	|13,85	|23,08	|9,23	|11,54	|12,31	|14,62	|22,31	|21,54	|0	|12,31	|0	|9,23	|17,69	|23,08	|18,46	|12,31	|0	|7,69	|18,46	|16,92	|13,85	|18,46	|16,92	|25,38	|20	|18,46	|
________________________________________________________
11	|0	|6,6	|4,72	|2,83	|2,83	|0,94	|3,77	|1,89	|0	|0,94	|100	|4,72	|1,89	|1,89	|5,66	|5,66	|16,04	|23,58	|18,87	|26,42	|23,58	|18,87	|10,38	|17,92	|0	|5,66	|0	|19,81	|13,21	|12,26	|16,98	|22,64	|27,36	|18,87	|0	|7,55	|16,98	|19,81	|16,98	|9,43	|9,43	|19,81	|16,98	|16,98	|22,64	|13,21	|16,04	|15,09	|11,32	|9,43	|16,98	|16,04	|19,81	|100	|17,92	|22,64	|17,92	|16,04	|23,58	|19,81	|15,09	|14,15	|16,04	|100	|19,81	|15,09	|22,64	|14,15	|6,6	|21,7	|13,21	|20,75	|
________________________________________________________
12	|2,82	|2,82	|4,69	|4,23	|3,29	|2,82	|0,47	|1,88	|1,88	|1,41	|2,35	|100	|0	|4,23	|5,63	|5,16	|22,07	|11,27	|11,27	|23,47	|15,02	|10,33	|13,15	|19,25	|19,25	|10,8	|0	|12,21	|0	|12,68	|20,19	|19,72	|22,54	|17,37	|24,88	|19,25	|15,49	|0	|16,43	|11,74	|18,78	|16,9	|18,78	|13,62	|20,66	|10,8	|15,02	|17,37	|7,51	|15,02	|14,08	|17,37	|28,64	|19,25	|11,27	|100	|20,19	|10,8	|16,43	|15,02	|16,43	|21,13	|22,54	|15,02	|100	|14,08	|22,07	|16,43	|15,49	|21,13	|21,6	|18,78	|
________________________________________________________
13	|2,74	|4,11	|0,68	|1,37	|4,79	|2,74	|6,16	|3,42	|2,74	|4,79	|1,37	|0	|100	|2,74	|3,42	|4,79	|23,97	|20,55	|13,01	|15,07	|23,97	|8,9	|15,75	|17,12	|17,81	|13,01	|19,18	|20,55	|100	|11,64	|18,49	|19,86	|12,33	|17,81	|20,55	|20,55	|19,86	|23,29	|15,75	|19,18	|17,81	|15,75	|100	|19,86	|13,7	|11,64	|13,7	|10,96	|19,18	|12,33	|19,86	|19,18	|25,34	|21,23	|14,38	|0	|11,64	|0	|24,66	|25,34	|13,7	|15,07	|15,07	|6,85	|17,12	|10,27	|19,86	|28,08	|18,49	|23,29	|13,7	|0	|
________________________________________________________
14	|5,19	|5,19	|2,22	|0,74	|2,22	|3,7	|2,96	|0	|2,22	|2,96	|1,48	|6,67	|2,96	|100	|2,96	|2,22	|17,78	|15,56	|13,33	|21,48	|15,56	|14,07	|20,74	|19,26	|24,44	|14,07	|13,33	|19,26	|12,59	|10,37	|100	|20	|17,78	|20	|17,78	|17,04	|15,56	|19,26	|17,04	|17,78	|19,26	|100	|22,96	|20	|21,48	|6,67	|13,33	|15,56	|12,59	|17,04	|23,7	|14,07	|25,19	|17,04	|12,59	|33,33	|20,74	|0	|12,59	|0	|11,11	|16,3	|11,85	|17,78	|15,56	|22,96	|26,67	|20,74	|0	|11,11	|20,74	|18,52	|
________________________________________________________
15	|3,21	|2,56	|3,21	|3,85	|0	|7,05	|1,92	|4,49	|1,28	|0	|3,85	|7,69	|3,21	|2,56	|100	|5,77	|23,08	|16,03	|11,54	|19,23	|17,95	|13,46	|19,87	|22,44	|20,51	|7,05	|17,95	|0	|10,26	|0	|17,95	|24,36	|18,59	|20,51	|16,67	|20,51	|13,46	|14,1	|14,74	|18,59	|0	|15,38	|19,87	|22,44	|17,31	|9,62	|14,1	|19,23	|12,82	|12,82	|16,03	|16,67	|25,64	|16,67	|19,23	|26,28	|100	|13,46	|16,67	|22,44	|23,08	|16,67	|18,59	|13,46	|16,67	|13,46	|21,79	|17,31	|16,03	|100	|17,95	|20,51	|
________________________________________________________
16	|2,01	|4,03	|2,68	|3,36	|6,04	|4,03	|1,34	|4,03	|4,03	|2,01	|4,03	|7,38	|4,7	|2,01	|6,04	|100	|20,13	|17,45	|9,4	|20,81	|19,46	|13,42	|21,48	|13,42	|18,79	|15,44	|12,75	|18,79	|20,81	|0	|10,07	|0	|16,11	|18,12	|16,78	|10,74	|22,82	|9,4	|20,13	|18,79	|25,5	|17,45	|14,09	|0	|17,45	|13,42	|11,41	|14,09	|11,41	|13,42	|22,15	|10,07	|22,15	|20,81	|15,44	|22,15	|24,83	|16,78	|100	|23,49	|17,45	|15,44	|23,49	|14,77	|23,49	|10,74	|12,75	|21,48	|21,48	|18,79	|100	|23,49	|
________________________________________________________
17	|3,42	|3,61	|0	|3,98	|3,05	|2,13	|2,31	|2,87	|1,3	|3,15	|1,57	|4,35	|3,24	|2,22	|3,33	|2,78	|100	|20,26	|13,97	|21,37	|18,96	|14,71	|17,76	|19,8	|20,07	|8,33	|12,77	|16,56	|16,1	|12,67	|15,63	|16,56	|17,02	|19,06	|18,87	|17,85	|15,36	|16,47	|16,37	|14,62	|16	|16,28	|17,02	|17,3	|15,63	|0	|13,04	|18,69	|15,17	|13,32	|16,84	|18,13	|25,25	|14,89	|12,77	|19,15	|16,93	|11,66	|14,43	|18,87	|18,32	|15,63	|18,96	|14,25	|17,39	|16,47	|18,32	|16,47	|17,67	|17,3	|15,91	|15,91	|
________________________________________________________
18	|19,45	|4,46	|0,46	|2,97	|3,43	|3,09	|2,17	|3,55	|2,52	|2,29	|2,86	|2,75	|3,43	|2,4	|2,86	|2,97	|25,06	|100	|12,47	|23,34	|20,25	|14,65	|18,76	|18,54	|19,91	|13,73	|11,78	|15,1	|15,1	|10,07	|16,82	|18,65	|19,22	|18,54	|19,45	|16,25	|19,11	|16,25	|17,96	|14,42	|14,87	|14,19	|17,28	|15,68	|0	|9,95	|0	|19,22	|14,19	|13,96	|18,88	|19,68	|18,88	|19,11	|13,16	|15,56	|16,82	|11,78	|18,54	|16,02	|17,85	|13,5	|16,7	|14,42	|16,13	|15,9	|17,51	|16,25	|17,85	|15,79	|18,31	|15,68	|
________________________________________________________
19	|4,24	|3,43	|0	|0	|4,08	|2,61	|2,45	|3,92	|1,79	|1,63	|3,26	|3,92	|3,1	|2,94	|2,94	|2,28	|24,63	|17,78	|100	|19,58	|23,49	|15,82	|17,29	|18,6	|17,62	|7,18	|14,36	|14,19	|14,03	|9,3	|13,7	|15,99	|21,7	|18,92	|19,58	|17,13	|18,43	|19,58	|18,27	|12,72	|16,97	|15,66	|17,62	|16,48	|19,25	|0	|9,46	|0	|17,13	|12,72	|17,46	|19,25	|23,82	|16,64	|12,89	|15,99	|17,46	|10,6	|13,05	|18,11	|20,88	|0	|0	|15,66	|21,53	|17,94	|19,74	|15,5	|15,99	|14,03	|16,64	|15,01	|
________________________________________________________
20	|3,65	|19,47	|2,74	|2,13	|4,56	|2,74	|0	|3,65	|2,64	|2,74	|2,84	|5,07	|2,23	|2,94	|3,04	|3,14	|23,43	|20,69	|12,17	|100	|18,05	|13,18	|18,36	|20,28	|15,52	|11,87	|10,85	|17,14	|11,16	|10,95	|16,23	|18,66	|17,85	|19,47	|18,36	|16,43	|15,92	|16,43	|17,75	|14,4	|19,17	|16,94	|16,63	|16,94	|20,79	|13,69	|0	|12,78	|0	|14,4	|17,65	|20,79	|22,62	|17,85	|11,97	|22,72	|15,72	|13,49	|15,31	|16,02	|15,21	|16,53	|18,56	|14	|18,46	|17,65	|19,68	|15,01	|16,13	|15,82	|17,55	|15,72	|
________________________________________________________
21	|3,76	|4,44	|2,51	|0	|19,93	|2,28	|1,59	|3,53	|2,51	|2,05	|2,85	|3,64	|3,99	|2,39	|3,19	|3,3	|23,35	|20,16	|16,4	|20,27	|100	|12,64	|17,88	|18,34	|14,35	|11,28	|14,12	|19,48	|18,91	|10,71	|17,08	|18,34	|19,93	|16,97	|18	|17,43	|14,01	|15,49	|20,05	|13,21	|19,93	|15,6	|15,72	|17,65	|19,48	|13,55	|16,17	|0	|12,41	|0	|19,25	|19,59	|20,84	|19,93	|11,85	|15,83	|20,62	|11,16	|15,38	|20,5	|19,25	|14,58	|17,2	|15,15	|15,38	|15,95	|18,68	|14,92	|18,22	|15,26	|18,34	|14,01	|
________________________________________________________
22	|2,45	|4,57	|2,45	|3,26	|5,06	|1,96	|0	|0	|2,77	|4,57	|3,26	|3,59	|2,12	|3,1	|3,43	|3,26	|25,94	|20,88	|15,82	|21,21	|18,11	|100	|18,92	|20,23	|17,13	|12,07	|13,7	|17,29	|13,7	|14,85	|15,99	|16,64	|16,97	|16,15	|15,66	|21,21	|15,82	|18,76	|22,19	|15,17	|17,13	|17,62	|17,46	|20,72	|19,09	|12,56	|14,52	|21,21	|0	|9,95	|0	|19,74	|23,98	|17,46	|13,21	|18,76	|18,27	|13,21	|16,8	|17,94	|14,52	|13,7	|14,68	|15,82	|14,85	|18,43	|26,1	|0	|0	|17,46	|19,74	|17,62	|
________________________________________________________
23	|3,43	|5,02	|2,45	|2,57	|2,94	|15,81	|2,45	|2,57	|2,7	|3,43	|1,35	|3,43	|2,82	|3,43	|3,8	|3,92	|23,53	|20,1	|12,99	|22,18	|19,24	|14,22	|100	|19,73	|17,4	|10,78	|12,01	|18,26	|17,89	|9,19	|18,75	|13,48	|18,14	|18,14	|20,59	|16,91	|16,42	|15,69	|18,26	|15,81	|15,56	|15,07	|18,63	|16,18	|18,14	|14,34	|11,15	|18,14	|15,2	|0	|14,46	|0	|23,53	|15,07	|12,75	|18,01	|16,91	|10,78	|21,69	|16,18	|17,77	|15,56	|17,03	|12,38	|17,16	|18,14	|16,91	|16,67	|14,83	|17,28	|16,42	|16,79	|
________________________________________________________
24	|2,91	|4,9	|2,1	|2,91	|4,66	|2,45	|2,21	|0	|2,45	|2,68	|2,21	|4,78	|2,91	|3,03	|4,08	|2,33	|24,94	|18,88	|13,29	|23,31	|18,76	|14,45	|18,76	|100	|17,02	|10,37	|12,35	|14,57	|14,1	|12,24	|19,46	|19,11	|18,88	|17,02	|18,76	|17,02	|15,73	|15,27	|17,25	|14,69	|17,48	|14,22	|16,67	|17,13	|21,91	|12,59	|12,47	|19,58	|16,08	|16,08	|0	|7,58	|21,1	|16,67	|13,17	|18,41	|19,58	|11,19	|16,78	|22,61	|15,73	|14,45	|15,15	|13,64	|16,43	|16,78	|19,35	|16,32	|16,67	|16,2	|16,78	|15,97	|
________________________________________________________
25	|4,28	|3,56	|2,26	|2,38	|3,09	|2,97	|2,61	|2,73	|3,33	|2,85	|0	|4,87	|3,09	|3,92	|3,8	|3,33	|25,77	|20,67	|12,83	|18,17	|14,96	|12,47	|16,86	|17,34	|100	|14,96	|15,2	|16,86	|14,61	|12,83	|18,76	|21,38	|19,36	|18,76	|20,19	|17,58	|16,03	|17,22	|15,68	|15,68	|17,46	|17,7	|18,41	|15,68	|21,02	|9,98	|11,05	|15,91	|13,3	|12,35	|15,68	|18,29	|20,07	|0	|16,03	|21,73	|20,55	|13,78	|17,81	|19,12	|15,91	|16,63	|16,15	|14,61	|18,65	|14,96	|17,7	|18,05	|15,32	|15,44	|17,58	|16,15	|
________________________________________________________
26	|5,51	|3,49	|3,86	|2,21	|4,78	|2,39	|1,84	|3,31	|20,96	|4,04	|1,1	|4,23	|3,49	|3,49	|2,02	|4,23	|16,54	|22,06	|8,09	|21,51	|18,2	|13,6	|16,18	|16,36	|23,16	|100	|11,76	|19,12	|15,99	|14,89	|19,3	|22,61	|16,18	|17,65	|20,59	|15,44	|20,96	|16,73	|19,12	|15,62	|18,01	|17,65	|17,28	|14,89	|13,42	|20,77	|11,03	|16,36	|14,15	|12,13	|14,89	|19,3	|0	|10,11	|0	|22,06	|20,04	|11,76	|17,46	|21,51	|15,62	|16,91	|19,3	|16,73	|15,62	|15,07	|18,93	|16,18	|19,12	|14,89	|18,2	|16,73	|
________________________________________________________
27	|2,41	|4,65	|1,44	|3,69	|4,65	|2,89	|2,09	|5,14	|2,41	|2,89	|0	|0	|4,49	|2,89	|4,49	|3,05	|22,15	|16,53	|14,13	|17,17	|19,9	|13,48	|15,73	|17,01	|20,55	|10,27	|100	|15,73	|19,42	|12,04	|18,46	|17,82	|20,06	|18,14	|20,71	|16,37	|18,62	|24,4	|18,3	|14,13	|16,37	|14,45	|18,62	|15,73	|19,1	|10,59	|16,37	|16,05	|13	|13,48	|20,22	|18,94	|27,13	|0	|9,79	|0	|21,03	|12,2	|16,37	|17,34	|17,82	|18,3	|21,19	|0	|0	|20,06	|20,06	|16,21	|19,1	|17,01	|18,3	|15,73	|
________________________________________________________
28	|3,39	|3,64	|1,51	|3,14	|3,76	|3,14	|1,51	|3,14	|2,89	|16,31	|2,63	|3,26	|3,76	|3,26	|0	|3,51	|22,46	|16,56	|10,92	|21,2	|21,46	|13,3	|18,7	|15,68	|17,82	|13,05	|12,3	|100	|20,08	|12,92	|18,95	|18,82	|19,07	|17,19	|17,69	|16,31	|18,7	|16,94	|17,94	|13,93	|16,56	|17,69	|17,06	|16,56	|16,31	|10,92	|13,3	|21,2	|10,54	|11,04	|18,32	|18,44	|27,85	|19,7	|0	|14,68	|0	|13,05	|18,7	|20,33	|16,56	|15,18	|16,81	|13,68	|16,06	|15,81	|17,82	|15,31	|15,43	|16,94	|16,94	|15,31	|
________________________________________________________
29	|3,52	|2,48	|1,96	|2,61	|4,3	|2,09	|3,78	|2,87	|3,26	|3,26	|1,83	|0	|19,04	|2,22	|2,09	|4,04	|22,69	|17,21	|11,21	|14,34	|21,64	|10,95	|19,04	|15,78	|16,04	|11,34	|15,78	|20,86	|100	|11,34	|18,25	|18,12	|17,21	|17,21	|20,34	|15,51	|16,82	|17,99	|14,21	|13,43	|15,38	|15,78	|19,04	|17,08	|17,73	|11,47	|12,39	|13,56	|17,86	|11,99	|18,12	|17,21	|26,34	|18,9	|14,34	|0	|11,47	|0	|20,34	|22,69	|14,86	|15,78	|17,34	|11,86	|16,69	|15,65	|17,21	|19,3	|15,65	|18,51	|15,38	|15,38	|
________________________________________________________
30	|2,32	|4,1	|2,85	|2,5	|3,39	|3,39	|3,21	|4,1	|2,67	|2,67	|2,32	|4,81	|3,03	|2,5	|0	|0	|24,42	|15,69	|10,16	|19,25	|16,76	|16,22	|13,37	|18,72	|19,25	|14,44	|13,37	|18,36	|15,51	|100	|16,76	|20,68	|16,58	|16,04	|19,25	|19,07	|13,19	|21,03	|18,36	|19,43	|21,75	|15,69	|17,83	|18,89	|17,65	|12,3	|13,37	|16,04	|12,3	|16,04	|14,44	|17,65	|26,92	|19,25	|15,69	|22,46	|0	|10,87	|0	|21,03	|16,58	|18,36	|16,93	|15,51	|18	|16,58	|20,32	|19,96	|20,32	|0	|0	|18,72	|
________________________________________________________
31	|3,77	|3,39	|2,14	|2,51	|3,77	|2,64	|1,88	|3,02	|2,51	|3,02	|2,26	|5,4	|3,39	|16,96	|3,52	|1,88	|21,23	|18,47	|10,55	|20,1	|18,84	|12,31	|19,22	|20,98	|19,85	|13,19	|14,45	|18,97	|17,59	|11,81	|100	|22,36	|16,71	|16,58	|18,84	|14,2	|17,46	|18,22	|16,71	|14,32	|15,95	|16,96	|18,59	|15,45	|18,09	|11,56	|10,68	|16,96	|13,57	|13,57	|20,1	|14,7	|25,75	|20,35	|13,69	|21,48	|19,22	|0	|12,56	|0	|14,57	|15,83	|17,09	|11,68	|16,71	|15,95	|18,22	|17,46	|15,33	|15,83	|17,09	|14,95	|
________________________________________________________
32	|3,81	|4,5	|2,08	|3	|3,34	|1,61	|2,08	|3,81	|2,88	|2,54	|2,77	|4,84	|3,34	|3,11	|4,38	|0	|20,65	|18,8	|11,3	|21,22	|18,57	|11,76	|12,69	|18,92	|20,76	|14,19	|12,8	|17,3	|16,03	|13,38	|20,53	|100	|19,38	|17,88	|22,15	|14,99	|16,96	|16,15	|14,65	|15,46	|15,11	|15,46	|16,03	|14,99	|17,88	|11,76	|12,11	|16,84	|13,96	|13,73	|12,92	|22,61	|26,18	|18,69	|15,46	|20,42	|19,26	|13,38	|0	|9,11	|16,61	|15,92	|17,53	|16,84	|17,07	|15,34	|18,34	|17,76	|17,65	|17,3	|18,22	|19,49	|
________________________________________________________
33	|4,1	|4,43	|0	|3,1	|3,1	|1,88	|1,55	|2,77	|3,33	|2,99	|3,22	|5,32	|2	|2,66	|3,22	|2,66	|20,4	|18,63	|14,75	|19,51	|19,4	|11,53	|16,41	|17,96	|18,07	|9,76	|13,86	|16,85	|14,63	|10,31	|14,75	|18,63	|100	|19,4	|21,4	|17,96	|19,29	|20,18	|18,29	|8,76	|15,52	|15,96	|15,08	|16,08	|16,52	|12,31	|15,52	|14,19	|13,53	|13,64	|15,3	|16,85	|25,17	|15,74	|14,86	|17,96	|18,07	|12,2	|14,86	|17,85	|15,08	|0	|19,84	|14,97	|21,84	|20,18	|21,95	|14,75	|15,74	|15,19	|15,52	|16,19	|
________________________________________________________
34	|4,16	|21,6	|2,25	|3,94	|2,81	|2,92	|2,59	|2,92	|2,92	|3,94	|2,25	|4,16	|2,92	|3,04	|3,6	|3,04	|23,17	|18,22	|13,05	|21,6	|16,76	|11,14	|16,65	|16,42	|17,77	|10,8	|12,71	|15,41	|14,85	|10,12	|14,85	|17,44	|19,69	|100	|21,15	|19,69	|18,45	|19,57	|19,12	|18,67	|14,62	|16,99	|17,32	|18,11	|16,31	|12,82	|0	|16,2	|13,5	|12,37	|16,2	|19,12	|21,71	|16,31	|13,95	|18,56	|17,89	|10,69	|16,87	|18,22	|0	|13,84	|20,47	|14,62	|18,67	|18,22	|15,19	|20,7	|17,89	|15,86	|17,89	|17,21	|
________________________________________________________
35	|17,86	|3,05	|1,68	|2,94	|3,15	|2,21	|2,84	|4,73	|3,05	|2,94	|0	|5,57	|3,15	|2,52	|2,73	|2,63	|21,43	|17,86	|12,61	|19,01	|16,6	|10,08	|17,65	|16,91	|17,86	|11,76	|13,55	|14,81	|16,39	|11,34	|15,76	|20,17	|20,27	|19,75	|100	|16,28	|19,01	|17,96	|17,65	|15,55	|18,28	|10,61	|18,38	|15,65	|16,6	|11,03	|0	|16,81	|14,5	|10,19	|18,07	|19,22	|22,37	|17,33	|14,08	|19,75	|16,39	|11,87	|15,34	|19,75	|19,96	|18,38	|16,6	|0	|21,22	|17,54	|17,86	|17,75	|23,21	|15,76	|16,6	|16,6	|
________________________________________________________
36	|3,33	|4,81	|2,84	|0	|3,33	|2,72	|2,1	|3,21	|1,85	|16,05	|0,99	|5,06	|3,7	|2,84	|3,95	|1,98	|23,83	|17,53	|12,96	|20	|18,89	|16,05	|17,04	|18,02	|18,27	|10,37	|12,59	|16,05	|14,69	|13,21	|13,95	|16,05	|20	|21,6	|19,14	|100	|20	|20	|17,65	|14,44	|18,27	|19,63	|17,53	|16,05	|15,06	|11,85	|16,3	|16,67	|12,59	|11,98	|15,31	|19,14	|20,25	|16,42	|0	|17,04	|18,52	|11,23	|15,93	|17,41	|19,14	|17,78	|0	|11,23	|21,36	|18,4	|19,14	|17,28	|15,93	|20,12	|15,68	|15,43	|
________________________________________________________
37	|4,72	|4,84	|2,18	|3,14	|2,18	|2,3	|2,9	|2,9	|13,78	|2,78	|2,18	|3,99	|3,51	|2,54	|2,54	|4,11	|20,07	|20,19	|13,66	|18,98	|14,87	|11,73	|16,2	|16,32	|16,32	|13,78	|14,03	|18,02	|15,6	|8,95	|16,81	|17,78	|21,04	|19,83	|21,89	|19,59	|100	|19,23	|19,23	|14,15	|15,84	|15,11	|19,83	|12,33	|14,87	|13,18	|13,18	|17,53	|15,72	|13,3	|17,53	|18,86	|20,56	|16,32	|0	|18,14	|17,29	|11,73	|15,6	|18,98	|18,98	|17,05	|18,26	|15,11	|18,38	|0	|17,53	|17,41	|17,78	|16,2	|22,37	|11,25	|
________________________________________________________
38	|4,31	|4,89	|2,1	|3,26	|2,68	|1,75	|2,21	|4,19	|2,1	|3,73	|2,44	|0	|3,96	|3,03	|2,56	|1,63	|20,72	|16,53	|13,97	|18,86	|15,83	|13,39	|14,9	|15,25	|16,88	|10,59	|17,69	|15,72	|16,07	|13,74	|16,88	|16,3	|21,19	|20,26	|19,91	|18,86	|18,51	|100	|15,95	|14,67	|17,58	|16,53	|19,91	|18,51	|17,58	|11,99	|15,48	|18,04	|12,81	|12,34	|18,98	|17,81	|23,4	|15,02	|15,37	|16,41	|17	|10,36	|14,44	|16,18	|21,07	|17,81	|18,04	|17,35	|0	|15,72	|18,04	|16,65	|15,48	|17	|15,13	|20,26	|
________________________________________________________
39	|4,37	|5,17	|1,49	|3,1	|4,94	|2,64	|0	|3,33	|2,41	|2,3	|2,07	|4,02	|2,64	|2,64	|2,64	|3,45	|20,34	|18,05	|12,87	|20,11	|20,23	|15,63	|17,13	|17,01	|15,17	|11,95	|13,1	|16,44	|12,53	|11,84	|15,29	|14,6	|18,97	|19,54	|19,31	|16,44	|18,28	|15,75	|100	|14,48	|20,11	|18,39	|19,08	|18,05	|17,01	|12,76	|11,49	|17,01	|13,22	|15,17	|15,29	|17,59	|21,38	|20	|10,8	|16,21	|17,24	|12,41	|16,67	|20,69	|20,57	|13,91	|17,82	|13,56	|18,05	|15,52	|16,44	|0	|18,97	|18,39	|20,23	|17,82	|
________________________________________________________
40	|2,08	|4,02	|2,63	|3,32	|3,19	|17,87	|1,66	|4,02	|2,77	|2,91	|1,39	|3,46	|3,88	|3,32	|4,02	|3,88	|21,88	|17,45	|10,8	|19,67	|16,07	|12,88	|17,87	|17,45	|18,28	|11,77	|12,19	|15,37	|14,27	|15,1	|15,79	|18,56	|10,94	|22,99	|20,5	|16,2	|16,2	|17,45	|17,45	|100	|18,7	|16,34	|21,47	|17,17	|16,9	|11,22	|8,45	|15,93	|13,02	|0	|17,04	|18,56	|20,22	|14,96	|13,02	|18,56	|17,31	|13,57	|15,24	|16,2	|13,16	|20,5	|16,62	|13,85	|17,17	|15,79	|0	|16,48	|20,5	|20,91	|20,36	|17,87	|
________________________________________________________
41	|2,79	|4	|2,31	|3,88	|21,24	|2,55	|2,43	|2,43	|2,55	|2,91	|1,21	|4,85	|3,16	|3,16	|0	|4,61	|21	|15,78	|12,62	|22,94	|21,24	|12,74	|15,41	|18,2	|17,84	|11,89	|12,38	|16,02	|14,32	|14,81	|15,41	|15,9	|16,99	|15,78	|21,12	|17,96	|15,9	|18,33	|21,24	|16,38	|100	|17,84	|19,54	|18,45	|16,75	|12,14	|14,44	|16,26	|12,5	|0	|17,11	|16,99	|21,36	|15,9	|13,71	|19,9	|19,17	|16,38	|17,23	|18,93	|17,23	|15,53	|23,79	|11,53	|18,69	|16,02	|20,51	|19,78	|15,05	|0	|21,6	|17,96	|
________________________________________________________
42	|2,38	|4,12	|1,5	|2,12	|3,12	|2,75	|2,62	|0	|2,75	|3,88	|2,62	|4,5	|2,88	|16,88	|3	|3,25	|22	|15,5	|12	|20,88	|17,12	|13,5	|15,38	|15,25	|18,62	|12	|11,25	|17,62	|15,12	|11	|16,88	|16,75	|18	|18,88	|12,62	|19,88	|15,62	|17,75	|20	|14,75	|18,38	|100	|18,12	|19,5	|18,5	|10,62	|14,75	|17,25	|12,38	|13,88	|16,25	|18,75	|22,62	|16,62	|12,5	|20,25	|18,38	|0	|15,25	|17,5	|15,38	|15,12	|15,5	|20	|17,5	|16,88	|23	|19,75	|0	|14,38	|19,88	|19,38	|
________________________________________________________
43	|3,22	|4,05	|1,67	|2,98	|3,81	|3,1	|3,34	|3,1	|2,03	|2,98	|2,15	|4,77	|17,4	|3,69	|3,69	|2,5	|21,93	|18	|12,87	|19,55	|16,45	|12,75	|18,12	|17,04	|18,47	|11,2	|13,83	|16,21	|17,4	|11,92	|17,64	|16,57	|16,21	|18,36	|20,86	|16,92	|19,55	|20,38	|19,79	|18,47	|19,19	|17,28	|100	|19,67	|15,38	|12,4	|9,89	|17,28	|13,95	|14,18	|15,02	|15,73	|22,17	|16,45	|12,99	|16,21	|17,4	|0	|17,16	|16,57	|16,45	|15,49	|16,21	|12,63	|21,22	|15,38	|20,74	|20,5	|20,62	|19,07	|13,23	|0	|
________________________________________________________
44	|2,73	|3,85	|1,99	|3,98	|4,22	|2,48	|2,61	|3,35	|1,99	|2,61	|2,24	|3,6	|3,6	|3,35	|4,35	|0	|23,23	|17,02	|12,55	|20,75	|19,25	|15,78	|16,4	|18,26	|16,4	|10,06	|12,17	|16,4	|16,27	|13,17	|15,28	|16,15	|18,01	|20	|18,51	|16,15	|12,67	|19,75	|19,5	|15,4	|18,88	|19,38	|20,5	|100	|20,62	|10,56	|12,17	|16,4	|13,04	|13,79	|14,41	|16,15	|23,73	|16,15	|14,78	|19,01	|17,64	|13,29	|15,28	|18,01	|14,29	|14,41	|18,14	|13,29	|14,53	|21,61	|21,49	|18,14	|18,51	|17,39	|0	|12,05	|
________________________________________________________
45	|0	|4,98	|2,89	|3,82	|3,82	|2,2	|2,55	|3,47	|1,27	|2,78	|2,78	|5,09	|2,31	|3,36	|3,12	|3,01	|19,56	|0	|13,66	|23,73	|19,79	|13,54	|17,13	|21,76	|20,49	|8,45	|13,77	|15,05	|15,74	|11,46	|16,67	|17,94	|17,25	|16,78	|18,29	|14,12	|14,24	|17,48	|17,13	|14,12	|15,97	|17,13	|14,93	|19,21	|100	|14,47	|15,28	|20,49	|17,13	|12,38	|18,17	|20,25	|27,89	|20,72	|14,58	|18,98	|17,94	|11,11	|15,16	|17,82	|15,28	|16,55	|18,63	|14,47	|18,4	|16,9	|17,94	|14,12	|16,09	|17,01	|16,55	|16,2	|
________________________________________________________
46	|2,73	|5,63	|16,72	|2,9	|5,46	|3,41	|2,39	|3,58	|5,29	|2,73	|2,39	|3,92	|2,9	|1,54	|2,56	|3,41	|0	|14,85	|0	|23,04	|20,31	|13,14	|19,97	|18,43	|14,33	|19,28	|11,26	|14,85	|15,02	|11,77	|15,7	|17,41	|18,94	|19,45	|17,92	|16,38	|18,6	|17,58	|18,94	|13,82	|17,06	|14,51	|17,75	|14,51	|21,33	|100	|11,43	|18,09	|13,82	|12,12	|18,43	|23,04	|15,87	|22,7	|10,92	|17,75	|17,92	|11,77	|14,85	|18,6	|15,53	|16,72	|17,06	|13,65	|16,72	|19,45	|18,09	|16,04	|17,06	|16,89	|16,72	|15,87	|
________________________________________________________
47	|0	|0	|1,71	|2,91	|6,5	|2,05	|3,25	|3,76	|2,91	|3,08	|2,91	|5,47	|3,42	|3,08	|3,76	|2,91	|24,1	|0	|9,91	|0	|24,27	|15,21	|15,56	|18,29	|15,9	|10,26	|17,44	|18,12	|16,24	|12,82	|14,53	|17,95	|23,93	|0	|0	|22,56	|18,63	|22,74	|17,09	|10,43	|20,34	|20,17	|14,19	|16,75	|22,56	|11,45	|100	|15,73	|17,44	|14,7	|20,51	|18,12	|23,93	|16,24	|15,9	|17,95	|21,88	|12,99	|13,5	|17,44	|21,37	|14,19	|18,12	|17,26	|18,97	|19,15	|21,2	|15,56	|14,53	|15,38	|18,8	|17,78	|
________________________________________________________
48	|4,08	|3,36	|2,16	|17,77	|0	|2,88	|2,52	|3,6	|2,04	|3,6	|1,92	|4,44	|1,92	|2,52	|3,6	|2,52	|24,25	|20,17	|0	|15,13	|0	|15,61	|17,77	|20,17	|16,09	|10,68	|12	|20,29	|12,48	|10,8	|16,21	|17,53	|15,37	|17,29	|19,21	|16,21	|17,41	|18,61	|17,77	|13,81	|16,09	|16,57	|17,41	|15,85	|21,25	|12,73	|11,04	|100	|16,21	|15,13	|18,49	|20,29	|23,17	|16,81	|12	|21,37	|20,89	|12,73	|16,57	|16,57	|15,25	|16,57	|17,77	|13,93	|16,93	|15,97	|17,53	|15,61	|14,05	|16,81	|17,89	|17,05	|
________________________________________________________
49	|4,01	|0	|1,15	|3,87	|3,01	|2,29	|16,48	|3,01	|1,86	|1,72	|1,72	|2,29	|4,01	|2,44	|2,87	|2,44	|23,5	|17,77	|15,04	|0	|15,62	|0	|17,77	|19,77	|16,05	|11,03	|11,6	|12,03	|19,63	|9,89	|15,47	|17,34	|17,48	|17,19	|19,77	|14,61	|18,62	|15,76	|16,48	|13,47	|14,76	|14,18	|16,76	|15,04	|21,2	|11,6	|14,61	|19,34	|100	|11,03	|18,34	|19,63	|20,63	|18,48	|11,89	|13,61	|19,34	|10,03	|16,19	|14,61	|17,91	|14,47	|18,91	|14,04	|17,48	|15,04	|17,34	|16,48	|16,91	|16,48	|18,48	|16,33	|
________________________________________________________
50	|4,74	|4,74	|1,52	|4,23	|0	|0	|1,69	|3,72	|2,71	|2,54	|1,69	|5,41	|3,05	|3,89	|3,38	|3,38	|24,37	|20,64	|13,2	|24,03	|0	|10,32	|0	|23,35	|17,6	|11,17	|14,21	|14,89	|15,57	|15,23	|18,27	|20,14	|20,81	|18,61	|16,41	|16,41	|18,61	|17,94	|22,34	|0	|0	|18,78	|20,14	|18,78	|18,1	|12,01	|14,55	|21,32	|13,03	|100	|17,26	|19,46	|22,5	|16,58	|12,18	|20,64	|17,09	|13,71	|14,04	|17,43	|16,92	|13,2	|17,6	|12,35	|17,26	|17,6	|22,5	|14,38	|18,1	|21,15	|19,63	|19,46	|
________________________________________________________
51	|4,92	|4,44	|1,68	|4,2	|4,2	|2,76	|2,76	|19,3	|1,92	|1,92	|2,16	|3,6	|3,48	|3,84	|3	|3,96	|21,82	|19,78	|12,83	|20,86	|20,26	|0	|14,15	|0	|15,83	|9,71	|15,11	|17,51	|16,67	|9,71	|19,18	|13,43	|16,55	|17,27	|20,62	|14,87	|17,39	|19,54	|15,95	|14,75	|16,91	|15,59	|15,11	|13,91	|18,82	|12,95	|14,39	|18,47	|15,35	|12,23	|100	|23,5	|20,62	|15,59	|12,71	|18,35	|17,51	|10,91	|18,23	|21,34	|18,59	|16,19	|19,06	|12,83	|16,91	|15,95	|16,19	|17,99	|19,3	|15,95	|19,3	|16,31	|
________________________________________________________
52	|3,95	|3,95	|2,59	|3,49	|3,83	|0	|3,27	|4,4	|2,37	|2,14	|1,92	|4,17	|3,16	|2,14	|2,93	|1,69	|22,1	|19,39	|13,3	|23,11	|19,39	|13,64	|0	|7,33	|17,36	|11,84	|13,3	|16,57	|14,88	|11,16	|13,19	|22,1	|17,14	|19,17	|20,63	|17,47	|17,59	|17,25	|17,25	|15,11	|15,78	|16,91	|14,88	|14,66	|19,73	|15,22	|11,95	|19,05	|15,45	|12,97	|22,1	|100	|20,52	|16,57	|11,84	|18,04	|15,67	|13,3	|11,27	|18,15	|16,91	|17,02	|18,15	|13,64	|17,02	|16,91	|17,7	|17,7	|17,81	|17,7	|17,02	|15,45	|
________________________________________________________
53	|2,9	|4,14	|2,11	|3,08	|2,82	|2,82	|1,85	|3,35	|0	|2,55	|1,85	|5,37	|3,26	|2,99	|3,52	|2,9	|24,03	|14,52	|12,85	|19,63	|16,11	|12,94	|16,9	|15,93	|14,88	|0	|14,88	|19,54	|17,78	|13,29	|18,05	|19,98	|19,98	|16,99	|18,75	|14,44	|14,96	|17,69	|16,37	|12,85	|15,49	|15,93	|16,37	|16,81	|21,21	|8,19	|12,32	|16,99	|12,68	|11,71	|15,14	|16,02	|100	|20,25	|14,44	|20,86	|18,05	|13,64	|16,2	|19,81	|15,85	|16,2	|14,96	|11	|18,31	|17,43	|17,69	|16,11	|17,69	|16,9	|16,37	|17,69	|
________________________________________________________
54	|4,77	|4,05	|2,86	|2,86	|3,93	|1,31	|2,86	|2,86	|1,55	|3,34	|12,63	|4,89	|3,69	|2,74	|3,1	|3,69	|19,19	|19,9	|12,16	|20,98	|20,86	|12,75	|14,66	|17,04	|0	|6,56	|0	|18,71	|17,28	|12,87	|19,31	|19,31	|16,92	|17,28	|19,67	|15,85	|16,09	|15,38	|20,74	|12,87	|15,61	|15,85	|16,45	|15,49	|21,33	|15,85	|11,32	|16,69	|15,38	|11,68	|15,49	|17,52	|27,41	|100	|12,4	|20,74	|18,95	|12,75	|19,67	|20,62	|16,92	|15,02	|16,33	|12,63	|19,07	|15,49	|18	|15,02	|15,38	|15,61	|17,64	|15,97	|
________________________________________________________
55	|3,95	|4,11	|2,21	|2,84	|3,79	|3,63	|1,74	|3,32	|0	|0	|3	|3,79	|3,32	|2,69	|4,74	|3,63	|21,8	|18,17	|12,48	|18,64	|16,43	|12,8	|16,43	|17,85	|21,33	|0	|9,64	|0	|17,38	|13,9	|17,22	|21,17	|21,17	|19,59	|21,17	|0	|0	|20,85	|14,85	|14,85	|17,85	|15,8	|17,22	|18,8	|19,91	|10,11	|14,69	|15,8	|13,11	|11,37	|16,75	|16,59	|25,91	|16,43	|100	|20,7	|18,48	|14,85	|17,69	|19,59	|17,38	|16,9	|19,59	|16,59	|16,43	|19,75	|18,17	|15,01	|16,43	|15,17	|16,27	|19,43	|
________________________________________________________
56	|2,48	|4,41	|2,69	|3,88	|3,77	|3,12	|1,72	|2,91	|2,91	|1,72	|2,58	|22,93	|0	|4,84	|4,41	|3,55	|22,28	|14,64	|10,55	|24,11	|14,96	|12,38	|15,82	|17,01	|19,7	|12,92	|0	|12,59	|0	|13,56	|18,41	|19,05	|17,44	|17,76	|20,24	|14,85	|16,15	|15,18	|15,18	|14,42	|17,65	|17,44	|14,64	|16,47	|17,65	|11,19	|11,3	|19,16	|10,23	|13,13	|16,47	|17,22	|25,51	|18,73	|14,1	|100	|22,17	|12,38	|17,01	|17,44	|16,47	|16,79	|18,62	|16,36	|22,93	|15,93	|18,41	|15,18	|17,76	|17,01	|18,62	|17,55	|
________________________________________________________
57	|3,29	|3,74	|2,15	|3,97	|4,76	|3,29	|2,49	|3,97	|2,15	|0	|2,15	|4,88	|1,93	|3,17	|17,69	|4,2	|20,75	|16,67	|12,13	|17,57	|20,52	|12,7	|15,65	|19,05	|19,61	|12,36	|14,85	|0	|9,98	|0	|17,35	|18,93	|18,48	|18,03	|17,69	|17,01	|16,21	|16,55	|17,01	|14,17	|17,91	|16,67	|16,55	|16,1	|17,57	|11,9	|14,51	|19,73	|15,31	|11,45	|16,55	|15,76	|23,24	|18,03	|13,27	|23,36	|100	|12,47	|18,14	|21,66	|19,27	|14,97	|17,46	|13,38	|16,33	|16,67	|17,91	|16,55	|17,91	|17,69	|19,61	|15,08	|
________________________________________________________
58	|3,68	|4,74	|2,81	|4,21	|4,21	|3,16	|2,81	|4,39	|2,28	|2,11	|2,98	|4,04	|0	|0	|3,68	|4,39	|22,11	|18,07	|11,4	|23,33	|17,19	|14,21	|15,44	|16,84	|20,35	|11,23	|13,33	|18,25	|0	|10,7	|0	|20,35	|19,3	|16,67	|19,82	|15,96	|17,02	|15,61	|18,95	|17,19	|23,68	|0	|0	|18,77	|16,84	|12,11	|13,33	|18,6	|12,28	|14,21	|15,96	|20,7	|27,19	|18,77	|16,49	|20,18	|19,3	|100	|17,37	|21,93	|19,82	|16,14	|18,25	|13,86	|15,96	|16,14	|21,93	|20	|21,05	|15,09	|18,6	|21,75	|
________________________________________________________
59	|2,62	|3,87	|1,87	|2,87	|3,62	|4,62	|1,75	|3,87	|2,87	|2,87	|3,12	|4,37	|4,49	|2,12	|3,25	|18,6	|19,48	|20,22	|9,99	|18,85	|16,85	|12,86	|22,1	|17,98	|18,73	|11,86	|12,73	|18,6	|19,48	|0	|12,48	|0	|16,73	|18,73	|18,23	|16,1	|16,1	|15,48	|18,1	|13,73	|17,73	|15,23	|17,98	|15,36	|16,35	|10,86	|9,86	|17,23	|14,11	|10,36	|18,98	|12,48	|22,97	|20,6	|13,98	|19,73	|19,98	|12,36	|100	|22,72	|13,98	|16,35	|18,1	|14,23	|16,35	|15,86	|16,6	|15,98	|17,48	|16,48	|18,6	|14,61	|
________________________________________________________
60	|3,14	|4,04	|1,68	|3,14	|3,93	|1,46	|1,8	|4,26	|2,36	|3,37	|2,36	|3,59	|4,15	|0	|3,93	|3,93	|22,9	|15,71	|12,46	|17,73	|20,2	|12,35	|14,81	|21,77	|18,07	|13,13	|12,12	|18,18	|19,53	|13,24	|0	|8,87	|18,07	|18,18	|21,1	|15,82	|17,62	|15,6	|20,2	|13,13	|17,51	|15,71	|15,6	|16,27	|17,28	|12,23	|11,45	|15,49	|11,45	|11,56	|19,98	|18,07	|25,25	|19,42	|13,92	|18,18	|21,44	|14,03	|20,43	|100	|16,39	|13,8	|17,06	|13,92	|16,72	|17,51	|18,86	|15,6	|16,84	|15,71	|17,73	|14,7	|
________________________________________________________
61	|5,12	|0	|2,86	|3,57	|3,69	|2,26	|2,74	|5,12	|2,26	|2,86	|1,9	|4,17	|2,38	|1,79	|4,29	|3,1	|23,57	|18,57	|15,24	|17,86	|20,12	|10,6	|17,26	|16,07	|15,95	|10,12	|13,21	|15,71	|13,57	|11,07	|13,81	|17,14	|16,19	|0	|22,62	|18,45	|18,69	|21,55	|21,31	|11,31	|16,9	|14,64	|16,43	|13,69	|15,71	|10,83	|14,88	|15,12	|14,88	|11,9	|18,45	|17,86	|21,43	|16,9	|13,1	|18,21	|20,24	|13,45	|13,33	|17,38	|100	|18,45	|20,24	|16,31	|20,12	|17,86	|21,9	|18,57	|17,86	|17,02	|17,5	|14,05	|
________________________________________________________
62	|3,21	|3,59	|12,58	|3,21	|3,08	|3,72	|3,08	|2,95	|2,57	|2,05	|1,93	|5,78	|2,82	|2,82	|3,34	|2,95	|21,69	|15,15	|0	|20,92	|16,43	|10,78	|16,3	|15,92	|17,97	|11,81	|14,63	|15,53	|15,53	|13,22	|16,17	|17,72	|0	|15,79	|22,46	|18,49	|18,1	|19,64	|15,53	|19	|16,43	|15,53	|16,69	|14,89	|18,36	|12,58	|10,65	|17,72	|12,97	|10,01	|17,33	|19,38	|23,62	|16,17	|13,74	|20,03	|16,94	|11,81	|16,82	|15,79	|19,9	|100	|17,84	|15,02	|20,67	|19,13	|10,78	|20,03	|17,2	|17,97	|17,59	|15,02	|
________________________________________________________
63	|3,46	|4,85	|2,08	|17,09	|4,73	|2,31	|3,35	|4,16	|3,35	|0	|1,96	|5,54	|2,54	|1,85	|3,35	|4,04	|23,67	|16,86	|0	|21,13	|17,44	|10,39	|16,05	|15,01	|15,7	|12,12	|15,24	|15,47	|15,36	|10,97	|15,7	|17,55	|20,67	|21,02	|18,24	|0	|17,44	|17,9	|17,9	|13,86	|22,63	|14,32	|15,7	|16,86	|18,59	|11,55	|12,24	|17,09	|15,24	|12,01	|18,36	|18,59	|19,63	|15,82	|14,32	|19,98	|17,78	|12,01	|16,74	|17,55	|19,63	|16,05	|100	|16,86	|19,17	|18,01	|19,28	|18,36	|21,82	|19,63	|18,82	|14,78	|
________________________________________________________
64	|0	|4,35	|2,66	|3,65	|3,09	|2,52	|2,1	|1,4	|1,82	|1,4	|14,87	|4,49	|1,4	|3,37	|2,95	|3,09	|21,6	|17,67	|13,46	|19,35	|18,65	|13,6	|14,17	|16,41	|17,25	|12,76	|0	|15,29	|12,76	|12,2	|13,04	|20,48	|18,93	|18,23	|0	|12,76	|17,53	|20,9	|16,55	|14,03	|13,32	|22,44	|14,87	|15,01	|17,53	|11,22	|14,17	|16,27	|13,74	|10,24	|15,01	|16,97	|17,53	|14,87	|14,73	|21,32	|16,55	|11,08	|15,99	|17,39	|19,21	|16,41	|20,48	|100	|17,67	|17,53	|19,5	|15,71	|9,68	|17,95	|16,27	|16,97	|
________________________________________________________
65	|3,9	|3,67	|3,1	|3,21	|3,1	|2,41	|2,3	|3,44	|1,84	|2,76	|2,41	|24,45	|2,87	|2,41	|2,99	|4,02	|21,58	|16,19	|15,15	|20,9	|15,5	|10,45	|16,07	|16,19	|18,03	|9,76	|0	|14,7	|14,7	|11,6	|15,27	|16,99	|22,62	|19,06	|23,19	|19,86	|17,45	|0	|18,03	|14,24	|17,68	|16,07	|20,44	|13,43	|18,25	|11,25	|12,74	|16,19	|14,01	|11,71	|16,19	|17,34	|23,88	|18,37	|11,94	|24,45	|16,53	|10,45	|15,04	|17,11	|19,4	|18,48	|19,06	|14,47	|100	|16,07	|18,6	|16,65	|18,6	|15,96	|21,01	|18,03	|
________________________________________________________
66	|4,03	|4,4	|3,42	|3,79	|3,55	|3,06	|2,44	|3,55	|0	|2,69	|1,96	|3,67	|1,83	|3,79	|2,57	|1,96	|21,76	|16,99	|13,45	|21,27	|17,11	|13,81	|18,09	|17,6	|15,4	|10,02	|15,28	|15,4	|14,67	|11,37	|15,53	|16,26	|22,25	|19,8	|20,42	|18,22	|0	|16,5	|16,5	|13,94	|16,14	|16,5	|15,77	|21,27	|17,85	|13,94	|13,69	|16,26	|12,84	|12,71	|16,26	|18,34	|24,21	|15,89	|15,28	|18,09	|17,97	|11,25	|15,53	|19,07	|18,34	|18,22	|19,07	|15,28	|17,11	|100	|19,32	|17,24	|17,48	|17,24	|12,35	|18,58	|
________________________________________________________
67	|3,93	|4,03	|0,76	|3,27	|4,69	|0	|1,64	|3,82	|1,96	|1,96	|2,62	|5,13	|3,16	|3,93	|3,71	|2,07	|21,59	|16,68	|13,2	|21,16	|17,88	|17,45	|15,05	|18,1	|16,25	|11,23	|13,63	|15,49	|14,39	|12,43	|15,81	|17,34	|21,59	|14,72	|18,54	|16,9	|15,81	|16,9	|15,59	|0	|18,43	|20,07	|18,97	|18,87	|16,9	|11,56	|13,52	|15,92	|13,2	|14,5	|14,72	|17,12	|21,92	|16,47	|12,54	|18,65	|17,23	|13,63	|14,5	|18,32	|20,07	|9,16	|18,21	|15,16	|17,67	|17,23	|100	|17,78	|19,19	|17,99	|19,96	|18,32	|
________________________________________________________
68	|3,42	|4,76	|1,95	|2,93	|3,54	|2,56	|14,04	|1,71	|1,95	|2,93	|1,83	|4,27	|5,01	|3,42	|3,3	|3,91	|21,73	|17,34	|11,6	|18,07	|16	|0	|16,61	|17,09	|18,56	|10,74	|12,33	|14,9	|18,07	|13,68	|16,97	|18,8	|16,24	|22,47	|20,63	|17,09	|17,58	|17,46	|0	|14,53	|19,9	|19,29	|21	|17,83	|14,9	|11,48	|11,11	|15,87	|14,04	|10,38	|18,32	|19,17	|22,34	|15,38	|11,6	|17,22	|17,83	|13,92	|15,63	|16,97	|19,05	|19,05	|19,41	|13,68	|17,7	|17,22	|19,9	|100	|17,34	|16,97	|18,68	|18,44	|
________________________________________________________
69	|4,52	|3,71	|1,97	|3,01	|3,82	|3,48	|1,85	|18,66	|3,01	|2,55	|0,81	|3,82	|3,13	|0	|2,9	|3,71	|22,13	|18,08	|11,36	|18,42	|18,54	|0	|14,02	|16,57	|14,95	|12,05	|13,79	|14,25	|13,9	|13,21	|14,14	|17,73	|16,45	|18,42	|25,61	|14,95	|17,03	|15,41	|19,12	|17,15	|14,37	|0	|20,05	|17,27	|16,11	|11,59	|9,85	|13,56	|13,67	|12,4	|18,66	|18,31	|23,29	|14,95	|12,05	|19,12	|18,31	|13,9	|16,22	|17,38	|17,38	|15,53	|21,9	|8	|18,77	|16,57	|20,39	|16,45	|100	|17,84	|19,7	|17,84	|
________________________________________________________
70	|3,18	|3,55	|2,57	|4,04	|0	|3,67	|2,69	|3,43	|1,84	|4,04	|2,82	|5,51	|4,16	|1,84	|19,09	|3,43	|22,89	|16,89	|10,53	|19,09	|16,4	|13,1	|17,26	|17,01	|15,91	|9,91	|12,97	|16,52	|17,38	|0	|15,42	|18,36	|16,77	|17,26	|18,36	|19,95	|16,4	|17,87	|19,58	|18,48	|0	|14,08	|19,58	|17,14	|17,99	|12,12	|11,02	|17,14	|14,08	|15,3	|16,28	|19,22	|23,5	|16,03	|11,75	|19,34	|19,09	|10,53	|16,16	|17,14	|17,5	|17,14	|20,81	|15,67	|17,01	|17,26	|20,2	|17,01	|18,85	|100	|17,5	|19,09	|
________________________________________________________
71	|3,8	|3,92	|1,96	|3	|5,53	|2,53	|2,3	|3,46	|2,42	|3	|1,61	|5,3	|2,3	|3,23	|3,23	|17,17	|19,82	|18,43	|11,75	|19,93	|18,55	|13,94	|15,44	|16,59	|17,05	|11,41	|13,13	|15,55	|13,59	|0	|15,67	|18,2	|16,13	|18,32	|18,2	|14,63	|21,31	|14,98	|20,28	|16,94	|20,51	|18,32	|12,79	|0	|16,47	|11,29	|12,67	|17,17	|14,86	|13,36	|18,55	|17,4	|21,43	|17,05	|11,87	|19,93	|19,93	|12,21	|17,17	|18,2	|16,94	|15,78	|18,78	|13,36	|21,08	|11,64	|21,08	|17,63	|19,59	|16,47	|100	|19,47	|
________________________________________________________
72	|4,09	|3,72	|1,98	|2,48	|3,35	|3,72	|2,6	|3,22	|1,73	|2,97	|2,73	|4,96	|0	|3,1	|3,97	|4,34	|21,31	|16,98	|11,4	|19,21	|15,24	|13,38	|16,98	|16,98	|16,85	|11,28	|12,14	|15,12	|14,62	|13,01	|14,75	|20,94	|18,09	|18,96	|19,58	|15,49	|11,52	|21,56	|19,21	|15,99	|18,34	|19,21	|0	|12,02	|17,35	|11,52	|12,89	|17,6	|14,13	|14,25	|16,85	|16,98	|24,91	|16,6	|15,24	|20,2	|16,48	|15,37	|14,5	|16,23	|14,62	|14,5	|15,86	|14,99	|19,45	|18,84	|20,82	|18,71	|19,08	|19,33	|20,94	|100	|
________________________________________________________
