0	|1	|2	|3	|4	|5	|6	|7	|8	|9	|10	|11	|12	|13	|14	|15	|16	|17	|18	|19	|20	|21	|22	|23	|24	|25	|26	|27	|28	|29	|30	|31	|32	|33	|34	|35	|36	|37	|38	|39	|40	|41	|42	|43	|44	|45	|46	|47	|48	|49	|50	|51	|52	|53	|54	|55	|56	|57	|58	|59	|60	|61	|62	|63	|64	|65	|66	|67	|68	|69	|70	|71	|72	|
1	|22	|0	|0	|0	|2	|0	|1	|0	|0	|0	|0	|0	|0	|0	|0	|2	|5	|22	|2	|5	|3	|2	|3	|2	|8	|5	|7	|7	|3	|1	|4	|1	|6	|5	|22	|3	|4	|3	|6	|1	|7	|1	|3	|2	|0	|2	|0	|4	|4	|3	|4	|3	|3	|3	|3	|3	|2	|5	|4	|8	|6	|3	|5	|0	|2	|3	|5	|5	|3	|3	|3	|1	|
________________________________________________________
2	|0	|27	|2	|0	|1	|1	|0	|1	|0	|2	|3	|3	|0	|0	|1	|2	|5	|5	|3	|27	|5	|5	|4	|3	|2	|2	|0	|4	|2	|0	|9	|6	|4	|27	|6	|4	|2	|8	|3	|6	|4	|3	|3	|4	|5	|5	|0	|3	|0	|1	|6	|3	|11	|7	|4	|10	|7	|3	|7	|3	|0	|3	|7	|11	|9	|4	|2	|2	|5	|4	|6	|6	|
________________________________________________________
3	|0	|2	|14	|0	|0	|1	|0	|1	|1	|2	|0	|1	|1	|0	|0	|1	|0	|1	|0	|7	|2	|2	|3	|3	|3	|2	|2	|4	|2	|1	|2	|2	|0	|2	|3	|3	|5	|2	|0	|2	|2	|1	|2	|2	|4	|14	|3	|2	|1	|1	|4	|2	|3	|3	|4	|4	|4	|3	|5	|4	|1	|14	|4	|2	|3	|0	|3	|5	|2	|3	|3	|3	|
________________________________________________________
4	|0	|0	|0	|23	|0	|1	|2	|0	|1	|0	|0	|1	|0	|0	|1	|0	|4	|1	|0	|3	|0	|4	|3	|3	|4	|5	|4	|5	|2	|3	|5	|4	|7	|3	|1	|0	|5	|5	|5	|3	|6	|3	|1	|4	|3	|4	|4	|23	|2	|3	|3	|2	|4	|0	|3	|3	|5	|4	|3	|2	|5	|2	|23	|6	|6	|6	|3	|4	|5	|5	|3	|5	|
________________________________________________________
5	|2	|1	|0	|0	|34	|0	|0	|2	|0	|0	|0	|0	|1	|1	|0	|2	|9	|8	|6	|8	|34	|3	|4	|6	|8	|3	|7	|4	|5	|5	|5	|6	|5	|5	|5	|8	|6	|5	|5	|4	|34	|8	|6	|7	|4	|8	|5	|0	|2	|0	|10	|13	|7	|3	|3	|2	|12	|6	|7	|6	|6	|2	|9	|7	|1	|2	|10	|5	|6	|0	|9	|10	|
________________________________________________________
6	|0	|1	|1	|1	|0	|27	|0	|1	|0	|2	|0	|1	|0	|1	|2	|2	|5	|2	|5	|6	|5	|6	|27	|6	|5	|2	|3	|4	|0	|1	|3	|6	|3	|5	|5	|5	|2	|5	|4	|27	|4	|6	|4	|6	|7	|8	|5	|5	|3	|0	|5	|0	|5	|4	|5	|8	|3	|3	|8	|4	|2	|4	|4	|0	|4	|5	|0	|3	|3	|8	|7	|5	|
________________________________________________________
7	|1	|0	|0	|2	|0	|0	|23	|0	|2	|0	|0	|0	|2	|0	|1	|0	|5	|2	|2	|0	|3	|0	|5	|7	|4	|4	|3	|1	|5	|1	|4	|3	|3	|5	|5	|0	|6	|2	|0	|4	|2	|5	|6	|5	|6	|3	|5	|6	|23	|2	|0	|3	|4	|2	|4	|2	|6	|7	|5	|5	|5	|2	|3	|2	|4	|5	|3	|23	|7	|4	|4	|5	|
________________________________________________________
8	|0	|1	|1	|0	|2	|1	|0	|24	|0	|0	|0	|1	|0	|0	|0	|1	|1	|4	|2	|7	|5	|0	|1	|0	|3	|0	|1	|4	|3	|5	|2	|4	|6	|8	|4	|3	|4	|4	|6	|3	|6	|0	|5	|4	|1	|4	|3	|8	|3	|3	|24	|4	|7	|2	|4	|5	|3	|5	|5	|3	|3	|3	|3	|2	|4	|6	|8	|3	|24	|2	|4	|3	|
________________________________________________________
9	|0	|0	|1	|1	|0	|0	|2	|0	|14	|0	|0	|0	|0	|0	|0	|1	|3	|6	|3	|0	|1	|1	|3	|2	|3	|14	|1	|2	|1	|2	|2	|2	|5	|2	|2	|2	|14	|2	|0	|3	|3	|1	|2	|0	|1	|1	|3	|2	|5	|3	|1	|1	|0	|0	|0	|2	|2	|2	|4	|2	|2	|2	|3	|4	|3	|0	|2	|2	|3	|2	|3	|0	|
________________________________________________________
10	|0	|2	|2	|0	|0	|2	|0	|0	|0	|25	|2	|0	|1	|1	|0	|1	|6	|5	|6	|6	|6	|5	|5	|3	|9	|2	|1	|25	|3	|4	|4	|9	|7	|3	|1	|25	|8	|5	|6	|8	|5	|3	|5	|5	|6	|4	|9	|1	|3	|3	|2	|3	|6	|2	|0	|4	|0	|7	|5	|4	|8	|6	|0	|7	|5	|4	|4	|4	|2	|3	|5	|6	|
________________________________________________________
11	|0	|3	|0	|0	|0	|0	|0	|0	|0	|2	|26	|0	|0	|0	|1	|3	|5	|7	|5	|7	|3	|1	|6	|2	|0	|0	|0	|5	|7	|3	|8	|7	|3	|6	|0	|7	|4	|5	|3	|1	|1	|1	|2	|1	|7	|2	|3	|3	|4	|4	|6	|3	|9	|26	|3	|2	|3	|4	|7	|8	|5	|5	|4	|26	|5	|4	|4	|7	|4	|7	|7	|4	|
________________________________________________________
12	|0	|3	|1	|1	|0	|1	|0	|1	|0	|0	|0	|35	|0	|1	|2	|1	|5	|5	|7	|11	|7	|2	|3	|7	|5	|1	|0	|6	|0	|3	|6	|7	|5	|6	|9	|2	|5	|0	|7	|6	|2	|4	|9	|5	|8	|4	|2	|4	|3	|5	|4	|6	|15	|5	|6	|35	|11	|3	|7	|8	|6	|4	|7	|6	|35	|4	|10	|3	|4	|6	|7	|5	|
________________________________________________________
13	|0	|0	|1	|0	|1	|0	|2	|0	|0	|1	|0	|0	|19	|1	|0	|0	|3	|1	|2	|2	|5	|3	|2	|2	|6	|1	|2	|3	|19	|0	|2	|1	|3	|3	|3	|4	|5	|9	|1	|3	|2	|3	|19	|3	|4	|3	|4	|0	|4	|4	|2	|6	|8	|4	|0	|0	|1	|0	|6	|3	|1	|3	|2	|2	|3	|2	|3	|5	|2	|3	|4	|0	|
________________________________________________________
14	|0	|0	|0	|0	|1	|1	|0	|0	|0	|1	|0	|1	|1	|18	|2	|0	|3	|2	|1	|3	|4	|3	|2	|2	|6	|1	|4	|3	|3	|4	|18	|6	|3	|1	|2	|2	|2	|4	|5	|3	|3	|18	|1	|5	|1	|4	|4	|4	|0	|3	|2	|2	|6	|2	|4	|4	|5	|0	|1	|0	|2	|1	|2	|1	|2	|2	|3	|4	|0	|3	|2	|2	|
________________________________________________________
15	|0	|1	|0	|1	|0	|2	|1	|0	|0	|0	|1	|2	|0	|2	|31	|2	|7	|4	|2	|5	|5	|5	|6	|3	|7	|3	|1	|0	|2	|0	|8	|3	|10	|4	|5	|7	|5	|4	|6	|8	|0	|6	|5	|6	|4	|2	|6	|8	|5	|4	|5	|5	|12	|7	|7	|10	|31	|2	|5	|5	|3	|5	|7	|4	|5	|2	|5	|3	|2	|31	|8	|6	|
________________________________________________________
16	|2	|2	|1	|0	|2	|2	|0	|1	|1	|1	|3	|1	|0	|0	|2	|39	|7	|5	|4	|9	|10	|4	|4	|3	|7	|5	|2	|11	|8	|0	|5	|0	|7	|5	|7	|8	|9	|3	|11	|7	|5	|9	|5	|0	|3	|6	|5	|6	|5	|6	|12	|5	|10	|13	|4	|4	|4	|8	|39	|9	|7	|5	|4	|9	|7	|4	|14	|8	|6	|7	|39	|5	|
________________________________________________________
17	|5	|5	|0	|4	|9	|5	|5	|1	|3	|6	|5	|5	|3	|3	|7	|7	|221	|26	|37	|47	|43	|28	|37	|48	|30	|13	|21	|39	|33	|28	|46	|49	|50	|35	|34	|37	|40	|37	|32	|33	|44	|32	|24	|34	|37	|0	|33	|40	|30	|29	|36	|35	|56	|30	|25	|32	|42	|26	|32	|35	|34	|24	|30	|37	|37	|34	|47	|39	|29	|34	|40	|36	|
________________________________________________________
18	|22	|5	|1	|1	|8	|2	|2	|4	|6	|5	|7	|5	|1	|2	|4	|5	|26	|141	|22	|31	|27	|17	|19	|19	|40	|20	|19	|25	|16	|15	|28	|26	|31	|24	|22	|26	|25	|21	|23	|23	|26	|19	|18	|24	|0	|13	|0	|22	|25	|19	|26	|20	|24	|30	|13	|23	|25	|21	|23	|23	|27	|14	|27	|27	|15	|16	|22	|19	|25	|21	|20	|17	|
________________________________________________________
19	|2	|3	|0	|0	|6	|5	|2	|2	|3	|6	|5	|7	|2	|1	|2	|4	|37	|22	|119	|21	|23	|16	|19	|25	|20	|9	|20	|21	|21	|15	|23	|24	|27	|23	|22	|33	|23	|24	|20	|18	|21	|18	|21	|20	|21	|0	|8	|0	|21	|19	|19	|24	|33	|20	|15	|22	|19	|12	|19	|20	|23	|0	|0	|24	|31	|22	|25	|18	|18	|14	|23	|25	|
________________________________________________________
20	|5	|27	|7	|3	|8	|6	|0	|7	|0	|6	|7	|11	|2	|3	|5	|9	|47	|31	|21	|190	|33	|32	|33	|34	|33	|14	|14	|36	|21	|21	|31	|37	|37	|27	|27	|30	|25	|34	|32	|38	|30	|26	|30	|31	|35	|30	|0	|23	|0	|24	|38	|30	|44	|34	|26	|42	|28	|27	|35	|32	|32	|27	|42	|33	|35	|24	|36	|29	|24	|26	|35	|30	|
________________________________________________________
21	|3	|5	|2	|0	|34	|5	|3	|5	|1	|6	|3	|7	|5	|4	|5	|10	|43	|27	|23	|33	|172	|18	|28	|24	|29	|16	|19	|39	|31	|25	|30	|30	|28	|27	|23	|26	|24	|28	|30	|30	|34	|27	|24	|34	|33	|23	|28	|0	|19	|0	|34	|32	|38	|23	|19	|26	|39	|18	|36	|28	|33	|20	|32	|25	|30	|18	|33	|31	|25	|24	|33	|31	|
________________________________________________________
22	|2	|5	|2	|4	|3	|6	|0	|0	|1	|5	|1	|2	|3	|3	|5	|4	|28	|17	|16	|32	|18	|111	|18	|20	|22	|9	|16	|15	|18	|15	|21	|22	|13	|12	|20	|26	|21	|23	|21	|24	|17	|18	|16	|21	|18	|10	|19	|18	|0	|12	|0	|24	|29	|15	|16	|19	|23	|9	|18	|12	|18	|16	|17	|12	|16	|16	|27	|0	|0	|23	|24	|20	|
________________________________________________________
23	|3	|4	|3	|3	|4	|27	|5	|1	|3	|5	|6	|3	|2	|2	|6	|4	|37	|19	|19	|33	|28	|18	|167	|28	|31	|15	|12	|27	|14	|8	|24	|27	|41	|22	|34	|33	|24	|30	|22	|27	|23	|26	|19	|29	|39	|25	|22	|23	|31	|0	|13	|0	|38	|21	|22	|31	|34	|27	|30	|18	|26	|21	|29	|26	|27	|28	|32	|27	|29	|23	|32	|34	|
________________________________________________________
24	|2	|3	|3	|3	|6	|6	|7	|0	|2	|3	|2	|7	|2	|2	|3	|3	|48	|19	|25	|34	|24	|20	|28	|154	|26	|15	|13	|25	|22	|18	|30	|34	|26	|15	|19	|34	|18	|26	|25	|21	|24	|23	|20	|23	|40	|19	|22	|25	|25	|30	|0	|12	|28	|26	|17	|24	|32	|18	|19	|35	|26	|22	|28	|19	|26	|21	|27	|29	|32	|26	|35	|27	|
________________________________________________________
25	|8	|2	|3	|4	|8	|5	|4	|3	|3	|9	|0	|5	|6	|6	|7	|7	|30	|40	|20	|33	|29	|22	|31	|26	|177	|22	|25	|34	|27	|23	|30	|41	|36	|25	|41	|36	|24	|26	|24	|31	|34	|29	|31	|23	|33	|19	|25	|29	|21	|17	|26	|33	|39	|0	|29	|31	|38	|24	|33	|30	|25	|28	|31	|18	|25	|22	|37	|30	|28	|27	|26	|26	|
________________________________________________________
26	|5	|2	|2	|5	|3	|2	|4	|0	|14	|2	|0	|1	|1	|1	|3	|5	|13	|20	|9	|14	|16	|9	|15	|15	|22	|82	|9	|22	|7	|8	|11	|17	|21	|9	|18	|13	|14	|12	|8	|8	|16	|13	|8	|13	|7	|13	|10	|14	|15	|11	|9	|19	|0	|5	|0	|18	|17	|18	|25	|13	|11	|7	|13	|9	|10	|9	|18	|21	|10	|10	|16	|8	|
________________________________________________________
27	|7	|0	|2	|4	|7	|3	|3	|1	|1	|1	|0	|0	|2	|4	|1	|2	|21	|19	|20	|14	|19	|16	|12	|13	|25	|9	|99	|20	|20	|18	|14	|18	|19	|15	|24	|20	|15	|18	|19	|17	|20	|9	|16	|20	|17	|8	|10	|15	|11	|12	|15	|13	|31	|0	|9	|0	|16	|16	|22	|16	|17	|11	|17	|0	|0	|20	|19	|17	|15	|13	|8	|19	|
________________________________________________________
28	|7	|4	|4	|5	|4	|4	|1	|4	|2	|25	|5	|6	|3	|3	|0	|11	|39	|25	|21	|36	|39	|15	|27	|25	|34	|22	|20	|184	|21	|22	|40	|46	|40	|24	|32	|25	|31	|27	|28	|27	|36	|23	|32	|35	|34	|18	|31	|31	|19	|20	|25	|29	|46	|32	|0	|25	|0	|36	|34	|27	|34	|28	|33	|35	|33	|28	|47	|31	|33	|24	|36	|29	|
________________________________________________________
29	|3	|2	|2	|2	|5	|0	|5	|3	|1	|3	|7	|0	|19	|3	|2	|8	|33	|16	|21	|21	|31	|18	|14	|22	|27	|7	|20	|21	|137	|15	|35	|32	|22	|23	|23	|23	|25	|29	|25	|21	|23	|16	|19	|16	|27	|13	|26	|9	|26	|17	|26	|33	|42	|30	|17	|0	|13	|0	|29	|22	|17	|22	|26	|21	|19	|23	|24	|21	|22	|15	|25	|23	|
________________________________________________________
30	|1	|0	|1	|3	|5	|1	|1	|5	|2	|4	|3	|3	|0	|4	|0	|0	|28	|15	|15	|21	|25	|15	|8	|18	|23	|8	|18	|22	|15	|120	|22	|30	|26	|15	|32	|22	|21	|30	|22	|18	|25	|15	|18	|28	|22	|14	|15	|16	|14	|17	|16	|28	|30	|19	|19	|24	|0	|13	|0	|24	|24	|13	|22	|18	|14	|18	|24	|25	|23	|0	|0	|24	|
________________________________________________________
31	|4	|9	|2	|5	|5	|3	|4	|2	|2	|4	|8	|6	|2	|18	|8	|5	|46	|28	|23	|31	|30	|21	|24	|30	|30	|11	|14	|40	|35	|22	|157	|39	|35	|26	|32	|27	|28	|32	|27	|25	|22	|18	|18	|22	|28	|16	|18	|25	|23	|22	|25	|28	|48	|32	|17	|26	|27	|0	|19	|0	|23	|19	|29	|25	|23	|13	|30	|27	|31	|24	|28	|23	|
________________________________________________________
32	|1	|6	|2	|4	|6	|6	|3	|4	|2	|9	|7	|7	|1	|6	|3	|0	|49	|26	|24	|37	|30	|22	|27	|34	|41	|17	|18	|46	|32	|30	|39	|180	|36	|28	|30	|34	|20	|32	|26	|29	|30	|32	|28	|37	|24	|17	|26	|30	|22	|21	|23	|43	|43	|33	|24	|39	|31	|28	|0	|13	|31	|17	|32	|28	|31	|20	|31	|39	|29	|26	|25	|31	|
________________________________________________________
33	|6	|4	|0	|7	|5	|3	|3	|6	|5	|7	|3	|5	|3	|3	|10	|7	|50	|31	|27	|37	|28	|13	|41	|26	|36	|21	|19	|40	|22	|26	|35	|36	|189	|20	|40	|39	|36	|44	|28	|19	|28	|28	|21	|29	|35	|22	|37	|28	|24	|28	|29	|20	|41	|28	|23	|36	|31	|23	|37	|23	|26	|0	|36	|34	|32	|31	|43	|26	|36	|33	|28	|33	|
________________________________________________________
34	|5	|27	|2	|3	|5	|5	|5	|8	|2	|3	|6	|6	|3	|1	|4	|5	|35	|24	|23	|27	|27	|12	|22	|15	|25	|9	|15	|24	|23	|15	|26	|28	|20	|161	|42	|21	|29	|35	|23	|28	|25	|26	|19	|26	|29	|19	|0	|23	|27	|19	|29	|30	|50	|26	|28	|28	|31	|21	|31	|32	|0	|17	|31	|36	|42	|27	|22	|37	|27	|19	|26	|24	|
________________________________________________________
35	|22	|6	|3	|1	|5	|5	|5	|4	|2	|1	|0	|9	|3	|2	|5	|7	|34	|22	|22	|27	|23	|20	|34	|19	|41	|18	|24	|32	|23	|32	|32	|30	|40	|42	|193	|33	|34	|33	|34	|32	|41	|23	|29	|31	|37	|22	|0	|23	|26	|24	|30	|33	|49	|27	|38	|38	|33	|25	|26	|38	|29	|26	|27	|0	|38	|21	|30	|31	|29	|22	|31	|32	|
________________________________________________________
36	|3	|4	|3	|0	|8	|5	|0	|3	|2	|25	|7	|2	|4	|2	|7	|8	|37	|26	|33	|30	|26	|26	|33	|34	|36	|13	|20	|25	|23	|22	|27	|34	|39	|21	|33	|176	|28	|33	|27	|28	|37	|26	|29	|30	|39	|22	|26	|21	|30	|21	|27	|26	|32	|22	|0	|29	|25	|19	|36	|36	|32	|26	|0	|23	|24	|23	|23	|21	|21	|32	|28	|31	|
________________________________________________________
37	|4	|2	|5	|5	|6	|2	|6	|4	|14	|8	|4	|5	|5	|2	|5	|9	|40	|25	|23	|25	|24	|21	|24	|18	|24	|14	|15	|31	|25	|21	|28	|20	|36	|29	|34	|28	|166	|30	|29	|32	|26	|34	|35	|19	|32	|19	|35	|26	|23	|27	|25	|19	|31	|27	|0	|35	|24	|12	|35	|25	|30	|27	|25	|29	|27	|0	|25	|33	|26	|24	|35	|21	|
________________________________________________________
38	|3	|8	|2	|5	|5	|5	|2	|4	|2	|5	|5	|0	|9	|4	|4	|3	|37	|21	|24	|34	|28	|23	|30	|26	|26	|12	|18	|27	|29	|30	|32	|32	|44	|35	|33	|33	|30	|169	|22	|26	|28	|27	|30	|32	|26	|20	|29	|27	|20	|24	|24	|28	|39	|25	|20	|34	|28	|18	|27	|28	|27	|20	|40	|30	|0	|25	|29	|23	|20	|22	|21	|39	|
________________________________________________________
39	|6	|3	|0	|5	|5	|4	|0	|6	|0	|6	|3	|7	|1	|5	|6	|11	|32	|23	|20	|32	|30	|21	|22	|25	|24	|8	|19	|28	|25	|22	|27	|26	|28	|23	|34	|27	|29	|22	|157	|26	|22	|35	|19	|29	|24	|15	|25	|20	|21	|26	|31	|28	|36	|30	|19	|33	|26	|12	|33	|31	|34	|18	|24	|18	|26	|20	|35	|0	|24	|30	|29	|24	|
________________________________________________________
40	|1	|6	|2	|3	|4	|27	|4	|3	|3	|8	|1	|6	|3	|3	|8	|7	|33	|23	|18	|38	|30	|24	|27	|21	|31	|8	|17	|27	|21	|18	|25	|29	|19	|28	|32	|28	|32	|26	|26	|162	|32	|23	|24	|27	|28	|23	|25	|24	|18	|0	|19	|25	|35	|27	|22	|29	|28	|16	|33	|26	|26	|29	|27	|21	|30	|17	|0	|23	|20	|35	|32	|32	|
________________________________________________________
41	|7	|4	|2	|6	|34	|4	|2	|6	|3	|5	|1	|2	|2	|3	|0	|5	|44	|26	|21	|30	|34	|17	|23	|24	|34	|16	|20	|36	|23	|25	|22	|30	|28	|25	|41	|37	|26	|28	|22	|32	|171	|33	|31	|29	|24	|19	|23	|26	|15	|0	|35	|33	|44	|23	|17	|22	|31	|33	|25	|39	|29	|22	|36	|20	|23	|16	|38	|37	|29	|0	|32	|32	|
________________________________________________________
42	|1	|3	|1	|3	|8	|6	|5	|0	|1	|3	|1	|4	|3	|18	|6	|9	|32	|19	|18	|26	|27	|18	|26	|23	|29	|13	|9	|23	|16	|15	|18	|32	|28	|26	|23	|26	|34	|27	|35	|23	|33	|166	|29	|33	|26	|16	|29	|25	|26	|27	|28	|26	|36	|24	|24	|33	|35	|0	|30	|29	|24	|18	|20	|27	|25	|14	|30	|33	|0	|26	|37	|27	|
________________________________________________________
43	|3	|3	|2	|1	|6	|4	|6	|5	|2	|5	|2	|9	|19	|1	|5	|5	|24	|18	|21	|30	|24	|16	|19	|20	|31	|8	|16	|32	|19	|18	|18	|28	|21	|19	|29	|29	|35	|30	|19	|24	|31	|29	|150	|24	|29	|15	|21	|22	|20	|24	|21	|18	|41	|24	|19	|30	|23	|0	|31	|27	|28	|17	|20	|20	|34	|15	|32	|40	|30	|26	|28	|0	|
________________________________________________________
44	|2	|4	|2	|4	|7	|6	|5	|4	|0	|5	|1	|5	|3	|5	|6	|0	|34	|24	|20	|31	|34	|21	|29	|23	|23	|13	|20	|35	|16	|28	|22	|37	|29	|26	|31	|30	|19	|32	|29	|27	|29	|33	|24	|169	|30	|22	|25	|26	|19	|29	|19	|29	|38	|19	|27	|38	|28	|23	|24	|26	|27	|23	|28	|15	|26	|30	|42	|34	|31	|27	|0	|34	|
________________________________________________________
45	|0	|5	|4	|3	|4	|7	|6	|1	|1	|6	|7	|8	|4	|1	|4	|3	|37	|0	|21	|35	|33	|18	|39	|40	|33	|7	|17	|34	|27	|22	|28	|24	|35	|29	|37	|39	|32	|26	|24	|28	|24	|26	|29	|30	|181	|23	|25	|25	|31	|23	|28	|28	|54	|31	|28	|35	|27	|17	|34	|36	|26	|23	|28	|21	|32	|25	|30	|30	|35	|27	|28	|31	|
________________________________________________________
46	|2	|5	|14	|4	|8	|8	|3	|4	|1	|4	|2	|4	|3	|4	|2	|6	|0	|13	|0	|30	|23	|10	|25	|19	|19	|13	|8	|18	|13	|14	|16	|17	|22	|19	|22	|22	|19	|20	|15	|23	|19	|16	|15	|22	|23	|111	|14	|21	|16	|16	|22	|19	|15	|17	|16	|21	|20	|14	|25	|17	|15	|14	|19	|17	|18	|16	|19	|25	|18	|15	|20	|12	|
________________________________________________________
47	|0	|0	|3	|4	|5	|5	|5	|3	|3	|9	|3	|2	|4	|4	|6	|5	|33	|0	|8	|0	|28	|19	|22	|22	|25	|10	|10	|31	|26	|15	|18	|26	|37	|0	|0	|26	|35	|29	|25	|25	|23	|29	|21	|25	|25	|14	|132	|16	|18	|18	|21	|25	|23	|18	|17	|20	|20	|18	|23	|17	|25	|21	|22	|24	|23	|15	|25	|18	|20	|30	|23	|17	|
________________________________________________________
48	|4	|3	|2	|23	|0	|5	|6	|8	|2	|1	|3	|4	|0	|4	|8	|6	|40	|22	|0	|23	|0	|18	|23	|25	|29	|14	|15	|31	|9	|16	|25	|30	|28	|23	|23	|21	|26	|27	|20	|24	|26	|25	|22	|26	|25	|21	|16	|151	|22	|23	|20	|25	|31	|20	|22	|31	|37	|23	|27	|22	|25	|18	|23	|28	|22	|22	|29	|34	|27	|26	|29	|26	|
________________________________________________________
49	|4	|0	|1	|2	|2	|3	|23	|3	|5	|3	|4	|3	|4	|0	|5	|5	|30	|25	|21	|0	|19	|0	|31	|25	|21	|15	|11	|19	|26	|14	|23	|22	|24	|27	|26	|30	|23	|20	|21	|18	|15	|26	|20	|19	|31	|16	|18	|22	|143	|20	|19	|20	|29	|20	|21	|19	|33	|24	|27	|28	|25	|17	|16	|28	|29	|20	|21	|23	|27	|20	|35	|28	|
________________________________________________________
50	|3	|1	|1	|3	|0	|0	|2	|3	|3	|3	|4	|5	|4	|3	|4	|6	|29	|19	|19	|24	|0	|12	|0	|30	|17	|11	|12	|20	|17	|17	|22	|21	|28	|19	|24	|21	|27	|24	|26	|0	|0	|27	|24	|29	|23	|16	|18	|23	|20	|121	|19	|22	|23	|15	|12	|17	|23	|13	|22	|15	|22	|11	|14	|16	|16	|18	|31	|17	|12	|23	|27	|15	|
________________________________________________________
51	|4	|6	|4	|3	|10	|5	|0	|24	|1	|2	|6	|4	|2	|2	|5	|12	|36	|26	|19	|38	|34	|0	|13	|0	|26	|9	|15	|25	|26	|16	|25	|23	|29	|29	|30	|27	|25	|24	|31	|19	|35	|28	|21	|19	|28	|22	|21	|20	|19	|19	|154	|31	|43	|25	|25	|26	|21	|19	|28	|27	|20	|23	|30	|22	|24	|16	|36	|28	|24	|24	|33	|23	|
________________________________________________________
52	|3	|3	|2	|2	|13	|0	|3	|4	|1	|3	|3	|6	|6	|2	|5	|5	|35	|20	|24	|30	|32	|24	|0	|12	|33	|19	|13	|29	|33	|28	|28	|43	|20	|30	|33	|26	|19	|28	|28	|25	|33	|26	|18	|29	|28	|19	|25	|25	|20	|22	|31	|153	|28	|21	|19	|24	|17	|21	|17	|27	|31	|16	|24	|22	|25	|23	|34	|25	|27	|28	|22	|31	|
________________________________________________________
53	|3	|11	|3	|4	|7	|5	|4	|7	|0	|6	|9	|15	|8	|6	|12	|10	|56	|24	|33	|44	|38	|29	|38	|28	|39	|0	|31	|46	|42	|30	|48	|43	|41	|50	|49	|32	|31	|39	|36	|35	|44	|36	|41	|38	|54	|15	|23	|31	|29	|23	|43	|28	|238	|46	|32	|59	|48	|34	|49	|44	|29	|33	|43	|33	|52	|42	|63	|37	|38	|44	|39	|45	|
________________________________________________________
54	|3	|7	|3	|0	|3	|4	|2	|2	|0	|2	|26	|5	|4	|2	|7	|13	|30	|30	|20	|34	|23	|15	|21	|26	|0	|5	|0	|32	|30	|19	|32	|33	|28	|26	|27	|22	|27	|25	|30	|27	|23	|24	|24	|19	|31	|17	|18	|20	|20	|15	|25	|21	|46	|150	|15	|30	|20	|19	|29	|42	|27	|23	|27	|26	|28	|18	|22	|29	|24	|29	|35	|29	|
________________________________________________________
55	|3	|4	|4	|3	|3	|5	|4	|4	|0	|0	|3	|6	|0	|4	|7	|4	|25	|13	|15	|26	|19	|16	|22	|17	|29	|0	|9	|0	|17	|19	|17	|24	|23	|28	|38	|0	|0	|20	|19	|22	|17	|24	|19	|27	|28	|16	|17	|22	|21	|12	|25	|19	|32	|15	|126	|25	|29	|15	|21	|18	|13	|20	|26	|16	|25	|14	|35	|23	|24	|12	|26	|26	|
________________________________________________________
56	|3	|10	|4	|3	|2	|8	|2	|5	|2	|4	|2	|35	|0	|4	|10	|4	|32	|23	|22	|42	|26	|19	|31	|24	|31	|18	|0	|25	|0	|24	|26	|39	|36	|28	|38	|29	|35	|34	|33	|29	|22	|33	|30	|38	|35	|21	|20	|31	|19	|17	|26	|24	|59	|30	|25	|177	|47	|19	|32	|31	|27	|21	|29	|25	|35	|22	|41	|27	|29	|32	|29	|29	|
________________________________________________________
57	|2	|7	|4	|5	|12	|3	|6	|3	|2	|0	|3	|11	|1	|5	|31	|4	|42	|25	|19	|28	|39	|23	|34	|32	|38	|17	|16	|0	|13	|0	|27	|31	|31	|31	|33	|25	|24	|28	|26	|28	|31	|35	|23	|28	|27	|20	|20	|37	|33	|23	|21	|17	|48	|20	|29	|47	|175	|23	|29	|27	|26	|25	|31	|23	|29	|17	|38	|25	|21	|31	|35	|36	|
________________________________________________________
58	|5	|3	|3	|4	|6	|3	|7	|5	|2	|7	|4	|3	|0	|0	|2	|8	|26	|21	|12	|27	|18	|9	|27	|18	|24	|18	|16	|36	|0	|13	|0	|28	|23	|21	|25	|19	|12	|18	|12	|16	|33	|0	|0	|23	|17	|14	|18	|23	|24	|13	|19	|21	|34	|19	|15	|19	|23	|123	|29	|27	|23	|15	|20	|23	|17	|18	|28	|33	|26	|17	|26	|27	|
________________________________________________________
59	|4	|7	|5	|3	|7	|8	|5	|5	|4	|5	|7	|7	|6	|1	|5	|39	|32	|23	|19	|35	|36	|18	|30	|19	|33	|25	|22	|34	|29	|0	|19	|0	|37	|31	|26	|36	|35	|27	|33	|33	|25	|30	|31	|24	|34	|25	|23	|27	|27	|22	|28	|17	|49	|29	|21	|32	|29	|29	|182	|39	|29	|27	|26	|33	|34	|26	|41	|38	|27	|30	|39	|25	|
________________________________________________________
60	|8	|3	|4	|2	|6	|4	|5	|3	|2	|4	|8	|8	|3	|0	|5	|9	|35	|23	|20	|32	|28	|12	|18	|35	|30	|13	|16	|27	|22	|24	|0	|13	|23	|32	|38	|36	|25	|28	|31	|26	|39	|29	|27	|26	|36	|17	|17	|22	|28	|15	|27	|27	|44	|42	|18	|31	|27	|27	|39	|161	|25	|23	|31	|27	|36	|24	|30	|26	|23	|22	|27	|26	|
________________________________________________________
61	|6	|0	|1	|5	|6	|2	|5	|3	|2	|8	|5	|6	|1	|2	|3	|7	|34	|27	|23	|32	|33	|18	|26	|26	|25	|11	|17	|34	|17	|24	|23	|31	|26	|0	|29	|32	|30	|27	|34	|26	|29	|24	|28	|27	|26	|15	|25	|25	|25	|22	|20	|31	|29	|27	|13	|27	|26	|23	|29	|25	|162	|27	|26	|26	|31	|21	|32	|31	|20	|21	|24	|23	|
________________________________________________________
62	|3	|3	|14	|2	|2	|4	|2	|3	|2	|6	|5	|4	|3	|1	|5	|5	|24	|14	|0	|27	|20	|16	|21	|22	|28	|7	|11	|28	|22	|13	|19	|17	|0	|17	|26	|26	|27	|20	|18	|29	|22	|18	|17	|23	|23	|14	|21	|18	|17	|11	|23	|16	|33	|23	|20	|21	|25	|15	|27	|23	|27	|131	|29	|24	|22	|13	|23	|29	|20	|17	|24	|24	|
________________________________________________________
63	|5	|7	|4	|23	|9	|4	|3	|3	|3	|0	|4	|7	|2	|2	|7	|4	|30	|27	|0	|42	|32	|17	|29	|28	|31	|13	|17	|33	|26	|22	|29	|32	|36	|31	|27	|0	|25	|40	|24	|27	|36	|20	|20	|28	|28	|19	|22	|23	|16	|14	|30	|24	|43	|27	|26	|29	|31	|20	|26	|31	|26	|29	|168	|31	|29	|26	|37	|20	|36	|27	|20	|29	|
________________________________________________________
64	|0	|11	|2	|6	|7	|0	|2	|2	|4	|7	|26	|6	|2	|1	|4	|9	|37	|27	|24	|33	|25	|12	|26	|19	|18	|9	|0	|35	|21	|18	|25	|28	|34	|36	|0	|23	|29	|30	|18	|21	|20	|27	|20	|15	|21	|17	|24	|28	|28	|16	|22	|22	|33	|26	|16	|25	|23	|23	|33	|27	|26	|24	|31	|152	|28	|21	|32	|22	|23	|26	|31	|24	|
________________________________________________________
65	|2	|9	|3	|6	|1	|4	|4	|4	|3	|5	|5	|35	|3	|2	|5	|7	|37	|15	|31	|35	|30	|16	|27	|26	|25	|10	|0	|33	|19	|14	|23	|31	|32	|42	|38	|24	|27	|0	|26	|30	|23	|25	|34	|26	|32	|18	|23	|22	|29	|16	|24	|25	|52	|28	|25	|35	|29	|17	|34	|36	|31	|22	|29	|28	|169	|21	|29	|27	|21	|21	|37	|30	|
________________________________________________________
66	|3	|4	|0	|6	|2	|5	|5	|6	|0	|4	|4	|4	|2	|2	|2	|4	|34	|16	|22	|24	|18	|16	|28	|21	|22	|9	|20	|28	|23	|18	|13	|20	|31	|27	|21	|23	|0	|25	|20	|17	|16	|14	|15	|30	|25	|16	|15	|22	|20	|18	|16	|23	|42	|18	|14	|22	|17	|18	|26	|24	|21	|13	|26	|21	|21	|132	|25	|23	|26	|19	|18	|32	|
________________________________________________________
67	|5	|2	|3	|3	|10	|0	|3	|8	|2	|4	|4	|10	|3	|3	|5	|14	|47	|22	|25	|36	|33	|27	|32	|27	|37	|18	|19	|47	|24	|24	|30	|31	|43	|22	|30	|23	|25	|29	|35	|0	|38	|30	|32	|42	|30	|19	|25	|29	|21	|31	|36	|34	|63	|22	|35	|41	|38	|28	|41	|30	|32	|23	|37	|32	|29	|25	|196	|43	|42	|28	|42	|35	|
________________________________________________________
68	|5	|2	|5	|4	|5	|3	|23	|3	|2	|4	|7	|3	|5	|4	|3	|8	|39	|19	|18	|29	|31	|0	|27	|29	|30	|21	|17	|31	|21	|25	|27	|39	|26	|37	|31	|21	|33	|23	|0	|23	|37	|33	|40	|34	|30	|25	|18	|34	|23	|17	|28	|25	|37	|29	|23	|27	|25	|33	|38	|26	|31	|29	|20	|22	|27	|23	|43	|174	|32	|25	|31	|28	|
________________________________________________________
69	|3	|5	|2	|5	|6	|3	|7	|24	|3	|2	|4	|4	|2	|0	|2	|6	|29	|25	|18	|24	|25	|0	|29	|32	|28	|10	|15	|33	|22	|23	|31	|29	|36	|27	|29	|21	|26	|20	|24	|20	|29	|0	|30	|31	|35	|18	|20	|27	|27	|12	|24	|27	|38	|24	|24	|29	|21	|26	|27	|23	|20	|20	|36	|23	|21	|26	|42	|32	|157	|18	|32	|36	|
________________________________________________________
70	|3	|4	|3	|5	|0	|8	|4	|2	|2	|3	|7	|6	|3	|3	|31	|7	|34	|21	|14	|26	|24	|23	|23	|26	|27	|10	|13	|24	|15	|0	|24	|26	|33	|19	|22	|32	|24	|22	|30	|35	|0	|26	|26	|27	|27	|15	|30	|26	|20	|23	|24	|28	|44	|29	|12	|32	|31	|17	|30	|22	|21	|17	|27	|26	|21	|19	|28	|25	|18	|146	|32	|20	|
________________________________________________________
71	|3	|6	|3	|3	|9	|7	|4	|4	|3	|5	|7	|7	|4	|2	|8	|39	|40	|20	|23	|35	|33	|24	|32	|35	|26	|16	|8	|36	|25	|0	|28	|25	|28	|26	|31	|28	|35	|21	|29	|32	|32	|37	|28	|0	|28	|20	|23	|29	|35	|27	|33	|22	|39	|35	|26	|29	|35	|26	|39	|27	|24	|24	|20	|31	|37	|18	|42	|31	|32	|32	|179	|29	|
________________________________________________________
72	|1	|6	|3	|5	|10	|5	|5	|3	|0	|6	|4	|5	|0	|2	|6	|5	|36	|17	|25	|30	|31	|20	|34	|27	|26	|8	|19	|29	|23	|24	|23	|31	|33	|24	|32	|31	|21	|39	|24	|32	|32	|27	|0	|34	|31	|12	|17	|26	|28	|15	|23	|31	|45	|29	|26	|29	|36	|27	|25	|26	|23	|24	|29	|24	|30	|32	|35	|28	|36	|20	|29	|167	|
________________________________________________________
