0	|1	|2	|3	|4	|5	|6	|7	|8	|9	|10	|11	|12	|13	|14	|15	|16	|17	|18	|19	|20	|21	|22	|23	|24	|25	|26	|27	|28	|29	|30	|31	|32	|33	|34	|35	|36	|37	|38	|39	|40	|41	|42	|43	|44	|45	|46	|47	|48	|49	|50	|51	|52	|53	|54	|55	|56	|57	|58	|59	|60	|61	|62	|63	|64	|65	|66	|67	|68	|69	|70	|71	|72	|
1	|100	|3,58	|1,56	|3,11	|4,23	|2,71	|2,36	|4,01	|2,71	|2,83	|0	|3,24	|2,74	|1,93	|2,71	|3,14	|23,62	|100	|10,73	|20,88	|21,28	|13,53	|19,17	|19,17	|19,98	|14,69	|13,78	|17,24	|16,21	|12,13	|17,21	|16,65	|23,02	|15,96	|100	|17,39	|18,11	|19,48	|19,35	|13,69	|18,95	|11,42	|17,3	|15,59	|0	|9,09	|0	|21,72	|14,84	|12,07	|18,51	|18,57	|18,51	|19,48	|14,65	|17,58	|17,17	|12,26	|16,74	|17,24	|20,44	|18,11	|15,62	|0	|18,45	|17,58	|20,41	|15,34	|20,94	|15,21	|15,65	|16,83	|
________________________________________________________
2	|3,15	|100	|2,03	|3,23	|3,4	|3,54	|0	|3,32	|1,84	|4,06	|3,02	|4,19	|2,14	|2,55	|2,55	|3,51	|24,78	|17,57	|11,73	|100	|19,02	|14,56	|17,96	|18,75	|18,01	|9,02	|14,61	|19,54	|11,54	|11,05	|17,43	|17,19	|18,91	|100	|19,57	|21,49	|19,11	|18,31	|20,29	|17,24	|17,13	|16,58	|15,93	|17,3	|19,87	|12,97	|0	|14,53	|0	|13,6	|17,35	|17,79	|24,01	|16,67	|13,1	|21,82	|14,2	|12,53	|17,96	|17,24	|0	|13,54	|20,56	|17,76	|18,56	|20,42	|16,04	|20,86	|16,15	|17,52	|15,95	|16,09	|
________________________________________________________
3	|2,88	|4,26	|100	|2,76	|2,82	|4,72	|3,8	|3,39	|2,59	|3,8	|3,11	|3,16	|2,59	|2,59	|4,14	|4,03	|0	|13,12	|0	|27,56	|19,1	|14,73	|20,43	|18,41	|14,79	|14,33	|13,35	|17,15	|15,13	|12,83	|15,3	|16,51	|0	|15,19	|23,94	|19,91	|17,2	|18,41	|13,58	|20,6	|17,03	|18,47	|16,51	|18,07	|19,16	|100	|11,91	|16,51	|15,82	|12,83	|19,04	|19,62	|19,16	|19,33	|13,92	|18,47	|18,3	|12,77	|17,15	|17,32	|18,41	|100	|16,97	|18,3	|18,18	|18,01	|14,15	|20,02	|15,94	|19,62	|17,55	|16,63	|
________________________________________________________
4	|3,69	|4,36	|1,77	|100	|0	|2,99	|2,81	|4,21	|2,36	|0	|2,07	|4,21	|2,03	|1,99	|3,88	|5,24	|27,17	|20,19	|0	|17,02	|0	|14,03	|19,23	|18,2	|16,8	|10,59	|14,73	|20,89	|13,22	|11,59	|15,84	|16,5	|21,23	|20,86	|17,2	|0	|19,12	|18,75	|18,64	|14,1	|21,96	|14,21	|15,91	|16,69	|21,08	|11,33	|10,82	|100	|16,57	|14,03	|18,42	|18,94	|23,03	|15,32	|15,69	|21,26	|20,75	|18,09	|17,87	|16,91	|20,01	|16,72	|100	|15,32	|17,5	|19,08	|17,83	|16,65	|18,97	|19,31	|16,46	|16,76	|
________________________________________________________
5	|4,68	|4,27	|1,69	|0	|100	|1,96	|2	|2,99	|2,41	|3,34	|1,79	|3,65	|3,3	|3,06	|0	|3,16	|24,56	|19,54	|14,55	|22,77	|100	|10,87	|15,86	|20,16	|17,34	|10,32	|16,86	|18,95	|16,2	|13,24	|17,03	|16,79	|17,82	|16,55	|21,47	|18,95	|15,38	|17,13	|20,92	|15,82	|100	|17,82	|18,78	|19,4	|18,34	|12,21	|14,62	|0	|9,74	|0	|20,19	|19,37	|22,5	|16,44	|13,35	|18,2	|21,5	|14,41	|17,2	|17,37	|16,1	|14,38	|21,53	|12,52	|17,17	|14,72	|23,22	|20,06	|14,79	|0	|18,27	|18,78	|
________________________________________________________
6	|3,18	|4,72	|3	|2,96	|2,08	|100	|2,08	|2,49	|1,83	|4,02	|2,45	|4,06	|1,97	|3,4	|3,95	|4,2	|25,34	|18,94	|12,61	|23	|17,7	|12,32	|100	|19,96	|16,75	|11,01	|12,03	|17,22	|12,5	|12,65	|17,48	|12,8	|10,97	|18,79	|17,73	|20,07	|16,93	|17,73	|18,79	|100	|16,09	|20,48	|18,94	|18,61	|19,09	|11,99	|13,53	|20,18	|15,54	|0	|12,36	|0	|22,89	|17,18	|12,21	|19,85	|17,07	|13,31	|21,68	|12,94	|13,09	|21,83	|15,58	|16,71	|15,76	|16,38	|0	|13,86	|20,18	|20,59	|18,35	|18,87	|
________________________________________________________
7	|3,62	|0	|3,14	|3,62	|2,76	|2,71	|100	|2,57	|1,81	|2,38	|2,47	|2,66	|3,19	|2,71	|4,52	|3,14	|24,12	|19,08	|13,23	|0	|10,94	|0	|21,12	|20,6	|18,08	|10,42	|14,37	|13,18	|19,51	|12,42	|15,7	|19,65	|15,75	|22,74	|19,27	|17,08	|14,84	|15,37	|0	|11,7	|19,89	|19,03	|18,22	|18,89	|18,22	|14,61	|12,8	|20,03	|100	|11,99	|16,32	|20,65	|23,5	|17,08	|11,7	|15,46	|20,55	|12,61	|15,32	|17,51	|19,93	|16,18	|18,41	|14,32	|16,79	|16,32	|19,79	|100	|17,03	|20,88	|18,74	|18,03	|
________________________________________________________
8	|4,43	|4,15	|2,02	|3,91	|2,99	|2,33	|1,85	|100	|2,23	|2,44	|1,48	|2,92	|3,16	|0	|3,29	|4,43	|24,02	|19,22	|13,66	|23,4	|21,93	|0	|13,42	|0	|17,95	|10,78	|13,07	|17,09	|15,24	|14,07	|22,13	|13,97	|23,44	|16,06	|25,15	|13,73	|16,37	|17,43	|20,83	|16,23	|14,1	|0	|19,8	|19,08	|18,7	|13,66	|11,32	|18,94	|14,34	|11,46	|100	|19,7	|21,86	|15,07	|12,15	|19,25	|17,19	|14,17	|18,53	|18,98	|18,98	|13,04	|19,84	|9,95	|16,85	|15,68	|22,03	|15,65	|100	|18,39	|17,5	|18,77	|
________________________________________________________
9	|4,65	|3,58	|2,41	|3,42	|3,74	|2,67	|2,03	|3,47	|100	|2,24	|1,98	|3,85	|3,15	|2,94	|3,69	|4,76	|15,98	|22,39	|12,24	|18,12	|17,1	|14,8	|16,57	|16,57	|21,97	|100	|11,01	|15,87	|17,21	|12,77	|19,83	|21,06	|18,81	|19,45	|21,27	|17,1	|100	|17,9	|17,16	|15,5	|19,62	|15,23	|17,64	|11,87	|11,97	|16,19	|12,19	|17,26	|13,68	|11,65	|15,45	|17,69	|0	|10,74	|0	|24,48	|21,06	|12,61	|19,72	|19,03	|17,48	|16,46	|21,43	|16,46	|13,42	|0	|19,56	|15,82	|17,42	|17,64	|21,75	|14,91	|
________________________________________________________
10	|3,21	|5,21	|2,32	|0	|3,42	|3,87	|1,76	|2,5	|1,48	|100	|2,4	|3,91	|2,75	|3,95	|0	|3,66	|20,92	|17,01	|15,78	|23,25	|20,99	|16,59	|16,27	|15,36	|18,49	|9,72	|11,66	|100	|17,33	|13,98	|19,2	|19,73	|20,64	|19,27	|21,56	|100	|15,6	|20,11	|18,32	|14,58	|18,03	|19,8	|17,01	|17,19	|16,63	|11,2	|13	|20,78	|10,29	|12,75	|15,36	|16,56	|26,45	|21,38	|0	|15,89	|0	|15,43	|18,14	|19,41	|18,32	|17,12	|0	|11,8	|20,54	|20,78	|18,32	|16,17	|15,43	|22,37	|17,96	|17,75	|
________________________________________________________
11	|0	|4,76	|2,33	|2,42	|2,25	|2,9	|2,25	|1,86	|1,6	|2,94	|100	|3,16	|3,85	|4,32	|4,06	|3,33	|18,46	|20,02	|16,6	|19,71	|16,99	|13,62	|16,04	|17,03	|0	|7,39	|0	|19,28	|16,13	|12,62	|19,33	|19,8	|20,45	|18,63	|0	|14,4	|20,19	|20,36	|16,65	|14,22	|13,62	|22,18	|17,51	|18,24	|17,25	|14,4	|14,57	|15,61	|12,75	|11,11	|16	|18,33	|26,5	|100	|11,59	|20,58	|20,93	|13,49	|18,94	|18,68	|19,02	|15,91	|17,9	|100	|17,25	|20,23	|18,5	|16,3	|12,28	|21,01	|16,21	|17,68	|
________________________________________________________
12	|3,07	|4,51	|1,62	|3,36	|3,13	|3,28	|1,65	|2,51	|2,12	|3,28	|2,15	|100	|0	|3,22	|3,33	|4,34	|24,17	|15,7	|14,43	|24,61	|15,28	|13,51	|17,08	|17,65	|19,15	|13,34	|0	|14,05	|0	|14,07	|18,94	|18,77	|20,24	|17,38	|21,54	|21,45	|14,31	|0	|18,12	|16,67	|17,62	|15,67	|21,25	|14,31	|18,21	|9,44	|13,01	|20,57	|9,62	|10,48	|14,64	|16,55	|27,44	|16,61	|13,34	|100	|20,54	|14,1	|18,47	|19,65	|19,15	|17,14	|19,86	|15,05	|100	|17,29	|17,94	|15,61	|17,5	|15,28	|18,5	|18,56	|
________________________________________________________
13	|3,68	|3,26	|1,88	|2,3	|4,02	|2,26	|2,8	|3,85	|2,47	|3,26	|3,72	|0	|100	|2,55	|2,8	|2,76	|20,41	|15,68	|12,59	|16,1	|20,37	|12,25	|14,09	|16,56	|18,86	|12,05	|14,85	|19,45	|100	|12,17	|16,56	|22,21	|19,16	|17,27	|21,12	|17,19	|19,87	|17,19	|20,62	|15,56	|21,12	|17,61	|100	|21,29	|16,23	|10,62	|12,46	|14,22	|17,15	|14,09	|15,98	|18,61	|23,76	|18,86	|12,71	|0	|11,92	|0	|18,9	|20,33	|16,52	|14,01	|17,82	|13,93	|21,92	|14,64	|20,08	|18,99	|20,33	|18,78	|13,38	|0	|
________________________________________________________
14	|2,35	|3,53	|1,71	|2,05	|3,38	|3,53	|2,16	|0	|2,09	|4,25	|3,79	|4,14	|2,31	|100	|3,57	|3,15	|22,34	|16,2	|12,37	|19,69	|17,75	|13,92	|19,04	|19,65	|18,78	|12,25	|11,31	|20,3	|13,32	|11,04	|100	|20,71	|17,26	|15,21	|13,81	|20,49	|15,17	|18,93	|20,03	|16,62	|17,79	|100	|18,51	|21,97	|14,61	|11,04	|13,85	|15,44	|12,29	|14	|20,64	|13,88	|25,38	|19,76	|14,3	|22,27	|19,92	|0	|13,09	|0	|16,43	|14,45	|15,02	|20,9	|16,58	|18,63	|20,86	|19,12	|0	|15,17	|20,56	|19,84	|
________________________________________________________
15	|2,93	|3,13	|2,43	|3,54	|0	|3,64	|3,2	|3,23	|2,32	|0	|3,17	|3,81	|2,26	|3,17	|100	|2,66	|22,7	|16,77	|12,26	|18,56	|21,72	|14,58	|15,83	|16,87	|18,9	|12,33	|14,05	|0	|9,73	|0	|19,57	|21,29	|17,45	|16,5	|16,84	|21,62	|16,77	|15,93	|19,74	|17,48	|0	|14,85	|20,61	|21,39	|17,28	|11,96	|17,14	|19,4	|15,33	|13,71	|16,13	|16,03	|24,01	|17,65	|14,28	|22,33	|100	|12,43	|15,59	|20,41	|15,43	|14,05	|19,57	|15,86	|16,81	|15,83	|21,22	|17,88	|19,6	|100	|17,65	|20,78	|
________________________________________________________
16	|3,42	|4,33	|2,37	|4,81	|3,11	|3,89	|2,23	|4,37	|3,01	|3,52	|2,61	|4,97	|2,23	|2,81	|2,67	|100	|21,49	|17,19	|11,34	|22,61	|16,41	|12,93	|21,12	|13,87	|19,76	|13,33	|12,93	|19,66	|17,8	|0	|12,22	|0	|18	|17,12	|20,95	|16,11	|22,17	|14,82	|20,17	|16,75	|20,14	|19,86	|14,55	|0	|16,92	|12,08	|11,57	|17,73	|11,51	|13,03	|20,47	|11,54	|25,41	|20,14	|11,88	|23,18	|17,46	|12,72	|100	|21,35	|17,29	|16,14	|19,59	|12,93	|19,19	|10,9	|21,69	|19,63	|21,15	|17,36	|100	|19,73	|
________________________________________________________
17	|3,45	|4,11	|0	|3,35	|3,25	|3,15	|2,31	|3,18	|1,36	|2,7	|1,94	|3,72	|2,22	|2,68	|3,06	|2,89	|100	|18,61	|14,12	|22,83	|19,47	|13,76	|19,06	|18,61	|18,56	|8,48	|11,61	|16,78	|14,17	|10,99	|16,91	|16,81	|18,29	|16,66	|18,7	|16,56	|16,62	|16,48	|17,61	|15,01	|17,38	|16,27	|16,41	|16,98	|15,08	|0	|13,47	|19,02	|14,94	|12,6	|18,35	|18,85	|24,62	|14,51	|12,95	|18,85	|17,24	|11,94	|16,79	|16,62	|16,52	|15,01	|16,48	|14,33	|16,98	|16,43	|18,34	|15,71	|16,96	|16,66	|16,61	|16,67	|
________________________________________________________
18	|19,17	|3,82	|1,36	|3,26	|3,39	|3,09	|2,39	|3,34	|2,5	|2,88	|2,76	|3,17	|2,24	|2,55	|2,97	|3,03	|24,4	|100	|12,13	|23,3	|19,76	|13,95	|18,86	|18,84	|19,85	|14,57	|11,65	|16,94	|14,98	|11,55	|16	|16,89	|18,33	|16,55	|19,17	|16,66	|15,93	|16,76	|17,74	|15,03	|17,11	|15,87	|16,37	|16,45	|0	|8,69	|0	|19,5	|14,5	|12,89	|18,67	|19,11	|18,86	|20,21	|12,09	|18,84	|17,13	|12,06	|16,4	|17,07	|16,86	|15,25	|16,7	|13,79	|16,87	|15,77	|18,55	|15,93	|16,99	|16,87	|16,85	|16,86	|
________________________________________________________
19	|2,82	|3,49	|0	|0	|3,45	|2,82	|2,27	|3,25	|1,87	|3,66	|3,13	|3,99	|2,46	|2,66	|2,97	|2,73	|25,34	|16,6	|100	|20,45	|21,21	|14,66	|18,17	|18,44	|17,95	|9,45	|14,32	|16,71	|14,41	|11,09	|16,72	|16,79	|22,66	|16,57	|19	|20,93	|18,37	|18,61	|19,43	|12,62	|16,42	|15,86	|16,64	|16,39	|19,64	|0	|10,08	|0	|15,48	|13,21	|18,21	|19,03	|24,12	|16,98	|13,55	|18,76	|16,45	|12,44	|16,34	|16,44	|20,52	|0	|0	|17,57	|18,84	|18,35	|19,91	|16,01	|16,95	|16,61	|16,82	|16,93	|
________________________________________________________
20	|3,33	|18,12	|2,38	|2,29	|3,29	|3,12	|0	|3,39	|1,68	|3,28	|2,26	|4,14	|1,91	|2,58	|2,74	|3,32	|24,93	|19,41	|12,45	|100	|20,06	|13,97	|18,62	|18,59	|16,67	|10,8	|10,99	|18,88	|11,6	|11,32	|16,54	|17,23	|17,76	|18,12	|19,26	|17,41	|16,55	|16,53	|17,57	|14,93	|17,09	|16,6	|16,43	|16,63	|19,12	|13,74	|0	|14,26	|0	|13,76	|18,5	|18,78	|22,65	|16,34	|12,13	|22,17	|15,05	|12,73	|16,84	|16,89	|16,06	|15,11	|16,58	|14,44	|17,3	|16,59	|17,55	|16,04	|16,81	|17,05	|16,68	|16,58	|
________________________________________________________
21	|3,99	|4,05	|1,94	|0	|16,97	|2,83	|1,34	|3,73	|1,87	|3,48	|2,29	|3,02	|2,84	|2,73	|3,77	|2,83	|25	|19,35	|15,18	|23,58	|100	|11,83	|18,99	|18,81	|17,18	|10,45	|12,97	|19,5	|17,15	|11,14	|16,92	|16,79	|18,36	|15,84	|19,47	|17,41	|16,2	|16,6	|17,5	|14,71	|16,97	|16,54	|17,06	|16,54	|18,87	|12,64	|13,61	|0	|9,61	|0	|19,29	|18,93	|22,21	|16,51	|12,13	|16,38	|20,62	|11,58	|16,89	|16,61	|16,77	|14,38	|16,64	|14,42	|16,73	|15,8	|18,19	|16,29	|17,06	|16,76	|16,17	|16,48	|
________________________________________________________
22	|3,59	|4,38	|2,11	|3,13	|2,61	|2,78	|0	|0	|2,28	|3,88	|2,6	|3,78	|2,42	|3,03	|3,57	|3,15	|24,97	|19,3	|14,82	|23,2	|16,71	|100	|17,14	|19,56	|16,7	|11	|11,61	|17,89	|12,74	|13,72	|16,45	|16,68	|18,05	|16,45	|17,54	|18,56	|16,84	|16,08	|21,63	|14,89	|17,02	|19,37	|18,14	|17,96	|18,34	|12,82	|12,8	|19,83	|0	|10,25	|0	|20,97	|21,87	|16,72	|11,91	|20,82	|17,27	|13,85	|16,31	|16,87	|16,64	|15,63	|16,43	|16,2	|16,61	|16,65	|22,28	|0	|0	|20,31	|18,3	|18,63	|
________________________________________________________
23	|3,71	|3,95	|2,14	|3,14	|2,78	|16,48	|2,67	|2,36	|1,87	|2,78	|2,23	|3,49	|2,03	|3,02	|2,83	|3,76	|25,25	|19,05	|13,42	|22,58	|19,6	|12,52	|100	|19,76	|16,63	|10,71	|12,27	|16,45	|14,74	|10,28	|18,98	|12,4	|17,83	|16,62	|19,42	|16,92	|16,7	|16,2	|17,13	|16,48	|17,16	|16,67	|17,27	|17,39	|18,61	|12,89	|12,42	|19,4	|15,1	|0	|13,17	|0	|22,51	|16,67	|12,25	|18,51	|16,99	|12,45	|21,37	|14,05	|16,4	|15,74	|16,59	|14,12	|16,58	|16,43	|17,77	|16,14	|16,9	|16,37	|16,75	|16,92	|
________________________________________________________
24	|3,73	|4,14	|1,94	|2,98	|3,55	|3,3	|2,62	|0	|1,88	|2,64	|2,38	|3,62	|2,4	|3,13	|3,03	|2,48	|24,75	|19,12	|13,67	|22,65	|19,49	|14,35	|19,84	|100	|16,86	|10,86	|11,45	|16,88	|14,27	|12,57	|18,43	|18,61	|18,62	|16,49	|19,58	|16,75	|16,15	|16,42	|16,85	|14,83	|16,76	|16,15	|16,06	|16,01	|18,97	|13,36	|12,12	|18,9	|15,09	|14,19	|0	|8,61	|22,59	|16,41	|12,13	|18,57	|16,52	|12,28	|13,99	|21,34	|16,92	|15,54	|16,54	|14,26	|17,11	|16,61	|17,66	|16,33	|16,94	|17,22	|16,38	|16,78	|
________________________________________________________
25	|3,85	|3,94	|1,54	|2,73	|3,02	|2,75	|2,28	|3,14	|2,47	|3,15	|0	|3,89	|2,71	|2,97	|3,37	|3,5	|24,5	|19,97	|13,2	|20,15	|17,66	|12,15	|16,57	|16,72	|100	|14,82	|14,28	|18,55	|16,74	|12,55	|18,6	|19,05	|17,81	|16,35	|19,13	|16,31	|16,3	|16,26	|17,32	|14,73	|16,75	|16,27	|16,58	|16,8	|19,9	|9,07	|11,13	|16,16	|13,38	|12	|16,71	|16,14	|19,01	|0	|14,27	|21,81	|19,19	|13,85	|18,76	|19,17	|17,01	|15,16	|17,11	|14,25	|16,4	|16,21	|18,13	|16,54	|17,68	|16,81	|16,89	|16,36	|
________________________________________________________
26	|4,41	|3,07	|2,33	|2,68	|2,8	|2,81	|2,05	|2,93	|17,48	|2,58	|1,6	|4,22	|2,69	|3,02	|3,42	|3,68	|17,42	|22,83	|10,82	|20,32	|16,72	|12,46	|16,61	|16,77	|23,08	|100	|11,24	|18,71	|16,23	|12,77	|19,3	|19,09	|18,06	|16,74	|19,18	|17,09	|17,48	|16,66	|17,92	|15,17	|17,14	|16,12	|16,64	|16,57	|11	|16,47	|10,72	|16,83	|12,58	|11,47	|16,11	|16,62	|0	|10,61	|0	|22,57	|19,17	|13,75	|19,73	|18,83	|16,8	|14,61	|16,82	|14,22	|16,17	|16,45	|18,16	|15,96	|16,98	|16,98	|16,75	|16,77	|
________________________________________________________
27	|3,74	|4,5	|1,96	|3,37	|4,14	|2,78	|2,55	|3,22	|1,74	|2,79	|0	|0	|3	|2,52	|3,52	|3,22	|21,55	|16,49	|14,82	|18,67	|18,75	|11,88	|17,2	|15,97	|20,09	|10,16	|100	|16,89	|18,25	|13,35	|17,78	|18,07	|20,79	|18,96	|22,76	|16,73	|16,93	|21,26	|17,86	|14,84	|18,62	|14,09	|16,96	|16,72	|16,8	|11,62	|12,73	|16,78	|14,76	|11,29	|16,6	|16,44	|28,01	|0	|10,27	|0	|19,93	|13,9	|18,01	|18,16	|19,21	|16,69	|20,84	|0	|0	|20,81	|18,96	|16,08	|19,71	|16,87	|16,24	|17,5	|
________________________________________________________
28	|3,31	|4,26	|1,78	|3,38	|3,29	|2,81	|1,65	|2,97	|1,77	|16,95	|2,66	|2,84	|2,78	|3,19	|0	|3,47	|22,03	|16,96	|12,23	|22,7	|19,94	|12,95	|16,31	|16,66	|18,46	|11,95	|11,95	|100	|17,94	|14,06	|18,93	|19,17	|18,5	|17,14	|19,7	|16,95	|16,16	|16,13	|17,76	|14,82	|16,86	|16,1	|16,63	|17,11	|17,1	|11,81	|11,15	|20,31	|10,66	|11,85	|16,16	|16,84	|25,41	|19,25	|0	|15,05	|0	|14,39	|18,63	|18,96	|16,33	|15	|16,77	|14,07	|16,56	|16,91	|18,16	|16,35	|17,37	|16,57	|16,52	|17,26	|
________________________________________________________
29	|3,57	|2,88	|1,8	|2,45	|3,22	|2,34	|2,81	|3,04	|2,2	|3,37	|2,55	|0	|16,37	|2,4	|1,98	|3,6	|21,33	|17,2	|12,09	|15,99	|20,11	|10,57	|16,75	|16,15	|19,09	|11,89	|14,8	|20,56	|100	|11,55	|18,65	|19,19	|18,2	|16,37	|19,78	|16,59	|15,92	|15,96	|18,11	|14,23	|17,38	|15,84	|16,37	|17,37	|16,55	|11,06	|12,01	|13,42	|17,24	|11,61	|16,56	|16,74	|24,7	|18,74	|14,31	|0	|11,45	|0	|19,36	|18,85	|16,7	|14,61	|17,89	|13,17	|16,16	|16,55	|18,24	|16,05	|17,14	|16,57	|16,12	|17,48	|
________________________________________________________
30	|3,46	|3,57	|1,98	|2,78	|3,41	|3,07	|2,31	|3,63	|2,12	|3,52	|2,59	|4,23	|2,58	|2,58	|0	|0	|21,42	|17,16	|12,04	|20,2	|16,91	|14,74	|15,12	|18,41	|18,54	|12,11	|14,02	|20,87	|14,95	|100	|17,48	|20,33	|18,29	|16,46	|19,55	|16,51	|14,52	|18,51	|19,79	|16,47	|20,52	|15,82	|16,66	|20,18	|16,6	|11,45	|11,31	|16,94	|13,45	|13,56	|16,33	|18,55	|25,61	|19,03	|13,85	|22,61	|0	|10,61	|0	|20,2	|16,69	|14,97	|16,74	|14,11	|16,27	|18,8	|20,26	|17,89	|20,96	|0	|0	|19,99	|
________________________________________________________
31	|3,36	|3,86	|1,61	|2,6	|3	|2,9	|2	|3,92	|2,25	|3,31	|2,71	|3,9	|2,4	|16	|3,53	|2,19	|22,57	|16,29	|12,44	|20,21	|17,59	|12,1	|19,12	|18,5	|18,81	|12,54	|12,78	|19,25	|16,54	|11,98	|100	|20,65	|18,3	|16,91	|19,36	|16,74	|16,75	|16,35	|17,79	|14,78	|16,47	|16	|17,09	|17,21	|16,34	|10,98	|11,44	|16,32	|12,9	|11,38	|21,22	|14,42	|25,48	|19,06	|13,68	|21,13	|19,24	|0	|12,21	|0	|16,62	|14,99	|16,84	|14,3	|16,78	|16,38	|18,03	|15,71	|17,03	|16,73	|16,34	|16,91	|
________________________________________________________
32	|3,19	|3,74	|1,71	|2,67	|2,91	|2,09	|2,46	|2,43	|2,35	|3,34	|2,73	|3,79	|3,17	|3,26	|3,77	|0	|22,04	|16,9	|12,27	|20,7	|17,15	|12,06	|12,27	|18,35	|18,94	|12,19	|12,76	|19,15	|16,72	|13,68	|20,29	|100	|18,4	|16,77	|19,38	|16,75	|16,7	|16,97	|16,93	|14,91	|16,53	|16,32	|16,83	|16,01	|16,65	|11,34	|10,81	|16,65	|13,12	|12,58	|13,89	|21,66	|26	|19,04	|14,08	|21,39	|19,75	|14,02	|0	|8,73	|16,62	|15,01	|16,62	|14,45	|15,95	|15,78	|17,77	|16,13	|17,01	|16,89	|16,63	|16,15	|
________________________________________________________
33	|4,04	|3,76	|0	|3,14	|2,83	|1,64	|1,81	|3,73	|1,92	|3,2	|2,58	|3,74	|2,5	|2,48	|2,83	|2,9	|21,94	|16,77	|15,15	|19,51	|17,15	|11,94	|16,15	|16,79	|16,19	|10,55	|13,44	|16,91	|14,5	|11,26	|16,44	|16,83	|100	|18,41	|22,24	|18,71	|18,62	|18,35	|20,12	|10,09	|17,08	|15,89	|17,03	|16,73	|16,62	|11,52	|13,68	|16,13	|12,43	|13,18	|16,35	|17,03	|22,73	|16,8	|13,3	|18,83	|16,39	|11,84	|16,37	|16,91	|15,03	|0	|18,98	|15,81	|18,96	|18,96	|22,62	|14,39	|17,6	|16,85	|16,96	|17,04	|
________________________________________________________
34	|3,05	|21,66	|1,57	|3,35	|2,86	|3,05	|2,84	|2,78	|2,16	|3,25	|2,56	|3,5	|2,45	|2,38	|2,91	|3	|21,75	|16,48	|12,06	|21,66	|16,11	|11,84	|16,38	|16,18	|16,18	|10,63	|13,33	|17,04	|14,2	|11,03	|16,54	|16,69	|20,03	|100	|21,87	|18,84	|18,89	|18,49	|20,58	|17,07	|17,49	|16,35	|16,71	|17	|16,81	|11,49	|0	|17,01	|12,69	|11,43	|15,83	|16,34	|22,86	|16,83	|13,05	|18,73	|16,55	|12,26	|16,74	|16,38	|0	|13,44	|20,01	|16,14	|18,9	|18,44	|16,11	|21,89	|16,97	|17,03	|16,33	|16,85	|
________________________________________________________
35	|16,74	|3,72	|2,17	|2,43	|3,25	|2,53	|2,11	|3,82	|2,07	|3,19	|0	|3,8	|2,63	|1,9	|2,6	|3,22	|21,43	|16,74	|12,13	|20,2	|17,37	|11,07	|16,79	|16,86	|16,61	|10,69	|14,04	|17,18	|15,05	|11,49	|16,61	|16,92	|21,24	|19,19	|100	|18,4	|18,53	|18,56	|17,93	|15,29	|18,57	|12,03	|16,97	|16,73	|16,32	|11,65	|0	|16,68	|12,74	|11,24	|16,83	|16,6	|22,2	|16,25	|14,49	|17,68	|16,9	|13,16	|16,41	|16,88	|18,78	|17,25	|15,29	|0	|18,92	|18,08	|17,69	|16,01	|21,75	|14,86	|16,29	|16,6	|
________________________________________________________
36	|3,31	|4,65	|2,05	|0	|3,27	|3,26	|2,13	|2,37	|1,9	|16,83	|1,97	|4,31	|2,44	|3,2	|3,81	|2,82	|21,6	|16,56	|15,21	|20,79	|17,68	|13,34	|16,66	|16,42	|16,12	|10,84	|11,75	|16,83	|14,37	|11,05	|16,35	|16,65	|20,34	|18,81	|20,94	|100	|19,37	|19,2	|17,61	|14,96	|19,1	|18,92	|16,92	|16,96	|16,47	|11,36	|13,34	|16,76	|12,68	|11,89	|15,96	|16,69	|22,38	|16,58	|0	|19,25	|16,99	|12,03	|16,51	|16,67	|18,48	|16,7	|0	|12,08	|19,31	|18,66	|18,18	|16,47	|14,69	|21,93	|16,83	|16,74	|
________________________________________________________
37	|3,52	|4,22	|1,81	|3,13	|2,71	|2,8	|1,89	|2,89	|11,32	|2,68	|2,83	|2,94	|2,87	|2,42	|3,01	|3,96	|22,12	|16,17	|13,62	|20,17	|16,79	|12,36	|16,78	|16,16	|16,44	|11,32	|12,13	|16,38	|14,07	|9,92	|16,7	|16,95	|20,65	|19,25	|21,53	|19,77	|100	|18,16	|17,54	|15,09	|16,9	|16,64	|18,81	|11,78	|16,81	|11,19	|12,3	|16,52	|12,39	|11,84	|16,21	|17,07	|22,26	|16,59	|0	|18,29	|16,9	|11,92	|16,9	|17,33	|18,78	|16,63	|18,54	|16,55	|14,91	|0	|18,34	|15,98	|16,83	|16,88	|21,91	|14,03	|
________________________________________________________
38	|3,78	|4,03	|1,93	|3,07	|3,01	|2,93	|1,95	|3,07	|2,02	|3,45	|2,84	|0	|2,48	|3,01	|2,86	|2,64	|21,88	|16,97	|13,77	|20,1	|17,16	|11,77	|16,24	|16,39	|16,35	|10,76	|15,2	|16,31	|14,07	|12,61	|16,26	|17,18	|20,3	|18,8	|21,51	|19,55	|18,12	|100	|17,94	|15,12	|16,8	|16,22	|18,84	|19,25	|16,09	|11,65	|12,36	|17,01	|12,75	|11,61	|16,73	|16,63	|22,38	|16,53	|14,11	|17,75	|16,37	|12,32	|16,31	|16,31	|18,99	|16,99	|18,48	|16,25	|0	|14,63	|18,44	|16,11	|17,27	|16,77	|14,46	|22,02	|
________________________________________________________
39	|3,51	|4,17	|1,33	|2,85	|3,43	|2,9	|0	|3,42	|1,81	|2,93	|2,17	|3,46	|2,78	|2,98	|3,3	|3,36	|21,83	|16,77	|13,42	|19,94	|16,89	|14,79	|16,03	|15,7	|16,27	|10,81	|11,93	|16,77	|14,91	|12,59	|16,52	|16	|20,78	|19,54	|19,4	|16,74	|16,34	|16,75	|100	|15,99	|19,07	|18,61	|19,02	|18,84	|16,36	|11,62	|10,79	|17,01	|13,37	|14,35	|16,08	|16,41	|22,51	|16,63	|12,08	|18,63	|16,72	|13,21	|16,85	|16,56	|21,67	|12,76	|16,84	|14,05	|16,95	|16,71	|17,4	|0	|19,79	|18,91	|18,98	|19,28	|
________________________________________________________
40	|2,97	|4,25	|2,42	|2,58	|3,11	|18,46	|1,66	|3,19	|1,96	|2,8	|2,22	|3,81	|2,51	|2,96	|3,5	|3,34	|22,29	|17,01	|10,44	|20,29	|17,01	|12,19	|18,46	|16,55	|16,57	|10,96	|11,87	|16,76	|14,03	|12,55	|16,44	|16,87	|12,49	|19,42	|19,82	|17,03	|16,84	|16,91	|19,15	|100	|18,97	|18,23	|19,1	|18,92	|16,59	|11,08	|11,19	|16,48	|13,02	|0	|16,13	|15,62	|22,9	|16,59	|12,26	|19,36	|17,01	|13,5	|17,03	|16,1	|13,11	|20,92	|16,28	|14,5	|16,88	|16,28	|0	|13,61	|19,59	|19,3	|18,94	|19,05	|
________________________________________________________
41	|3,6	|3,7	|1,75	|3,52	|17,19	|2,6	|2,47	|2,43	|2,17	|3,03	|1,86	|3,53	|2,99	|2,77	|0	|3,52	|22,61	|16,97	|11,9	|20,35	|17,19	|12,21	|16,85	|16,39	|16,51	|10,85	|13,05	|16,7	|15,02	|13,7	|16,05	|16,39	|18,52	|17,42	|21,09	|19,05	|16,52	|16,46	|20,01	|16,62	|100	|18,25	|18,98	|19,14	|16,12	|11,33	|11,08	|17,06	|12,95	|0	|15,74	|16,46	|22,9	|16,6	|12,2	|19	|17,04	|14,82	|16,9	|16,76	|16,77	|14,9	|21,75	|12,39	|16,68	|16,41	|20,85	|18,68	|14,59	|0	|18,69	|19,71	|
________________________________________________________
42	|2,25	|3,71	|1,97	|2,36	|3,18	|3,44	|2,45	|0	|1,75	|3,45	|3,15	|3,26	|2,58	|16,17	|2,71	|3,6	|21,96	|16,33	|11,92	|20,51	|17,38	|14,41	|16,98	|16,38	|16,64	|10,58	|10,24	|16,55	|14,2	|10,96	|16,17	|16,79	|17,87	|16,9	|14,17	|19,58	|16,87	|16,49	|20,26	|16,57	|18,93	|100	|19,34	|19,36	|16,01	|11,49	|12,31	|16,3	|13,11	|13,91	|15,81	|16,49	|22,55	|16,79	|11,91	|18,68	|16,74	|0	|16,88	|16,26	|16,77	|15,09	|14,71	|19,47	|17,11	|16,5	|20,53	|18,55	|0	|14,24	|19,17	|18,75	|
________________________________________________________
43	|3,32	|3,47	|1,71	|2,57	|3,26	|3,09	|2,29	|3,44	|1,97	|2,88	|2,42	|4,3	|14,27	|2,91	|3,65	|2,57	|21,54	|16,39	|12,17	|19,76	|17,44	|13,13	|17,12	|15,84	|16,5	|10,63	|11,99	|16,63	|14,27	|11,22	|16,81	|16,85	|18,64	|16,8	|19,45	|17,04	|18,56	|18,63	|20,14	|16,89	|19,16	|18,82	|100	|19,34	|16,92	|11,35	|11,52	|16,5	|13,1	|13,21	|16,23	|16,35	|22,36	|16,74	|12,02	|18,73	|17,05	|0	|16,05	|16,63	|16,3	|15,31	|17,07	|14,42	|21,98	|14,42	|20,67	|18,48	|18,97	|18,93	|14,17	|0	|
________________________________________________________
44	|2,99	|3,76	|1,87	|2,7	|3,36	|3,04	|2,37	|3,32	|1,32	|2,91	|2,52	|2,89	|3,04	|3,45	|3,79	|0	|22,28	|16,45	|11,98	|19,97	|16,9	|12,99	|17,22	|15,79	|16,7	|10,58	|11,82	|17,1	|15,14	|13,59	|16,91	|16,02	|18,3	|17,09	|19,16	|17,06	|11,62	|19,03	|19,94	|16,72	|19,31	|18,83	|19,33	|100	|16,63	|11,59	|10,84	|16,46	|13,3	|13,28	|16,25	|16,76	|22,32	|16,04	|12,92	|18,94	|16,68	|14,54	|16,26	|16,07	|16,89	|15,31	|16,53	|14,01	|13,93	|21,49	|21,17	|18,51	|19,58	|19,11	|0	|14,48	|
________________________________________________________
45	|0	|4,38	|2,01	|3,45	|3,22	|3,15	|2,31	|3,29	|1,35	|2,85	|2,41	|3,73	|2,34	|2,33	|3,1	|3,02	|20,03	|0	|14,54	|23,25	|19,52	|13,43	|18,66	|18,93	|20,03	|7,11	|12,02	|17,3	|14,6	|11,31	|16,25	|16,86	|18,4	|17,1	|18,92	|16,77	|16,78	|16,1	|17,53	|14,84	|16,46	|15,76	|17,12	|16,84	|100	|13,95	|13,31	|18,91	|14,62	|13,66	|18,41	|19,21	|25,98	|19,46	|13,68	|19,07	|16,4	|11,92	|16,65	|16,64	|16,43	|14,74	|16,75	|13,64	|16,56	|15,93	|18,06	|16,13	|17,48	|17,1	|16,52	|16,93	|
________________________________________________________
46	|2,57	|4,16	|15,28	|2,7	|3,12	|2,88	|2,7	|3,5	|2,66	|2,8	|2,93	|2,81	|2,23	|2,56	|3,12	|3,14	|0	|12,82	|0	|24,32	|19,03	|13,66	|18,81	|19,42	|13,28	|15,5	|12,1	|17,39	|14,2	|11,36	|15,9	|16,72	|18,55	|17,02	|19,66	|16,84	|16,25	|16,96	|18,12	|14,42	|16,83	|16,46	|16,71	|17,08	|20,3	|100	|10,76	|18,84	|14,42	|13,37	|18,97	|19,5	|18,43	|19,7	|10,58	|19,49	|16,73	|11,67	|16,92	|16,92	|16,59	|15,28	|16,26	|13,99	|17,18	|16,67	|18,05	|16,65	|17,25	|17,05	|16,88	|16,84	|
________________________________________________________
47	|0	|0	|1,88	|2,66	|3,85	|3,35	|2,44	|2,99	|2,07	|3,34	|3,05	|4	|2,7	|3,31	|4,61	|3,1	|26,85	|0	|11,19	|0	|21,11	|14,06	|18,68	|18,16	|16,8	|10,39	|13,67	|16,92	|15,9	|11,56	|17,08	|16,43	|22,73	|0	|0	|20,39	|18,42	|18,56	|17,34	|15,02	|16,97	|18,19	|17,49	|16,47	|19,97	|11,09	|100	|16,46	|16,51	|13,89	|17,95	|18,26	|22,06	|16,85	|14,29	|16,97	|18,74	|12,08	|17,18	|16,25	|20,2	|14,99	|16,56	|18,3	|18,35	|18,55	|18,01	|15,99	|14,95	|18,73	|16,79	|16,63	|
________________________________________________________
48	|4,19	|3,18	|1,72	|16,28	|0	|3,32	|2,53	|3,32	|1,94	|3,54	|2,17	|4,19	|2,04	|2,45	|3,46	|3,15	|25,14	|19,65	|0	|17,25	|0	|14,44	|19,35	|18,77	|16,18	|10,82	|11,94	|20,43	|11,78	|11,49	|16,16	|16,77	|17,77	|17,22	|19,24	|16,98	|16,4	|16,92	|18,13	|14,67	|17,33	|15,96	|16,61	|16,58	|18,81	|12,87	|10,91	|100	|16,29	|14,27	|18,31	|18,74	|22,52	|16,42	|12,37	|22,04	|19,78	|13,25	|16,75	|16,87	|16,25	|15,52	|16,28	|13,97	|16,6	|16,53	|18,34	|15,94	|16,59	|16,79	|16,22	|16,92	|
________________________________________________________
49	|3,66	|0	|2,11	|3,45	|2,17	|3,26	|16,13	|3,21	|1,96	|2,24	|2,26	|2,5	|3,15	|2,49	|3,49	|2,61	|25,21	|18,66	|14,56	|0	|12,62	|0	|19,23	|19,15	|17,11	|10,33	|13,42	|13,7	|19,32	|11,65	|16,31	|16,88	|17,49	|16,41	|18,77	|16,41	|15,71	|16,21	|18,2	|14,8	|16,8	|16,39	|16,84	|17,1	|18,58	|12,58	|13,98	|20,8	|100	|11,53	|18,93	|19,14	|22,67	|16,47	|12,39	|14,41	|19,56	|10,83	|16,19	|16,41	|16,19	|14,55	|16,71	|14,09	|16,54	|16,41	|18,6	|16,13	|17,42	|16,84	|16,28	|17,08	|
________________________________________________________
50	|3,34	|4,27	|1,92	|3,27	|0	|0	|2,17	|2,88	|1,88	|3,12	|2,21	|3,06	|2,9	|3,18	|3,51	|3,32	|23,88	|18,62	|13,95	|23,86	|0	|10,71	|0	|20,21	|17,22	|10,57	|11,52	|17,1	|14,61	|13,18	|16,14	|18,18	|20,81	|16,59	|18,59	|17,27	|16,86	|16,57	|21,92	|0	|0	|19,54	|19,05	|19,17	|19,48	|13,1	|13,21	|20,46	|12,95	|100	|16,9	|21,06	|21,83	|16,94	|11,72	|18,74	|16,53	|14,97	|15,2	|18,56	|18,38	|13,14	|16,31	|13,73	|16,24	|16,36	|22,3	|16,28	|17,4	|21,03	|19,16	|19,07	|
________________________________________________________
51	|3,65	|3,88	|2,03	|3,06	|3,6	|2,07	|2,1	|17,86	|1,77	|2,67	|2,27	|3,04	|2,34	|3,33	|2,94	|3,71	|24,73	|19,18	|13,68	|22,82	|20,24	|0	|13,39	|0	|17,06	|10,56	|12,05	|16,59	|14,82	|11,29	|21,42	|14,26	|18,36	|16,34	|19,8	|16,5	|16,41	|16,98	|17,48	|14,64	|16,31	|15,79	|16,66	|16,69	|18,68	|13,22	|12,14	|18,68	|15,12	|12,02	|100	|19,87	|22,97	|15,91	|12,37	|18,57	|16,81	|12,29	|19,5	|18,41	|16,47	|14,47	|16,5	|13,92	|16,58	|16,32	|18,06	|16,13	|17,86	|16,21	|16,42	|16,69	|
________________________________________________________
52	|3,56	|3,87	|2,03	|3,06	|3,36	|0	|2,59	|3,42	|1,97	|2,8	|2,53	|3,35	|2,65	|2,18	|2,84	|2,03	|24,73	|19,12	|13,91	|22,55	|19,34	|15,17	|0	|8,49	|16,05	|10,61	|11,62	|16,83	|14,59	|12,49	|14,17	|21,66	|18,62	|16,42	|19	|16,78	|16,83	|16,43	|17,37	|13,8	|16,6	|16,03	|16,33	|16,76	|18,97	|13,23	|12,02	|18,6	|14,88	|14,58	|19,34	|100	|22,26	|16,6	|12,25	|19,12	|16,93	|12,32	|11,86	|18,55	|16,58	|15,25	|16,86	|14,15	|16,79	|16,3	|18,03	|15,97	|16,43	|16,5	|16,31	|16,49	|
________________________________________________________
53	|2,64	|3,89	|1,48	|2,77	|2,9	|2,78	|2,19	|2,83	|0	|3,33	|2,72	|4,13	|2,52	|2,97	|3,17	|3,33	|24,05	|14,04	|13,13	|20,25	|16,89	|11,77	|16,59	|16,58	|14,07	|0	|14,73	|18,9	|16,02	|12,83	|18,64	|19,36	|18,5	|17,1	|18,92	|16,76	|16,33	|16,47	|17,73	|15,06	|17,19	|16,32	|16,63	|16,61	|19,1	|9,31	|10,81	|16,64	|13,12	|11,25	|16,64	|16,57	|100	|19,43	|13,97	|21,92	|18,96	|13,78	|18,74	|19,15	|16,83	|15,37	|16,92	|14,35	|17,2	|15,91	|17,86	|16,29	|16,75	|16,62	|16,79	|16,74	|
________________________________________________________
54	|3,77	|3,66	|2,02	|2,5	|2,88	|2,83	|2,16	|2,64	|1,21	|3,65	|13,92	|3,39	|2,71	|3,14	|3,15	|3,58	|19,22	|20,4	|12,53	|19,81	|17,02	|12,2	|16,66	|16,33	|0	|6,83	|0	|19,41	|16,48	|12,93	|18,9	|19,22	|18,53	|17,07	|18,78	|16,83	|16,5	|16,49	|17,76	|14,79	|16,89	|16,47	|16,88	|16,18	|19,4	|13,49	|11,19	|16,45	|12,92	|11,84	|15,63	|16,75	|26,34	|100	|12,39	|21,71	|18,94	|13,83	|18,85	|18,96	|16,61	|15,14	|16,45	|13,92	|17,18	|16,45	|18,1	|16,46	|16,66	|17,1	|17,01	|16,55	|
________________________________________________________
55	|3,89	|3,95	|2	|3,51	|3,21	|2,76	|2,03	|2,93	|0	|0	|2,21	|3,74	|2,51	|3,12	|3,5	|2,9	|23,55	|16,75	|13,72	|20,18	|17,17	|11,93	|16,81	|16,57	|19,65	|0	|10,06	|0	|17,27	|12,92	|18,62	|19,5	|20,15	|18,17	|22,99	|0	|0	|19,31	|17,71	|15,01	|17,04	|16,04	|16,64	|17,9	|18,72	|9,95	|13,03	|17,02	|13,35	|11,24	|16,69	|16,97	|26,01	|17,02	|100	|19,3	|20,85	|14,78	|17,94	|18,56	|18,57	|17,02	|20,21	|14,38	|17,74	|19,32	|18,51	|15,78	|17,04	|16,32	|14,89	|18,08	|
________________________________________________________
56	|3,01	|4,24	|1,71	|3,07	|2,82	|2,89	|1,73	|2,99	|2,44	|2,4	|2,53	|18,04	|0	|3,12	|3,53	|3,65	|22,07	|16,82	|12,24	|23,76	|14,93	|13,44	|16,35	|16,34	|19,35	|12,86	|0	|13,42	|0	|13,59	|18,53	|19,09	|18,38	|16,8	|18,07	|17,29	|16,09	|15,66	|17,59	|15,26	|17,1	|16,21	|16,7	|16,9	|16,81	|11,8	|9,97	|19,53	|10	|11,58	|16,13	|17,07	|26,28	|19,2	|12,43	|100	|20,84	|13,8	|18,94	|18,95	|16,87	|15,3	|15,9	|15,21	|18,04	|15,65	|17,91	|16,48	|16,81	|16,63	|16,72	|16,09	|
________________________________________________________
57	|3,27	|3,07	|1,88	|3,33	|3,7	|2,77	|2,56	|2,97	|2,33	|0	|2,87	|4,12	|1,69	|3,11	|17,59	|3,06	|22,46	|17,02	|11,94	|17,96	|20,93	|12,41	|16,71	|16,18	|18,94	|12,16	|13,99	|0	|9,91	|0	|18,77	|19,62	|17,8	|16,51	|19,23	|16,97	|16,55	|16,07	|17,57	|14,92	|17,07	|16,17	|16,92	|16,56	|16,09	|11,27	|12,25	|19,5	|15,1	|11,37	|16,26	|16,82	|25,29	|18,64	|14,95	|23,19	|100	|12,71	|19,01	|18,92	|16,25	|14,82	|17,44	|14,17	|16,49	|15,89	|18,59	|16,14	|17,16	|17,59	|16,36	|16,51	|
________________________________________________________
58	|3,26	|3,78	|1,84	|4,05	|3,47	|3,01	|2,19	|3,42	|1,95	|3,62	|2,58	|3,95	|0	|0	|3,05	|3,11	|21,72	|16,73	|12,61	|21,21	|16,41	|13,89	|17,09	|16,79	|19,09	|12,18	|13,62	|19,94	|0	|9,91	|0	|19,44	|17,96	|17,08	|20,9	|16,78	|16,29	|16,87	|19,39	|16,54	|20,73	|0	|0	|20,17	|16,33	|10,99	|11,03	|18,24	|11,68	|14,38	|16,59	|17,09	|25,67	|19	|14,79	|21,45	|17,75	|100	|18,49	|20,46	|16,91	|15,37	|18,02	|12,79	|16,01	|16,14	|20,52	|17,77	|20,05	|17,11	|16,72	|20,7	|
________________________________________________________
59	|3,24	|3,95	|1,8	|2,92	|3,01	|3,57	|1,94	|3,25	|2,22	|3,1	|2,64	|3,77	|2,72	|2,08	|2,79	|17,81	|22,26	|16,57	|12,07	|20,44	|17,43	|11,91	|21,38	|13,94	|18,84	|12,72	|12,86	|18,8	|17,04	|0	|12,13	|0	|18,09	|16,99	|18,98	|16,78	|16,83	|16,28	|18,02	|15,2	|17,22	|16,59	|16,21	|16,43	|16,62	|11,6	|11,43	|16,8	|12,72	|10,64	|19,18	|11,99	|25,44	|18,87	|13,08	|21,44	|19,33	|13,47	|100	|20,89	|16,41	|15,19	|16,66	|14,28	|16,17	|16,32	|18,59	|16,41	|16,59	|16,54	|17,81	|16,36	|
________________________________________________________
60	|3,33	|3,78	|1,81	|2,75	|3,03	|2,12	|2,21	|3,32	|2,14	|3,31	|2,59	|4	|2,92	|0	|3,64	|3,79	|21,94	|17,18	|12,09	|20,41	|17,08	|12,27	|14	|21,18	|19,17	|12,09	|12,91	|19,06	|16,53	|13,69	|0	|8,79	|18,61	|16,56	|19,45	|16,88	|17,18	|16,22	|17,64	|14,31	|17,01	|15,91	|16,72	|16,17	|16,54	|11,55	|10,76	|16,85	|12,84	|12,94	|18,04	|18,67	|25,89	|18,9	|13,48	|21,36	|19,17	|14,84	|20,8	|100	|16,83	|14,93	|16,97	|13,78	|16,75	|16,04	|17,35	|15,8	|16,84	|17,02	|16,24	|15,78	|
________________________________________________________
61	|3,95	|0	|1,92	|3,26	|2,81	|2,15	|2,52	|3,32	|1,97	|3,13	|2,64	|3,9	|2,37	|2,6	|2,75	|3,07	|21,84	|16,99	|15,11	|19,44	|17,26	|12,12	|16,36	|16,81	|17,03	|10,81	|13,68	|16,44	|14,67	|11,32	|16,45	|16,74	|16,55	|0	|21,67	|18,73	|18,66	|18,9	|23,11	|11,67	|17,04	|16,43	|16,41	|17,02	|16,35	|11,35	|13,4	|16,26	|12,68	|12,83	|16,16	|16,7	|22,79	|16,59	|13,51	|19,05	|16,48	|12,29	|16,37	|16,85	|100	|16,67	|18,76	|15,92	|18,58	|18,85	|21,72	|18,98	|17,32	|16,8	|16,64	|16,79	|
________________________________________________________
62	|3,87	|3,29	|11,56	|3,01	|2,78	|3,97	|2,26	|2,53	|2,05	|3,23	|2,45	|3,87	|2,23	|2,54	|2,77	|3,17	|21,96	|17,02	|0	|20,25	|16,38	|12,61	|17,39	|17,09	|16,81	|10,41	|13,15	|16,71	|14,2	|11,24	|16,43	|16,75	|0	|15,06	|22,04	|18,74	|18,28	|18,72	|15,06	|20,61	|16,76	|16,37	|17,07	|17,08	|16,24	|11,56	|11,01	|17,19	|12,62	|10,15	|15,72	|17,01	|23,03	|16,73	|13,7	|19,12	|16,64	|12,36	|16,77	|16,55	|18,46	|100	|19,3	|15,96	|18,66	|18,68	|12,78	|19,22	|17,34	|16,59	|16,96	|16,53	|
________________________________________________________
63	|3	|4,49	|1,76	|16,21	|3,75	|2,55	|2,32	|3,46	|2,4	|0	|2,48	|4,03	|2,55	|2,37	|3,48	|3,46	|21,69	|16,76	|0	|19,97	|17,05	|11,92	|16,48	|16,36	|17,06	|10,77	|14,77	|16,81	|15,63	|11,3	|16,6	|16,67	|20,81	|20,16	|17,56	|0	|18,33	|18,31	|17,87	|14,42	|22	|14,35	|17,11	|16,58	|16,59	|11,07	|10,93	|16,21	|13,03	|11,33	|16,11	|16,91	|22,79	|16,34	|14,63	|17,87	|17,61	|13,03	|16,54	|16,91	|18,68	|17,36	|100	|15,85	|18,33	|18,35	|18,56	|16,4	|19,47	|19,42	|16,95	|16,63	|
________________________________________________________
64	|0	|4,56	|2,24	|2,92	|2,56	|3,22	|2,12	|2,04	|2,17	|2,36	|16,29	|3,59	|2,34	|3,88	|3,32	|2,69	|22,19	|16,28	|15,16	|20,47	|17,39	|13,83	|16,5	|16,6	|16,72	|10,72	|0	|16,59	|13,55	|11,22	|16,59	|17,06	|20,4	|19,14	|0	|14,34	|19,26	|18,95	|17,55	|15,12	|14,75	|22,35	|17,01	|16,53	|15,91	|11,21	|14,22	|16,38	|12,93	|11,22	|15,99	|16,7	|22,75	|16,29	|12,25	|20,12	|16,84	|10,89	|16,69	|16,16	|18,65	|16,88	|18,66	|100	|19,05	|18,57	|18,33	|16,33	|11,52	|19,85	|17,24	|16,69	|
________________________________________________________
65	|3,55	|4,05	|1,89	|2,84	|2,98	|2,58	|2,11	|2,94	|1,5	|3,49	|2,39	|20,27	|3,13	|2,61	|2,98	|3,39	|22,34	|16,92	|13,81	|20,84	|17,14	|12,05	|16,47	|16,92	|16,35	|10,35	|0	|16,59	|14,12	|10,98	|16,53	|16	|20,79	|19,05	|21,73	|19,48	|14,74	|0	|17,99	|14,96	|16,87	|16,68	|22,02	|13,97	|16,4	|11,69	|12,11	|16,53	|12,89	|11,28	|16,19	|16,84	|23,17	|17,07	|12,84	|20,27	|16,65	|11,58	|16,05	|16,7	|18,49	|16,77	|18,33	|16,19	|100	|17,89	|18,01	|16,02	|16,95	|16,74	|19,09	|19,12	|
________________________________________________________
66	|3,46	|4,56	|1,91	|3,16	|2,62	|2,74	|2,1	|2,79	|0	|3,61	|2,86	|3,58	|2,14	|3	|2,87	|1,97	|22,1	|16,17	|13,75	|20,43	|16,55	|12,35	|16,68	|16,79	|16,52	|10,76	|15,08	|17,32	|14,78	|12,98	|16,51	|16,18	|21,26	|19	|21,22	|19,25	|0	|14,82	|18,13	|14,75	|16,97	|16,45	|14,78	|22,03	|16,13	|11,6	|12,52	|16,83	|13,08	|11,61	|16,29	|16,71	|21,91	|16,71	|14,3	|17,97	|16,4	|11,93	|16,56	|16,34	|19,19	|17,17	|18,76	|16,13	|18,29	|100	|18,78	|16,29	|16,88	|17,25	|11,6	|19,56	|
________________________________________________________
67	|3,6	|3,21	|1,35	|2,65	|3,7	|0	|2,28	|3,52	|2,01	|2,85	|2,35	|3,33	|2,63	|3,02	|3,45	|3,51	|22,12	|17,06	|13,38	|19,38	|17,09	|14,81	|16,18	|16,01	|16,56	|10,66	|12,31	|16,67	|14,61	|12,53	|16,28	|16,33	|22,73	|14,88	|18,61	|16,81	|16,61	|16,75	|16,92	|0	|19,33	|18,35	|18,98	|19,45	|16,4	|11,26	|10,89	|16,73	|13,29	|14,2	|16,16	|16,57	|22,06	|16,49	|12,28	|18,45	|17,21	|13,6	|16,91	|15,85	|19,81	|10,53	|17,01	|14,28	|16,5	|16,83	|100	|18,47	|19,51	|19,26	|19,08	|19,78	|
________________________________________________________
68	|3,05	|4,7	|2,15	|2,79	|3,6	|2,34	|12,99	|2,82	|1,83	|2,84	|2,33	|3,27	|2,8	|3,11	|3,28	|3,58	|21,35	|16,51	|12,12	|19,96	|17,23	|0	|16,56	|16,68	|17,03	|10,55	|11,77	|16,92	|14,49	|12,47	|15,99	|16,71	|16,3	|22,78	|18,99	|17,16	|16,32	|16,48	|0	|12,46	|19,52	|18,68	|19,13	|19,17	|16,5	|11,7	|10,9	|16,39	|12,99	|11,68	|16,27	|16,54	|22,67	|16,89	|11,79	|19,12	|16,83	|13,27	|16,82	|16,27	|19,51	|17,84	|16,93	|14,33	|16,55	|16,45	|20,81	|100	|19,16	|19	|19,13	|18,86	|
________________________________________________________
69	|3,95	|3,46	|1,63	|3,02	|2,53	|3,24	|2,1	|17,12	|1,92	|2,57	|1,67	|3,48	|2,86	|0	|3,42	|3,67	|21,92	|16,74	|12,21	|19,89	|17,17	|0	|16,49	|16,46	|17,32	|10,68	|13,72	|17,1	|14,71	|13,9	|16,49	|16,76	|18,95	|16,79	|24,53	|14,56	|16,34	|16,81	|20,63	|17,05	|14,5	|0	|18,67	|19,29	|17,01	|11,54	|9,7	|16,22	|13,34	|11,87	|17,12	|16,19	|22,16	|16,27	|12,12	|18,56	|17,02	|14,24	|16,18	|16,48	|16,94	|15,31	|19,12	|9,61	|16,65	|16,22	|20,91	|18,23	|100	|19,35	|18,72	|19,32	|
________________________________________________________
70	|2,91	|3,8	|2,03	|3,11	|0	|3,35	|2,61	|3,19	|1,96	|3,77	|2,89	|3,08	|2,67	|2,38	|17,64	|3,05	|21,77	|16,81	|12,09	|20,4	|17,06	|14,63	|16,15	|16,91	|16,65	|10,8	|11,88	|16,49	|14,39	|0	|16,38	|16,82	|18,36	|17,04	|16,95	|21,98	|16,58	|16,51	|19,93	|16,98	|0	|13,79	|18,84	|19,03	|16,83	|11,53	|12,28	|16,6	|13,04	|14,51	|15,72	|16,44	|22,24	|16,88	|11,74	|18,57	|17,64	|12,3	|16,31	|16,85	|16,62	|14,82	|19,29	|16,76	|16,63	|16,76	|20,87	|18,28	|19,56	|100	|19,49	|19,49	|
________________________________________________________
71	|3,04	|3,52	|1,85	|2,7	|3,21	|3,04	|2,38	|3,09	|2,46	|3,09	|2,27	|3,79	|1,94	|3,28	|3,17	|17,88	|22,11	|17,1	|12,47	|20,33	|16,76	|13,43	|16,83	|16,38	|17,03	|10,85	|11,64	|16,74	|14,25	|0	|16,29	|16,87	|18,81	|16,64	|18,93	|17,18	|21,91	|14,5	|20,38	|16,97	|19,12	|18,9	|14,37	|0	|16,56	|11,62	|11,21	|16,33	|12,84	|13,46	|16,21	|16,54	|22,88	|17,1	|10,9	|19	|16,71	|12,23	|17,88	|16,37	|16,75	|15,43	|17,15	|14,82	|19,31	|11,47	|21,05	|18,74	|19,28	|19,84	|100	|19,71	|
________________________________________________________
72	|3,22	|3,5	|1,72	|2,71	|3,25	|3,08	|2,26	|3,26	|1,66	|3	|2,44	|3,75	|0	|3,12	|3,68	|3,47	|21,85	|16,85	|12,36	|19,9	|16,83	|13,46	|16,74	|16,53	|16,25	|10,7	|12,36	|17,23	|15,22	|13,45	|16,61	|16,14	|18,62	|16,92	|19	|16,83	|13,82	|21,74	|20,39	|16,82	|19,87	|18,21	|0	|14,47	|16,71	|11,42	|10,94	|16,78	|13,27	|13,2	|16,23	|16,47	|22,46	|16,39	|13,04	|18,02	|16,61	|14,91	|16,18	|15,67	|16,65	|14,81	|16,57	|14,13	|19,05	|19,07	|21,5	|18,19	|19,59	|19,54	|19,41	|100	|
________________________________________________________
