0	|1	|2	|3	|4	|5	|6	|7	|8	|9	|10	|11	|12	|13	|14	|15	|16	|17	|18	|19	|20	|21	|22	|23	|24	|25	|26	|27	|28	|29	|30	|31	|32	|33	|34	|35	|36	|37	|38	|39	|40	|41	|42	|43	|44	|45	|46	|47	|48	|49	|50	|51	|52	|53	|54	|55	|56	|57	|58	|59	|60	|61	|62	|63	|64	|65	|66	|67	|68	|69	|70	|71	|72	|
1	|3214	|115	|50	|100	|136	|87	|76	|129	|87	|91	|0	|104	|88	|62	|87	|101	|759	|3214	|345	|671	|684	|435	|616	|616	|642	|472	|443	|554	|521	|390	|553	|535	|740	|513	|3214	|559	|582	|626	|622	|440	|609	|367	|556	|501	|0	|292	|0	|698	|477	|388	|595	|597	|595	|626	|471	|565	|552	|394	|538	|554	|657	|582	|502	|0	|593	|565	|656	|493	|673	|489	|503	|541	|
________________________________________________________
2	|115	|3648	|74	|118	|124	|129	|0	|121	|67	|148	|110	|153	|78	|93	|93	|128	|904	|641	|428	|3648	|694	|531	|655	|684	|657	|329	|533	|713	|421	|403	|636	|627	|690	|3648	|714	|784	|697	|668	|740	|629	|625	|605	|581	|631	|725	|473	|0	|530	|0	|496	|633	|649	|876	|608	|478	|796	|518	|457	|655	|629	|0	|494	|750	|648	|677	|745	|585	|761	|589	|639	|582	|587	|
________________________________________________________
3	|50	|74	|1738	|48	|49	|82	|66	|59	|45	|66	|54	|55	|45	|45	|72	|70	|0	|228	|0	|479	|332	|256	|355	|320	|257	|249	|232	|298	|263	|223	|266	|287	|0	|264	|416	|346	|299	|320	|236	|358	|296	|321	|287	|314	|333	|1738	|207	|287	|275	|223	|331	|341	|333	|336	|242	|321	|318	|222	|298	|301	|320	|1738	|295	|318	|316	|313	|246	|348	|277	|341	|305	|289	|
________________________________________________________
4	|100	|118	|48	|2709	|0	|81	|76	|114	|64	|0	|56	|114	|55	|54	|105	|142	|736	|547	|0	|461	|0	|380	|521	|493	|455	|287	|399	|566	|358	|314	|429	|447	|575	|565	|466	|0	|518	|508	|505	|382	|595	|385	|431	|452	|571	|307	|293	|2709	|449	|380	|499	|513	|624	|415	|425	|576	|562	|490	|484	|458	|542	|453	|2709	|415	|474	|517	|483	|451	|514	|523	|446	|454	|
________________________________________________________
5	|136	|124	|49	|0	|2907	|57	|58	|87	|70	|97	|52	|106	|96	|89	|0	|92	|714	|568	|423	|662	|2907	|316	|461	|586	|504	|300	|490	|551	|471	|385	|495	|488	|518	|481	|624	|551	|447	|498	|608	|460	|2907	|518	|546	|564	|533	|355	|425	|0	|283	|0	|587	|563	|654	|478	|388	|529	|625	|419	|500	|505	|468	|418	|626	|364	|499	|428	|675	|583	|430	|0	|531	|546	|
________________________________________________________
6	|87	|129	|82	|81	|57	|2735	|57	|68	|50	|110	|67	|111	|54	|93	|108	|115	|693	|518	|345	|629	|484	|337	|2735	|546	|458	|301	|329	|471	|342	|346	|478	|350	|300	|514	|485	|549	|463	|485	|514	|2735	|440	|560	|518	|509	|522	|328	|370	|552	|425	|0	|338	|0	|626	|470	|334	|543	|467	|364	|593	|354	|358	|597	|426	|457	|431	|448	|0	|379	|552	|563	|502	|516	|
________________________________________________________
7	|76	|0	|66	|76	|58	|57	|2102	|54	|38	|50	|52	|56	|67	|57	|95	|66	|507	|401	|278	|0	|230	|0	|444	|433	|380	|219	|302	|277	|410	|261	|330	|413	|331	|478	|405	|359	|312	|323	|0	|246	|418	|400	|383	|397	|383	|307	|269	|421	|2102	|252	|343	|434	|494	|359	|246	|325	|432	|265	|322	|368	|419	|340	|387	|301	|353	|343	|416	|2102	|358	|439	|394	|379	|
________________________________________________________
8	|129	|121	|59	|114	|87	|68	|54	|2914	|65	|71	|43	|85	|92	|0	|96	|129	|700	|560	|398	|682	|639	|0	|391	|0	|523	|314	|381	|498	|444	|410	|645	|407	|683	|468	|733	|400	|477	|508	|607	|473	|411	|0	|577	|556	|545	|398	|330	|552	|418	|334	|2914	|574	|637	|439	|354	|561	|501	|413	|540	|553	|553	|380	|578	|290	|491	|457	|642	|456	|2914	|536	|510	|547	|
________________________________________________________
9	|87	|67	|45	|64	|70	|50	|38	|65	|1871	|42	|37	|72	|59	|55	|69	|89	|299	|419	|229	|339	|320	|277	|310	|310	|411	|1871	|206	|297	|322	|239	|371	|394	|352	|364	|398	|320	|1871	|335	|321	|290	|367	|285	|330	|222	|224	|303	|228	|323	|256	|218	|289	|331	|0	|201	|0	|458	|394	|236	|369	|356	|327	|308	|401	|308	|251	|0	|366	|296	|326	|330	|407	|279	|
________________________________________________________
10	|91	|148	|66	|0	|97	|110	|50	|71	|42	|2839	|68	|111	|78	|112	|0	|104	|594	|483	|448	|660	|596	|471	|462	|436	|525	|276	|331	|2839	|492	|397	|545	|560	|586	|547	|612	|2839	|443	|571	|520	|414	|512	|562	|483	|488	|472	|318	|369	|590	|292	|362	|436	|470	|751	|607	|0	|451	|0	|438	|515	|551	|520	|486	|0	|335	|583	|590	|520	|459	|438	|635	|510	|504	|
________________________________________________________
11	|0	|110	|54	|56	|52	|67	|52	|43	|37	|68	|2313	|73	|89	|100	|94	|77	|427	|463	|384	|456	|393	|315	|371	|394	|0	|171	|0	|446	|373	|292	|447	|458	|473	|431	|0	|333	|467	|471	|385	|329	|315	|513	|405	|422	|399	|333	|337	|361	|295	|257	|370	|424	|613	|2313	|268	|476	|484	|312	|438	|432	|440	|368	|414	|2313	|399	|468	|428	|377	|284	|486	|375	|409	|
________________________________________________________
12	|104	|153	|55	|114	|106	|111	|56	|85	|72	|111	|73	|3389	|0	|109	|113	|147	|819	|532	|489	|834	|518	|458	|579	|598	|649	|452	|0	|476	|0	|477	|642	|636	|686	|589	|730	|727	|485	|0	|614	|565	|597	|531	|720	|485	|617	|320	|441	|697	|326	|355	|496	|561	|930	|563	|452	|3389	|696	|478	|626	|666	|649	|581	|673	|510	|3389	|586	|608	|529	|593	|518	|627	|629	|
________________________________________________________
13	|88	|78	|45	|55	|96	|54	|67	|92	|59	|78	|89	|0	|2391	|61	|67	|66	|488	|375	|301	|385	|487	|293	|337	|396	|451	|288	|355	|465	|2391	|291	|396	|531	|458	|413	|505	|411	|475	|411	|493	|372	|505	|421	|2391	|509	|388	|254	|298	|340	|410	|337	|382	|445	|568	|451	|304	|0	|285	|0	|452	|486	|395	|335	|426	|333	|524	|350	|480	|454	|486	|449	|320	|0	|
________________________________________________________
14	|62	|93	|45	|54	|89	|93	|57	|0	|55	|112	|100	|109	|61	|2636	|94	|83	|589	|427	|326	|519	|468	|367	|502	|518	|495	|323	|298	|535	|351	|291	|2636	|546	|455	|401	|364	|540	|400	|499	|528	|438	|469	|2636	|488	|579	|385	|291	|365	|407	|324	|369	|544	|366	|669	|521	|377	|587	|525	|0	|345	|0	|433	|381	|396	|551	|437	|491	|550	|504	|0	|400	|542	|523	|
________________________________________________________
15	|87	|93	|72	|105	|0	|108	|95	|96	|69	|0	|94	|113	|67	|94	|2969	|79	|674	|498	|364	|551	|645	|433	|470	|501	|561	|366	|417	|0	|289	|0	|581	|632	|518	|490	|500	|642	|498	|473	|586	|519	|0	|441	|612	|635	|513	|355	|509	|576	|455	|407	|479	|476	|713	|524	|424	|663	|2969	|369	|463	|606	|458	|417	|581	|471	|499	|470	|630	|531	|582	|2969	|524	|617	|
________________________________________________________
16	|101	|128	|70	|142	|92	|115	|66	|129	|89	|104	|77	|147	|66	|83	|79	|2955	|635	|508	|335	|668	|485	|382	|624	|410	|584	|394	|382	|581	|526	|0	|361	|0	|532	|506	|619	|476	|655	|438	|596	|495	|595	|587	|430	|0	|500	|357	|342	|524	|340	|385	|605	|341	|751	|595	|351	|685	|516	|376	|2955	|631	|511	|477	|579	|382	|567	|322	|641	|580	|625	|513	|2955	|583	|
________________________________________________________
17	|759	|904	|0	|736	|714	|693	|507	|700	|299	|594	|427	|819	|488	|589	|674	|635	|21993	|4092	|3105	|5020	|4281	|3027	|4191	|4092	|4083	|1864	|2553	|3690	|3116	|2418	|3718	|3696	|4022	|3663	|4113	|3642	|3655	|3625	|3872	|3302	|3822	|3579	|3608	|3735	|3317	|0	|2963	|4184	|3285	|2772	|4036	|4146	|5415	|3192	|2849	|4145	|3791	|2626	|3693	|3655	|3634	|3301	|3625	|3151	|3734	|3613	|4034	|3456	|3730	|3663	|3653	|3666	|
________________________________________________________
18	|3214	|641	|228	|547	|568	|518	|401	|560	|419	|483	|463	|532	|375	|427	|498	|508	|4092	|16769	|2034	|3908	|3314	|2340	|3162	|3160	|3328	|2443	|1953	|2840	|2512	|1937	|2683	|2833	|3074	|2776	|3214	|2793	|2672	|2811	|2975	|2520	|2869	|2662	|2745	|2758	|0	|1458	|0	|3270	|2432	|2162	|3130	|3205	|3162	|3389	|2027	|3159	|2873	|2022	|2750	|2862	|2827	|2558	|2801	|2312	|2829	|2644	|3111	|2672	|2849	|2829	|2826	|2827	|
________________________________________________________
19	|345	|428	|0	|0	|423	|345	|278	|398	|229	|448	|384	|489	|301	|326	|364	|335	|3105	|2034	|12254	|2506	|2599	|1797	|2227	|2260	|2199	|1158	|1755	|2048	|1766	|1359	|2049	|2057	|2777	|2031	|2328	|2565	|2251	|2281	|2381	|1547	|2012	|1943	|2039	|2008	|2407	|0	|1235	|0	|1897	|1619	|2232	|2332	|2956	|2081	|1660	|2299	|2016	|1525	|2002	|2015	|2514	|0	|0	|2153	|2309	|2248	|2440	|1962	|2077	|2035	|2061	|2074	|
________________________________________________________
20	|671	|3648	|479	|461	|662	|629	|0	|682	|339	|660	|456	|834	|385	|519	|551	|668	|5020	|3908	|2506	|20135	|4039	|2813	|3749	|3744	|3357	|2175	|2212	|3802	|2336	|2280	|3330	|3470	|3576	|3648	|3877	|3506	|3333	|3329	|3538	|3006	|3441	|3343	|3309	|3348	|3850	|2767	|0	|2871	|0	|2770	|3724	|3781	|4560	|3291	|2442	|4463	|3031	|2564	|3391	|3400	|3234	|3043	|3338	|2908	|3484	|3340	|3534	|3230	|3385	|3433	|3359	|3339	|
________________________________________________________
21	|684	|694	|332	|0	|2907	|484	|230	|639	|320	|596	|393	|518	|487	|468	|645	|485	|4281	|3314	|2599	|4039	|17126	|2026	|3253	|3221	|2943	|1789	|2221	|3339	|2937	|1908	|2897	|2876	|3144	|2713	|3335	|2982	|2774	|2843	|2997	|2519	|2907	|2833	|2922	|2832	|3232	|2165	|2330	|0	|1645	|0	|3303	|3242	|3804	|2827	|2077	|2805	|3532	|1984	|2892	|2845	|2872	|2462	|2850	|2470	|2865	|2706	|3116	|2789	|2921	|2871	|2770	|2823	|
________________________________________________________
22	|435	|531	|256	|380	|316	|337	|0	|0	|277	|471	|315	|458	|293	|367	|433	|382	|3027	|2340	|1797	|2813	|2026	|12124	|2078	|2372	|2025	|1334	|1407	|2169	|1544	|1663	|1994	|2022	|2188	|1994	|2126	|2250	|2042	|1950	|2623	|1805	|2064	|2348	|2199	|2178	|2224	|1554	|1552	|2404	|0	|1243	|0	|2543	|2651	|2027	|1444	|2524	|2094	|1679	|1977	|2045	|2017	|1895	|1992	|1964	|2014	|2019	|2701	|0	|0	|2462	|2219	|2259	|
________________________________________________________
23	|616	|655	|355	|521	|461	|2735	|444	|391	|310	|462	|371	|579	|337	|502	|470	|624	|4191	|3162	|2227	|3749	|3253	|2078	|16600	|3280	|2761	|1778	|2037	|2731	|2447	|1707	|3150	|2058	|2960	|2759	|3223	|2809	|2772	|2690	|2844	|2735	|2849	|2767	|2867	|2886	|3089	|2140	|2061	|3220	|2506	|0	|2186	|0	|3737	|2767	|2034	|3072	|2821	|2066	|3547	|2332	|2722	|2613	|2754	|2344	|2753	|2728	|2950	|2680	|2806	|2718	|2781	|2808	|
________________________________________________________
24	|616	|684	|320	|493	|586	|546	|433	|0	|310	|436	|394	|598	|396	|518	|501	|410	|4092	|3160	|2260	|3744	|3221	|2372	|3280	|16530	|2787	|1795	|1892	|2791	|2359	|2078	|3047	|3076	|3078	|2725	|3236	|2769	|2670	|2715	|2786	|2452	|2771	|2670	|2654	|2647	|3135	|2209	|2004	|3124	|2495	|2346	|0	|1423	|3734	|2712	|2005	|3069	|2731	|2030	|2313	|3528	|2797	|2569	|2734	|2357	|2828	|2745	|2919	|2700	|2801	|2846	|2707	|2774	|
________________________________________________________
25	|642	|657	|257	|455	|504	|458	|380	|523	|411	|525	|0	|649	|451	|495	|561	|584	|4083	|3328	|2199	|3357	|2943	|2025	|2761	|2787	|16664	|2470	|2380	|3092	|2789	|2092	|3099	|3175	|2968	|2725	|3188	|2718	|2716	|2709	|2887	|2455	|2791	|2712	|2763	|2799	|3316	|1511	|1854	|2693	|2230	|1999	|2785	|2690	|3168	|0	|2378	|3634	|3197	|2308	|3126	|3194	|2834	|2527	|2852	|2375	|2733	|2701	|3021	|2757	|2947	|2802	|2814	|2726	|
________________________________________________________
26	|472	|329	|249	|287	|300	|301	|219	|314	|1871	|276	|171	|452	|288	|323	|366	|394	|1864	|2443	|1158	|2175	|1789	|1334	|1778	|1795	|2470	|10702	|1203	|2002	|1737	|1367	|2065	|2043	|1933	|1791	|2053	|1829	|1871	|1783	|1918	|1624	|1834	|1725	|1781	|1773	|1177	|1763	|1147	|1801	|1346	|1227	|1724	|1779	|0	|1135	|0	|2415	|2052	|1472	|2111	|2015	|1798	|1564	|1800	|1522	|1730	|1760	|1944	|1708	|1817	|1817	|1793	|1795	|
________________________________________________________
27	|443	|533	|232	|399	|490	|329	|302	|381	|206	|331	|0	|0	|355	|298	|417	|382	|2553	|1953	|1755	|2212	|2221	|1407	|2037	|1892	|2380	|1203	|11846	|2001	|2162	|1582	|2106	|2140	|2463	|2246	|2696	|1982	|2005	|2518	|2116	|1758	|2206	|1669	|2009	|1981	|1990	|1377	|1508	|1988	|1749	|1337	|1967	|1948	|3318	|0	|1217	|0	|2361	|1647	|2134	|2151	|2276	|1977	|2469	|0	|0	|2465	|2246	|1905	|2335	|1999	|1924	|2073	|
________________________________________________________
28	|554	|713	|298	|566	|551	|471	|277	|498	|297	|2839	|446	|476	|465	|535	|0	|581	|3690	|2840	|2048	|3802	|3339	|2169	|2731	|2791	|3092	|2002	|2001	|16749	|3004	|2355	|3171	|3211	|3099	|2870	|3299	|2839	|2707	|2702	|2975	|2482	|2824	|2697	|2785	|2866	|2864	|1978	|1867	|3401	|1785	|1985	|2707	|2821	|4256	|3224	|0	|2521	|0	|2411	|3120	|3175	|2735	|2512	|2809	|2356	|2773	|2832	|3041	|2739	|2910	|2775	|2767	|2891	|
________________________________________________________
29	|521	|421	|263	|358	|471	|342	|410	|444	|322	|492	|373	|0	|2391	|351	|289	|526	|3116	|2512	|1766	|2336	|2937	|1544	|2447	|2359	|2789	|1737	|2162	|3004	|14608	|1687	|2724	|2803	|2658	|2392	|2889	|2423	|2325	|2331	|2645	|2078	|2539	|2314	|2391	|2537	|2418	|1616	|1755	|1961	|2518	|1696	|2419	|2446	|3608	|2738	|2090	|0	|1673	|0	|2828	|2754	|2440	|2134	|2613	|1924	|2361	|2417	|2665	|2345	|2504	|2421	|2355	|2554	|
________________________________________________________
30	|390	|403	|223	|314	|385	|346	|261	|410	|239	|397	|292	|477	|291	|291	|0	|0	|2418	|1937	|1359	|2280	|1908	|1663	|1707	|2078	|2092	|1367	|1582	|2355	|1687	|11286	|1973	|2294	|2064	|1858	|2206	|1863	|1639	|2089	|2233	|1859	|2316	|1786	|1880	|2278	|1873	|1292	|1276	|1912	|1518	|1530	|1843	|2094	|2890	|2148	|1563	|2552	|0	|1198	|0	|2280	|1884	|1689	|1889	|1593	|1836	|2122	|2286	|2019	|2365	|0	|0	|2256	|
________________________________________________________
31	|553	|636	|266	|429	|495	|478	|330	|645	|371	|545	|447	|642	|396	|2636	|581	|361	|3718	|2683	|2049	|3330	|2897	|1994	|3150	|3047	|3099	|2065	|2106	|3171	|2724	|1973	|16473	|3402	|3014	|2786	|3189	|2758	|2760	|2693	|2930	|2435	|2713	|2636	|2816	|2835	|2691	|1809	|1885	|2689	|2125	|1874	|3495	|2376	|4197	|3140	|2253	|3480	|3169	|0	|2012	|0	|2737	|2469	|2774	|2356	|2764	|2699	|2970	|2588	|2806	|2756	|2692	|2786	|
________________________________________________________
32	|535	|627	|287	|447	|488	|350	|413	|407	|394	|560	|458	|636	|531	|546	|632	|0	|3696	|2833	|2057	|3470	|2876	|2022	|2058	|3076	|3175	|2043	|2140	|3211	|2803	|2294	|3402	|16766	|3085	|2811	|3249	|2808	|2800	|2846	|2838	|2499	|2771	|2737	|2822	|2685	|2792	|1902	|1813	|2791	|2200	|2110	|2328	|3631	|4359	|3193	|2360	|3586	|3312	|2350	|0	|1464	|2786	|2517	|2786	|2423	|2674	|2646	|2979	|2704	|2852	|2831	|2788	|2708	|
________________________________________________________
33	|740	|690	|0	|575	|518	|300	|331	|683	|352	|586	|473	|686	|458	|455	|518	|532	|4022	|3074	|2777	|3576	|3144	|2188	|2960	|3078	|2968	|1933	|2463	|3099	|2658	|2064	|3014	|3085	|18329	|3374	|4077	|3430	|3413	|3363	|3687	|1850	|3131	|2912	|3122	|3067	|3046	|2111	|2508	|2957	|2279	|2416	|2996	|3121	|4166	|3079	|2438	|3452	|3005	|2171	|3001	|3100	|2754	|0	|3478	|2897	|3476	|3476	|4146	|2638	|3225	|3089	|3109	|3124	|
________________________________________________________
34	|513	|3648	|264	|565	|481	|514	|478	|468	|364	|547	|431	|589	|413	|401	|490	|506	|3663	|2776	|2031	|3648	|2713	|1994	|2759	|2725	|2725	|1791	|2246	|2870	|2392	|1858	|2786	|2811	|3374	|16844	|3683	|3173	|3181	|3115	|3466	|2876	|2946	|2754	|2814	|2864	|2831	|1936	|0	|2866	|2138	|1926	|2667	|2752	|3851	|2835	|2198	|3155	|2787	|2065	|2819	|2759	|0	|2264	|3370	|2719	|3184	|3106	|2714	|3687	|2858	|2868	|2750	|2838	|
________________________________________________________
35	|3214	|714	|416	|466	|624	|485	|405	|733	|398	|612	|0	|730	|505	|364	|500	|619	|4113	|3214	|2328	|3877	|3335	|2126	|3223	|3236	|3188	|2053	|2696	|3299	|2889	|2206	|3189	|3249	|4077	|3683	|19197	|3532	|3557	|3563	|3442	|2935	|3565	|2309	|3258	|3211	|3132	|2237	|0	|3203	|2446	|2158	|3231	|3186	|4261	|3119	|2782	|3394	|3245	|2527	|3150	|3241	|3606	|3312	|2935	|0	|3633	|3470	|3395	|3074	|4175	|2853	|3128	|3187	|
________________________________________________________
36	|559	|784	|346	|0	|551	|549	|359	|400	|320	|2839	|333	|727	|411	|540	|642	|476	|3642	|2793	|2565	|3506	|2982	|2250	|2809	|2769	|2718	|1829	|1982	|2839	|2423	|1863	|2758	|2808	|3430	|3173	|3532	|16865	|3266	|3238	|2970	|2523	|3221	|3191	|2854	|2860	|2777	|1916	|2250	|2827	|2138	|2005	|2692	|2814	|3774	|2796	|0	|3247	|2865	|2029	|2784	|2812	|3117	|2817	|0	|2037	|3257	|3147	|3066	|2778	|2477	|3699	|2839	|2823	|
________________________________________________________
37	|582	|697	|299	|518	|447	|463	|312	|477	|1871	|443	|467	|485	|475	|400	|498	|655	|3655	|2672	|2251	|3333	|2774	|2042	|2772	|2670	|2716	|1871	|2005	|2707	|2325	|1639	|2760	|2800	|3413	|3181	|3557	|3266	|16524	|3001	|2898	|2494	|2793	|2750	|3108	|1947	|2778	|1849	|2033	|2729	|2047	|1957	|2678	|2821	|3678	|2741	|0	|3023	|2793	|1969	|2792	|2863	|3104	|2748	|3064	|2735	|2464	|0	|3030	|2641	|2781	|2790	|3621	|2318	|
________________________________________________________
38	|626	|668	|320	|508	|498	|485	|323	|508	|335	|571	|471	|0	|411	|499	|473	|438	|3625	|2811	|2281	|3329	|2843	|1950	|2690	|2715	|2709	|1783	|2518	|2702	|2331	|2089	|2693	|2846	|3363	|3115	|3563	|3238	|3001	|16565	|2972	|2504	|2783	|2687	|3121	|3189	|2666	|1929	|2048	|2817	|2112	|1924	|2771	|2755	|3708	|2739	|2337	|2941	|2712	|2040	|2701	|2702	|3145	|2814	|3061	|2691	|0	|2424	|3055	|2668	|2860	|2778	|2396	|3648	|
________________________________________________________
39	|622	|740	|236	|505	|608	|514	|0	|607	|321	|520	|385	|614	|493	|528	|586	|596	|3872	|2975	|2381	|3538	|2997	|2623	|2844	|2786	|2887	|1918	|2116	|2975	|2645	|2233	|2930	|2838	|3687	|3466	|3442	|2970	|2898	|2972	|17740	|2836	|3383	|3302	|3374	|3342	|2902	|2061	|1914	|3018	|2372	|2545	|2852	|2912	|3993	|2951	|2143	|3305	|2966	|2344	|2990	|2938	|3845	|2264	|2987	|2492	|3007	|2965	|3086	|0	|3510	|3354	|3367	|3421	|
________________________________________________________
40	|440	|629	|358	|382	|460	|2735	|246	|473	|290	|414	|329	|565	|372	|438	|519	|495	|3302	|2520	|1547	|3006	|2519	|1805	|2735	|2452	|2455	|1624	|1758	|2482	|2078	|1859	|2435	|2499	|1850	|2876	|2935	|2523	|2494	|2504	|2836	|14812	|2810	|2700	|2829	|2802	|2458	|1641	|1658	|2441	|1929	|0	|2389	|2314	|3392	|2457	|1816	|2867	|2519	|2000	|2522	|2384	|1942	|3098	|2411	|2147	|2501	|2412	|0	|2016	|2902	|2858	|2805	|2822	|
________________________________________________________
41	|609	|625	|296	|595	|2907	|440	|418	|411	|367	|512	|315	|597	|505	|469	|0	|595	|3822	|2869	|2012	|3441	|2907	|2064	|2849	|2771	|2791	|1834	|2206	|2824	|2539	|2316	|2713	|2771	|3131	|2946	|3565	|3221	|2793	|2783	|3383	|2810	|16907	|3086	|3209	|3236	|2725	|1915	|1873	|2884	|2190	|0	|2662	|2783	|3872	|2806	|2062	|3213	|2881	|2506	|2857	|2834	|2835	|2519	|3677	|2095	|2820	|2774	|3525	|3159	|2467	|0	|3160	|3333	|
________________________________________________________
42	|367	|605	|321	|385	|518	|560	|400	|0	|285	|562	|513	|531	|421	|2636	|441	|587	|3579	|2662	|1943	|3343	|2833	|2348	|2767	|2670	|2712	|1725	|1669	|2697	|2314	|1786	|2636	|2737	|2912	|2754	|2309	|3191	|2750	|2687	|3302	|2700	|3086	|16299	|3152	|3156	|2609	|1873	|2007	|2657	|2136	|2268	|2577	|2688	|3675	|2736	|1941	|3045	|2729	|0	|2752	|2651	|2733	|2460	|2398	|3174	|2789	|2690	|3346	|3023	|0	|2321	|3124	|3056	|
________________________________________________________
43	|556	|581	|287	|431	|546	|518	|383	|577	|330	|483	|405	|720	|2391	|488	|612	|430	|3608	|2745	|2039	|3309	|2922	|2199	|2867	|2654	|2763	|1781	|2009	|2785	|2391	|1880	|2816	|2822	|3122	|2814	|3258	|2854	|3108	|3121	|3374	|2829	|3209	|3152	|16750	|3240	|2834	|1901	|1930	|2764	|2194	|2212	|2719	|2738	|3746	|2804	|2013	|3137	|2856	|0	|2689	|2786	|2730	|2565	|2860	|2416	|3681	|2416	|3462	|3096	|3177	|3170	|2374	|0	|
________________________________________________________
44	|501	|631	|314	|452	|564	|509	|397	|556	|222	|488	|422	|485	|509	|579	|635	|0	|3735	|2758	|2008	|3348	|2832	|2178	|2886	|2647	|2799	|1773	|1981	|2866	|2537	|2278	|2835	|2685	|3067	|2864	|3211	|2860	|1947	|3189	|3342	|2802	|3236	|3156	|3240	|16762	|2788	|1943	|1817	|2759	|2229	|2226	|2723	|2809	|3741	|2688	|2166	|3175	|2796	|2438	|2726	|2694	|2831	|2567	|2771	|2348	|2335	|3602	|3548	|3103	|3282	|3203	|0	|2427	|
________________________________________________________
45	|0	|725	|333	|571	|533	|522	|383	|545	|224	|472	|399	|617	|388	|385	|513	|500	|3317	|0	|2407	|3850	|3232	|2224	|3089	|3135	|3316	|1177	|1990	|2864	|2418	|1873	|2691	|2792	|3046	|2831	|3132	|2777	|2778	|2666	|2902	|2458	|2725	|2609	|2834	|2788	|16558	|2310	|2204	|3131	|2421	|2262	|3049	|3181	|4302	|3223	|2265	|3157	|2716	|1974	|2757	|2755	|2721	|2440	|2773	|2259	|2742	|2637	|2991	|2670	|2894	|2832	|2736	|2803	|
________________________________________________________
46	|292	|473	|1738	|307	|355	|328	|307	|398	|303	|318	|333	|320	|254	|291	|355	|357	|0	|1458	|0	|2767	|2165	|1554	|2140	|2209	|1511	|1763	|1377	|1978	|1616	|1292	|1809	|1902	|2111	|1936	|2237	|1916	|1849	|1929	|2061	|1641	|1915	|1873	|1901	|1943	|2310	|11377	|1224	|2143	|1640	|1521	|2158	|2218	|2097	|2241	|1204	|2217	|1903	|1328	|1925	|1925	|1888	|1738	|1850	|1592	|1954	|1897	|2054	|1894	|1963	|1940	|1921	|1916	|
________________________________________________________
47	|0	|0	|207	|293	|425	|370	|269	|330	|228	|369	|337	|441	|298	|365	|509	|342	|2963	|0	|1235	|0	|2330	|1552	|2061	|2004	|1854	|1147	|1508	|1867	|1755	|1276	|1885	|1813	|2508	|0	|0	|2250	|2033	|2048	|1914	|1658	|1873	|2007	|1930	|1817	|2204	|1224	|11035	|1816	|1822	|1533	|1981	|2015	|2434	|1859	|1577	|1873	|2068	|1333	|1896	|1793	|2229	|1654	|1827	|2019	|2025	|2047	|1987	|1764	|1650	|2067	|1853	|1835	|
________________________________________________________
48	|698	|530	|287	|2709	|0	|552	|421	|552	|323	|590	|361	|697	|340	|407	|576	|524	|4184	|3270	|0	|2871	|0	|2404	|3220	|3124	|2693	|1801	|1988	|3401	|1961	|1912	|2689	|2791	|2957	|2866	|3203	|2827	|2729	|2817	|3018	|2441	|2884	|2657	|2764	|2759	|3131	|2143	|1816	|16645	|2711	|2375	|3048	|3119	|3748	|2733	|2059	|3668	|3292	|2205	|2788	|2808	|2705	|2583	|2709	|2326	|2763	|2752	|3052	|2653	|2761	|2794	|2699	|2816	|
________________________________________________________
49	|477	|0	|275	|449	|283	|425	|2102	|418	|256	|292	|295	|326	|410	|324	|455	|340	|3285	|2432	|1897	|0	|1645	|0	|2506	|2495	|2230	|1346	|1749	|1785	|2518	|1518	|2125	|2200	|2279	|2138	|2446	|2138	|2047	|2112	|2372	|1929	|2190	|2136	|2194	|2229	|2421	|1640	|1822	|2711	|13032	|1503	|2467	|2494	|2955	|2147	|1615	|1878	|2549	|1412	|2110	|2139	|2110	|1896	|2178	|1836	|2155	|2139	|2424	|2102	|2270	|2194	|2121	|2226	|
________________________________________________________
50	|388	|496	|223	|380	|0	|0	|252	|334	|218	|362	|257	|355	|337	|369	|407	|385	|2772	|2162	|1619	|2770	|0	|1243	|0	|2346	|1999	|1227	|1337	|1985	|1696	|1530	|1874	|2110	|2416	|1926	|2158	|2005	|1957	|1924	|2545	|0	|0	|2268	|2212	|2226	|2262	|1521	|1533	|2375	|1503	|11609	|1962	|2445	|2534	|1967	|1360	|2176	|1919	|1738	|1765	|2155	|2134	|1525	|1893	|1594	|1885	|1899	|2589	|1890	|2020	|2441	|2224	|2214	|
________________________________________________________
51	|595	|633	|331	|499	|587	|338	|343	|2914	|289	|436	|370	|496	|382	|544	|479	|605	|4036	|3130	|2232	|3724	|3303	|0	|2186	|0	|2785	|1724	|1967	|2707	|2419	|1843	|3495	|2328	|2996	|2667	|3231	|2692	|2678	|2771	|2852	|2389	|2662	|2577	|2719	|2723	|3049	|2158	|1981	|3048	|2467	|1962	|16320	|3243	|3748	|2597	|2019	|3030	|2744	|2006	|3183	|3005	|2688	|2362	|2693	|2271	|2706	|2663	|2947	|2633	|2914	|2646	|2679	|2723	|
________________________________________________________
52	|597	|649	|341	|513	|563	|0	|434	|574	|331	|470	|424	|561	|445	|366	|476	|341	|4146	|3205	|2332	|3781	|3242	|2543	|0	|1423	|2690	|1779	|1948	|2821	|2446	|2094	|2376	|3631	|3121	|2752	|3186	|2814	|2821	|2755	|2912	|2314	|2783	|2688	|2738	|2809	|3181	|2218	|2015	|3119	|2494	|2445	|3243	|16765	|3732	|2783	|2053	|3206	|2839	|2066	|1989	|3110	|2779	|2556	|2827	|2372	|2815	|2732	|3022	|2677	|2755	|2767	|2734	|2764	|
________________________________________________________
53	|595	|876	|333	|624	|654	|626	|494	|637	|0	|751	|613	|930	|568	|669	|713	|751	|5415	|3162	|2956	|4560	|3804	|2651	|3737	|3734	|3168	|0	|3318	|4256	|3608	|2890	|4197	|4359	|4166	|3851	|4261	|3774	|3678	|3708	|3993	|3392	|3872	|3675	|3746	|3741	|4302	|2097	|2434	|3748	|2955	|2534	|3748	|3732	|22519	|4376	|3147	|4936	|4269	|3103	|4221	|4313	|3791	|3461	|3810	|3231	|3874	|3583	|4023	|3669	|3771	|3743	|3781	|3769	|
________________________________________________________
54	|626	|608	|336	|415	|478	|470	|359	|439	|201	|607	|2313	|563	|451	|521	|524	|595	|3192	|3389	|2081	|3291	|2827	|2027	|2767	|2712	|0	|1135	|0	|3224	|2738	|2148	|3140	|3193	|3079	|2835	|3119	|2796	|2741	|2739	|2951	|2457	|2806	|2736	|2804	|2688	|3223	|2241	|1859	|2733	|2147	|1967	|2597	|2783	|4376	|16612	|2059	|3606	|3146	|2297	|3131	|3149	|2760	|2515	|2732	|2313	|2854	|2732	|3007	|2734	|2768	|2840	|2826	|2750	|
________________________________________________________
55	|471	|478	|242	|425	|388	|334	|246	|354	|0	|0	|268	|452	|304	|377	|424	|351	|2849	|2027	|1660	|2442	|2077	|1444	|2034	|2005	|2378	|0	|1217	|0	|2090	|1563	|2253	|2360	|2438	|2198	|2782	|0	|0	|2337	|2143	|1816	|2062	|1941	|2013	|2166	|2265	|1204	|1577	|2059	|1615	|1360	|2019	|2053	|3147	|2059	|12100	|2335	|2523	|1788	|2171	|2246	|2247	|2059	|2446	|1740	|2147	|2338	|2240	|1909	|2062	|1975	|1802	|2188	|
________________________________________________________
56	|565	|796	|321	|576	|529	|543	|325	|561	|458	|451	|476	|3389	|0	|587	|663	|685	|4145	|3159	|2299	|4463	|2805	|2524	|3072	|3069	|3634	|2415	|0	|2521	|0	|2552	|3480	|3586	|3452	|3155	|3394	|3247	|3023	|2941	|3305	|2867	|3213	|3045	|3137	|3175	|3157	|2217	|1873	|3668	|1878	|2176	|3030	|3206	|4936	|3606	|2335	|18785	|3914	|2593	|3558	|3559	|3169	|2874	|2987	|2857	|3389	|2939	|3364	|3095	|3158	|3124	|3140	|3023	|
________________________________________________________
57	|552	|518	|318	|562	|625	|467	|432	|501	|394	|0	|484	|696	|285	|525	|2969	|516	|3791	|2873	|2016	|3031	|3532	|2094	|2821	|2731	|3197	|2052	|2361	|0	|1673	|0	|3169	|3312	|3005	|2787	|3245	|2865	|2793	|2712	|2966	|2519	|2881	|2729	|2856	|2796	|2716	|1903	|2068	|3292	|2549	|1919	|2744	|2839	|4269	|3146	|2523	|3914	|16879	|2146	|3208	|3194	|2742	|2501	|2944	|2392	|2784	|2682	|3138	|2724	|2897	|2969	|2762	|2787	|
________________________________________________________
58	|394	|457	|222	|490	|419	|364	|265	|413	|236	|438	|312	|478	|0	|0	|369	|376	|2626	|2022	|1525	|2564	|1984	|1679	|2066	|2030	|2308	|1472	|1647	|2411	|0	|1198	|0	|2350	|2171	|2065	|2527	|2029	|1969	|2040	|2344	|2000	|2506	|0	|0	|2438	|1974	|1328	|1333	|2205	|1412	|1738	|2006	|2066	|3103	|2297	|1788	|2593	|2146	|12089	|2235	|2473	|2044	|1858	|2178	|1546	|1936	|1951	|2481	|2148	|2424	|2069	|2021	|2502	|
________________________________________________________
59	|538	|655	|298	|484	|500	|593	|322	|540	|369	|515	|438	|626	|452	|345	|463	|2955	|3693	|2750	|2002	|3391	|2892	|1977	|3547	|2313	|3126	|2111	|2134	|3120	|2828	|0	|2012	|0	|3001	|2819	|3150	|2784	|2792	|2701	|2990	|2522	|2857	|2752	|2689	|2726	|2757	|1925	|1896	|2788	|2110	|1765	|3183	|1989	|4221	|3131	|2171	|3558	|3208	|2235	|16593	|3466	|2723	|2520	|2765	|2370	|2683	|2708	|3084	|2723	|2753	|2745	|2955	|2715	|
________________________________________________________
60	|554	|629	|301	|458	|505	|354	|368	|553	|356	|551	|432	|666	|486	|0	|606	|631	|3655	|2862	|2015	|3400	|2845	|2045	|2332	|3528	|3194	|2015	|2151	|3175	|2754	|2280	|0	|1464	|3100	|2759	|3241	|2812	|2863	|2702	|2938	|2384	|2834	|2651	|2786	|2694	|2755	|1925	|1793	|2808	|2139	|2155	|3005	|3110	|4313	|3149	|2246	|3559	|3194	|2473	|3466	|16660	|2804	|2488	|2827	|2295	|2791	|2672	|2890	|2633	|2805	|2835	|2705	|2629	|
________________________________________________________
61	|657	|0	|320	|542	|468	|358	|419	|553	|327	|520	|440	|649	|395	|433	|458	|511	|3634	|2827	|2514	|3234	|2872	|2017	|2722	|2797	|2834	|1798	|2276	|2735	|2440	|1884	|2737	|2786	|2754	|0	|3606	|3117	|3104	|3145	|3845	|1942	|2835	|2733	|2730	|2831	|2721	|1888	|2229	|2705	|2110	|2134	|2688	|2779	|3791	|2760	|2247	|3169	|2742	|2044	|2723	|2804	|16638	|2774	|3122	|2649	|3091	|3137	|3613	|3158	|2882	|2796	|2768	|2793	|
________________________________________________________
62	|582	|494	|1738	|453	|418	|597	|340	|380	|308	|486	|368	|581	|335	|381	|417	|477	|3301	|2558	|0	|3043	|2462	|1895	|2613	|2569	|2527	|1564	|1977	|2512	|2134	|1689	|2469	|2517	|0	|2264	|3312	|2817	|2748	|2814	|2264	|3098	|2519	|2460	|2565	|2567	|2440	|1738	|1654	|2583	|1896	|1525	|2362	|2556	|3461	|2515	|2059	|2874	|2501	|1858	|2520	|2488	|2774	|15029	|2901	|2398	|2804	|2807	|1920	|2888	|2606	|2494	|2549	|2485	|
________________________________________________________
63	|502	|750	|295	|2709	|626	|426	|387	|578	|401	|0	|414	|673	|426	|396	|581	|579	|3625	|2801	|0	|3338	|2850	|1992	|2754	|2734	|2852	|1800	|2469	|2809	|2613	|1889	|2774	|2786	|3478	|3370	|2935	|0	|3064	|3061	|2987	|2411	|3677	|2398	|2860	|2771	|2773	|1850	|1827	|2709	|2178	|1893	|2693	|2827	|3810	|2732	|2446	|2987	|2944	|2178	|2765	|2827	|3122	|2901	|16715	|2650	|3064	|3067	|3102	|2741	|3254	|3246	|2834	|2780	|
________________________________________________________
64	|0	|648	|318	|415	|364	|457	|301	|290	|308	|335	|2313	|510	|333	|551	|471	|382	|3151	|2312	|2153	|2908	|2470	|1964	|2344	|2357	|2375	|1522	|0	|2356	|1924	|1593	|2356	|2423	|2897	|2719	|0	|2037	|2735	|2691	|2492	|2147	|2095	|3174	|2416	|2348	|2259	|1592	|2019	|2326	|1836	|1594	|2271	|2372	|3231	|2313	|1740	|2857	|2392	|1546	|2370	|2295	|2649	|2398	|2650	|14203	|2706	|2637	|2604	|2320	|1636	|2820	|2449	|2370	|
________________________________________________________
65	|593	|677	|316	|474	|499	|431	|353	|491	|251	|583	|399	|3389	|524	|437	|499	|567	|3734	|2829	|2309	|3484	|2865	|2014	|2753	|2828	|2733	|1730	|0	|2773	|2361	|1836	|2764	|2674	|3476	|3184	|3633	|3257	|2464	|0	|3007	|2501	|2820	|2789	|3681	|2335	|2742	|1954	|2025	|2763	|2155	|1885	|2706	|2815	|3874	|2854	|2147	|3389	|2784	|1936	|2683	|2791	|3091	|2804	|3064	|2706	|16717	|2991	|3010	|2678	|2834	|2798	|3191	|3197	|
________________________________________________________
66	|565	|745	|313	|517	|428	|448	|343	|457	|0	|590	|468	|586	|350	|491	|470	|322	|3613	|2644	|2248	|3340	|2706	|2019	|2728	|2745	|2701	|1760	|2465	|2832	|2417	|2122	|2699	|2646	|3476	|3106	|3470	|3147	|0	|2424	|2965	|2412	|2774	|2690	|2416	|3602	|2637	|1897	|2047	|2752	|2139	|1899	|2663	|2732	|3583	|2732	|2338	|2939	|2682	|1951	|2708	|2672	|3137	|2807	|3067	|2637	|2991	|16351	|3070	|2663	|2760	|2821	|1896	|3199	|
________________________________________________________
67	|656	|585	|246	|483	|675	|0	|416	|642	|366	|520	|428	|608	|480	|550	|630	|641	|4034	|3111	|2440	|3534	|3116	|2701	|2950	|2919	|3021	|1944	|2246	|3041	|2665	|2286	|2970	|2979	|4146	|2714	|3395	|3066	|3030	|3055	|3086	|0	|3525	|3346	|3462	|3548	|2991	|2054	|1987	|3052	|2424	|2589	|2947	|3022	|4023	|3007	|2240	|3364	|3138	|2481	|3084	|2890	|3613	|1920	|3102	|2604	|3010	|3070	|18238	|3369	|3558	|3512	|3479	|3608	|
________________________________________________________
68	|493	|761	|348	|451	|583	|379	|2102	|456	|296	|459	|377	|529	|454	|504	|531	|580	|3456	|2672	|1962	|3230	|2789	|0	|2680	|2700	|2757	|1708	|1905	|2739	|2345	|2019	|2588	|2704	|2638	|3687	|3074	|2778	|2641	|2668	|0	|2016	|3159	|3023	|3096	|3103	|2670	|1894	|1764	|2653	|2102	|1890	|2633	|2677	|3669	|2734	|1909	|3095	|2724	|2148	|2723	|2633	|3158	|2888	|2741	|2320	|2678	|2663	|3369	|16186	|3102	|3076	|3097	|3052	|
________________________________________________________
69	|673	|589	|277	|514	|430	|552	|358	|2914	|326	|438	|284	|593	|486	|0	|582	|625	|3730	|2849	|2077	|3385	|2921	|0	|2806	|2801	|2947	|1817	|2335	|2910	|2504	|2365	|2806	|2852	|3225	|2858	|4175	|2477	|2781	|2860	|3510	|2902	|2467	|0	|3177	|3282	|2894	|1963	|1650	|2761	|2270	|2020	|2914	|2755	|3771	|2768	|2062	|3158	|2897	|2424	|2753	|2805	|2882	|2606	|3254	|1636	|2834	|2760	|3558	|3102	|17017	|3292	|3186	|3287	|
________________________________________________________
70	|489	|639	|341	|523	|0	|563	|439	|536	|330	|635	|486	|518	|449	|400	|2969	|513	|3663	|2829	|2035	|3433	|2871	|2462	|2718	|2846	|2802	|1817	|1999	|2775	|2421	|0	|2756	|2831	|3089	|2868	|2853	|3699	|2790	|2778	|3354	|2858	|0	|2321	|3170	|3203	|2832	|1940	|2067	|2794	|2194	|2441	|2646	|2767	|3743	|2840	|1975	|3124	|2969	|2069	|2745	|2835	|2796	|2494	|3246	|2820	|2798	|2821	|3512	|3076	|3292	|16827	|3279	|3279	|
________________________________________________________
71	|503	|582	|305	|446	|531	|502	|394	|510	|407	|510	|375	|627	|320	|542	|524	|2955	|3653	|2826	|2061	|3359	|2770	|2219	|2781	|2707	|2814	|1793	|1924	|2767	|2355	|0	|2692	|2788	|3109	|2750	|3128	|2839	|3621	|2396	|3367	|2805	|3160	|3124	|2374	|0	|2736	|1921	|1853	|2699	|2121	|2224	|2679	|2734	|3781	|2826	|1802	|3140	|2762	|2021	|2955	|2705	|2768	|2549	|2834	|2449	|3191	|1896	|3479	|3097	|3186	|3279	|16525	|3257	|
________________________________________________________
72	|541	|587	|289	|454	|546	|516	|379	|547	|279	|504	|409	|629	|0	|523	|617	|583	|3666	|2827	|2074	|3339	|2823	|2259	|2808	|2774	|2726	|1795	|2073	|2891	|2554	|2256	|2786	|2708	|3124	|2838	|3187	|2823	|2318	|3648	|3421	|2822	|3333	|3056	|0	|2427	|2803	|1916	|1835	|2816	|2226	|2214	|2723	|2764	|3769	|2750	|2188	|3023	|2787	|2502	|2715	|2629	|2793	|2485	|2780	|2370	|3197	|3199	|3608	|3052	|3287	|3279	|3257	|16778	|
________________________________________________________
