0	|1	|2	|3	|4	|5	|6	|7	|8	|9	|10	|11	|12	|13	|14	|15	|16	|17	|18	|19	|20	|21	|22	|23	|24	|25	|26	|27	|28	|29	|30	|31	|32	|33	|34	|35	|36	|37	|38	|39	|40	|41	|42	|43	|44	|45	|46	|47	|48	|49	|50	|51	|52	|53	|54	|55	|56	|57	|58	|59	|60	|61	|62	|63	|64	|65	|66	|67	|68	|69	|70	|71	|72	|
1	|100	|3,12	|1,42	|3,46	|3,74	|3,03	|2,32	|4,23	|3,55	|3,4	|0	|3,99	|2,6	|1,95	|3,03	|3,4	|23,73	|100	|12,45	|19,31	|20,8	|12,86	|18,36	|20,09	|19,28	|14,77	|14,59	|16,32	|15,39	|11,22	|16,01	|17,12	|21,69	|16,59	|100	|18,97	|18,94	|18,88	|19,31	|13,32	|18,2	|12,02	|17,18	|15,88	|0	|8,71	|0	|20,18	|16,84	|13,07	|19,65	|18,73	|19,04	|20,27	|14,93	|18,08	|17,31	|12,48	|16,04	|16,78	|20,98	|18,08	|14,83	|0	|17,83	|18,73	|21,14	|16,22	|20,77	|16,01	|17	|16,75	|
________________________________________________________
2	|2,77	|100	|1,43	|3,4	|3,68	|4,2	|0	|3,57	|1,92	|3,76	|3,46	|4,06	|1,81	|2,58	|2,91	|2,8	|25,88	|17,59	|12,16	|100	|20,23	|13,89	|19,65	|18	|18,11	|9,14	|12,4	|18,94	|11,17	|10,7	|17,59	|17,89	|19,81	|100	|17,92	|20,47	|18,58	|19,76	|20,23	|16,96	|16,49	|16,05	|16,71	|17,21	|20,94	|12,35	|0	|14,46	|0	|13,8	|18,74	|17,51	|23,6	|17,86	|14,13	|22,23	|14,57	|12,76	|17,01	|16,52	|0	|13,34	|21,35	|18,69	|18,36	|19,59	|16,44	|21,3	|16,41	|16,55	|16,52	|17,37	|
________________________________________________________
3	|2,78	|3,14	|100	|1,99	|4,59	|5,56	|3,08	|2,72	|3,38	|3,8	|3,38	|3,5	|2,72	|3,38	|4,83	|3,26	|0	|12,2	|0	|24,76	|22,71	|13,47	|20,23	|20,53	|12,38	|15,64	|14,61	|17,03	|15,76	|11,05	|17,39	|17,33	|0	|14,07	|25,72	|20,59	|19,38	|18	|14,31	|21,01	|17,57	|19,02	|17,75	|17,57	|18,84	|100	|11,11	|16,12	|16,24	|11,35	|17,57	|18,18	|18,06	|19,38	|12,98	|16	|19,32	|12,92	|16,3	|16,73	|21,44	|100	|15,04	|16,49	|19,44	|19,08	|13,04	|19,08	|15,64	|19,08	|16,85	|16,73	|
________________________________________________________
4	|4,02	|4,45	|1,18	|100	|0	|3,12	|2,83	|3,52	|2,44	|0	|2,73	|4,73	|1,72	|2,76	|4,27	|3,91	|26,04	|19,94	|0	|17,32	|0	|14,74	|18,08	|19,37	|16,1	|10,72	|15,64	|18,83	|11,8	|10,9	|16,46	|17,07	|22,96	|20,3	|18,22	|0	|19,48	|18,54	|17,18	|15,39	|21,09	|15,32	|16,5	|16,32	|20,8	|10,8	|11,15	|100	|17,11	|14,17	|17,72	|18,72	|22,35	|17,18	|14,78	|19,87	|21,13	|17,25	|16,54	|15,42	|22,38	|15,49	|100	|16,93	|17,68	|17,36	|18,44	|16,36	|19,73	|18,94	|16,93	|15,82	|
________________________________________________________
5	|3,99	|4,42	|2,51	|0	|100	|2,77	|2,21	|3,5	|2,64	|3,43	|1,85	|2,51	|3,6	|3,4	|0	|3,76	|23,17	|19,04	|13,33	|22,51	|100	|11,91	|17,52	|20,69	|16,07	|10,53	|16,77	|18,84	|16,57	|14,26	|16,44	|17	|16,96	|16,37	|21,35	|19,8	|15,97	|15,68	|21,65	|15,87	|100	|19,14	|19,67	|18,35	|19,08	|14,13	|13,96	|0	|10,2	|0	|20,76	|19,83	|22,11	|16,83	|11,88	|16,63	|21,91	|14,79	|16,37	|16,77	|17,1	|16,11	|21,35	|12,54	|14,22	|15,71	|22,67	|19,24	|14,52	|0	|19,31	|18,98	|
________________________________________________________
6	|3,47	|5,42	|3,26	|3,08	|2,98	|100	|2,87	|3,05	|2,55	|3,93	|2,66	|3,79	|1,95	|4,11	|3,61	|3,97	|24,34	|18,99	|13,18	|22,96	|17,61	|12,51	|100	|18,99	|17,26	|11,02	|10,91	|18,36	|11,69	|12,05	|19,77	|11,69	|12,01	|19,17	|18,39	|18,53	|17,22	|16,69	|18,25	|100	|17,58	|19,56	|18,57	|19,24	|18,96	|13,32	|12,51	|19,95	|15,66	|0	|13,36	|0	|23,32	|17,04	|11,59	|20,87	|17,47	|13,68	|21,12	|14,07	|13,18	|21,19	|16,23	|15,49	|15,77	|16,97	|0	|14,1	|20,27	|20,59	|19,17	|18,43	|
________________________________________________________
7	|3,59	|0	|2,44	|3,78	|3,21	|3,88	|100	|2,11	|2,3	|2,54	|1,92	|2,49	|3,88	|2,97	|4,55	|2,92	|24,71	|17,48	|16,19	|0	|13,31	|0	|21,22	|21,31	|15,8	|10,82	|13,51	|12,64	|18,77	|12,69	|16	|16,76	|16,19	|21,65	|19,73	|18,77	|17	|17,34	|0	|14,42	|19,88	|19,54	|18,15	|19,49	|17,82	|12,64	|14,7	|19,83	|100	|11,3	|16,09	|19,64	|21,7	|17,29	|11,21	|13,84	|19,64	|13,51	|15,28	|18,06	|18,77	|17,82	|16,28	|13,46	|15,61	|17,67	|20,88	|100	|17,91	|21,7	|18,53	|20,21	|
________________________________________________________
8	|4,72	|4,48	|1,55	|3,38	|3,65	|2,96	|1,52	|100	|2	|2,41	|1,83	|3,52	|3,58	|0	|4,14	|4,48	|24,51	|19,48	|14,75	|25,37	|21,13	|0	|13,06	|0	|16,93	|10,69	|14,41	|16,44	|15,89	|13,03	|21,44	|13,31	|21,51	|16,3	|24,27	|15,13	|16,06	|16,99	|22,99	|17,51	|14,13	|0	|19,13	|17,99	|19,51	|13,24	|12,1	|19,68	|12,62	|12,13	|100	|20,06	|22,37	|16,99	|11,72	|19,34	|18,27	|13,65	|20,68	|18,24	|19,37	|13,82	|19,23	|9,86	|15,86	|17,44	|22,82	|15,48	|100	|19,99	|19,17	|19,37	|
________________________________________________________
9	|5,82	|3,54	|2,83	|3,44	|4,05	|3,64	|2,43	|2,94	|100	|2,88	|1,92	|4,55	|3,04	|2,63	|4	|4,5	|18,17	|23,68	|12,15	|18,27	|19,03	|12,45	|19,43	|15,54	|22,27	|100	|11,89	|16,75	|17,97	|12,5	|19,79	|20,45	|20,24	|21,91	|22,72	|16,85	|100	|16,8	|18,88	|15,89	|18,47	|15,23	|18,72	|10,93	|11,29	|17,56	|12,2	|17,61	|14,98	|10,02	|16,65	|16,4	|0	|10,22	|0	|25,96	|22,87	|14,52	|19,79	|18,02	|19,13	|17,05	|20,55	|16,19	|15,69	|0	|18,93	|15,38	|18,12	|17,71	|23,38	|15,44	|
________________________________________________________
10	|3,97	|4,94	|2,27	|0	|3,75	|4,01	|1,91	|2,53	|2,06	|100	|2,63	|3,1	|3,43	|4,22	|0	|3	|21,44	|17,07	|14,83	|23,78	|20,43	|18,08	|15,81	|17,07	|19,45	|11,4	|11,37	|100	|18,59	|13,68	|19,23	|18,98	|20,14	|18,44	|22,3	|100	|17,11	|20,61	|17,25	|14,65	|18,69	|19,02	|16,24	|15,99	|16,42	|11,55	|13,97	|20,32	|10,5	|11,58	|15,88	|16,96	|28,15	|20,35	|0	|14,58	|0	|14,25	|16,89	|17,9	|19,27	|17,47	|0	|12,59	|19,09	|22,05	|18,8	|16,82	|13,97	|20,39	|17,11	|17,86	|
________________________________________________________
11	|0	|5,25	|2,33	|3,17	|2,33	|3,13	|1,67	|2,21	|1,58	|3,04	|100	|3,54	|2,83	|3,83	|4,38	|2,75	|18,17	|19,84	|15,96	|20,68	|16,92	|13,71	|16,8	|15,88	|0	|6,88	|0	|20,88	|17,05	|12,01	|20,43	|19,34	|20,88	|20,18	|0	|14,26	|20,43	|21,01	|18,17	|15,59	|14,42	|21,8	|16,09	|18,51	|18,84	|13,63	|12,71	|16,59	|12,8	|12,51	|16,38	|17,13	|28,64	|100	|11,17	|19,47	|20,59	|12,09	|18,8	|19,47	|18,67	|17,17	|17,67	|100	|16,17	|20,34	|17,63	|15,38	|10,38	|19,42	|16,26	|19,88	|
________________________________________________________
12	|3,97	|4,56	|1,79	|4,06	|2,34	|3,29	|1,6	|3,14	|2,77	|2,65	|2,62	|100	|0	|3,05	|3,97	|4,46	|23,61	|16,74	|14,4	|22,71	|14,4	|12,77	|18,25	|15,48	|19,64	|12,96	|0	|12,62	|0	|12,8	|18,74	|19,33	|20,62	|20,04	|23,18	|21,7	|14,34	|0	|19,61	|14,1	|16,25	|16,34	|21,7	|13,54	|20,1	|10,31	|12,31	|19,58	|10,16	|12,59	|15,91	|16,93	|25,52	|17,21	|12,53	|100	|21,33	|14,13	|19,08	|17,39	|18,22	|16,44	|19,02	|15,2	|100	|18,96	|18,04	|16,37	|17,67	|16,53	|20,1	|18,59	|
________________________________________________________
13	|3,33	|2,61	|1,78	|1,9	|4,32	|2,18	|3,21	|4,12	|2,38	|3,76	|2,69	|0	|100	|2,22	|2,26	|3,29	|21,27	|16,51	|11,72	|14,42	|21,27	|12,59	|13,54	|19,29	|18,46	|11,88	|15,13	|21,39	|100	|10,26	|16,59	|20,51	|18,93	|16,2	|20,51	|18,5	|16,91	|18,06	|19,49	|15,92	|20,91	|16,63	|100	|19,25	|16,28	|11,41	|12,55	|11,68	|17,27	|13,35	|17,58	|18,73	|23,76	|19,29	|14,5	|0	|12,48	|0	|20,2	|22,06	|16,04	|15,52	|17,27	|12,36	|21,15	|13,11	|20,91	|18,42	|21,39	|19,33	|14,14	|0	|
________________________________________________________
14	|2,23	|3,33	|1,99	|2,73	|3,65	|4,11	|2,2	|0	|1,84	|4,15	|3,26	|3,51	|1,99	|100	|3,15	|2,91	|20,91	|17,48	|12,76	|19,39	|17,19	|15,85	|19	|19,5	|20,03	|12,23	|13,29	|21,09	|14,5	|10,14	|100	|20,91	|19	|16,7	|13,93	|20,38	|15,1	|19,35	|19,89	|18,11	|19,78	|100	|15,77	|23,25	|16,34	|11,13	|12,48	|17,69	|12,83	|14,04	|20,7	|12,87	|25,91	|17,97	|12,9	|21,91	|19,92	|0	|13,72	|0	|17,44	|14,96	|14,68	|19,32	|16,59	|20,13	|20,49	|17,12	|0	|13,9	|20,88	|19,46	|
________________________________________________________
15	|3,16	|3,42	|2,58	|3,84	|0	|3,29	|3,06	|3,87	|2,55	|0	|3,38	|4,16	|1,84	|2,87	|100	|2,45	|22,28	|17,09	|12,09	|17,12	|21,5	|14,86	|16,7	|16,7	|19,37	|11,54	|13,77	|0	|9,83	|0	|20,66	|19,57	|18,89	|16,63	|17,31	|21,53	|16,34	|16,51	|19,92	|17,38	|0	|13,09	|20,12	|19,57	|16,22	|10,28	|16,25	|19,86	|15,22	|12,38	|16,38	|15,99	|25,63	|18,5	|15,51	|22,11	|100	|12,73	|16,34	|19,73	|16,05	|14,6	|19,34	|15,41	|16,41	|15,93	|20,6	|18,05	|19,76	|100	|16,31	|20,15	|
________________________________________________________
16	|3,66	|3,4	|1,8	|3,63	|3,79	|3,73	|2,03	|4,33	|2,96	|2,76	|2,2	|4,83	|2,76	|2,73	|2,53	|100	|21,64	|16,64	|11,15	|20,94	|17,38	|13,62	|21,47	|14,98	|19,51	|12,08	|12,48	|17,58	|17,44	|0	|11,65	|0	|18,01	|16,05	|20,67	|16,78	|21,07	|14,31	|20,04	|16,34	|19,77	|20,37	|14,88	|0	|16,61	|12,48	|11,25	|18,14	|12,82	|12,72	|19,41	|12,02	|24,4	|18,81	|13,35	|22,67	|17,74	|11,98	|100	|20,31	|17,08	|14,71	|19,14	|12,48	|19,14	|10,42	|19,97	|18,11	|20,84	|16,98	|100	|18,68	|
________________________________________________________
17	|3,51	|4,3	|0	|3,31	|3,2	|3,14	|2,36	|3,25	|1,64	|2,71	|1,99	|3,5	|2,45	|2,69	|3,15	|2,97	|100	|18,66	|14,26	|23	|19,35	|13,72	|18,68	|18,67	|18,52	|8,34	|12,35	|16,83	|15,07	|10,81	|16,51	|16,89	|18,36	|16,8	|19,1	|16,83	|16,68	|16,76	|17,97	|15,06	|16,8	|16,21	|16,86	|16,53	|14,57	|0	|13,12	|18,58	|14,96	|13,05	|18,73	|19,02	|25,11	|15,27	|12,82	|18,46	|17,05	|11,95	|16,85	|16,66	|16,62	|15,03	|16,29	|13,8	|16,33	|16,14	|18,19	|16,24	|17,13	|16,99	|16,87	|16,77	|
________________________________________________________
18	|19,35	|3,83	|1,21	|3,32	|3,45	|3,2	|2,18	|3,38	|2,8	|2,83	|2,85	|3,25	|2,49	|2,95	|3,17	|2,99	|24,44	|100	|12,04	|22,62	|19,36	|14,25	|18,55	|19,48	|19,68	|14,49	|11,98	|16,41	|14,56	|11,29	|16,83	|16,87	|18,11	|17,09	|19,35	|16,59	|16,8	|16,91	|17,93	|15,16	|16,45	|16,91	|17,05	|15,96	|0	|8,53	|0	|19	|14,96	|13,3	|19,05	|19,52	|19,4	|20,41	|11,96	|18,51	|17,18	|11,52	|16,39	|16,51	|16,72	|15,31	|16,63	|13,97	|16,32	|16,25	|18,43	|15,93	|16,46	|16,91	|16,68	|17,26	|
________________________________________________________
19	|3,31	|3,64	|0	|0	|3,32	|3,05	|2,77	|3,51	|1,97	|3,37	|3,14	|3,84	|2,43	|2,95	|3,08	|2,75	|25,63	|16,52	|100	|20,11	|20,2	|14,91	|18,64	|19,19	|17,23	|8,99	|14,71	|16,26	|14,42	|11,26	|16,52	|16,48	|22,98	|16,88	|19,33	|20,8	|17,95	|18,61	|20,14	|12,66	|16,07	|17,18	|16,79	|16,2	|20,14	|0	|9,84	|0	|16,49	|13,65	|19,03	|18,27	|24,19	|17,14	|13,33	|18,78	|16,81	|11,68	|16,62	|16,49	|20,15	|0	|0	|17,93	|18,13	|18,8	|20,77	|16,16	|16,7	|16,94	|16,76	|16,75	|
________________________________________________________
20	|3,15	|18,35	|2,07	|2,43	|3,44	|3,26	|0	|3,71	|1,82	|3,32	|2,5	|3,72	|1,83	|2,76	|2,67	|3,17	|25,38	|19,05	|12,35	|100	|20	|14,08	|18,71	|18,5	|16,9	|10,84	|11	|19,21	|11,26	|10,99	|17	|16,8	|18,01	|18,35	|18,62	|16,83	|16,76	|17,37	|17,93	|15,01	|16,87	|16,52	|16,84	|16,25	|19,57	|12,72	|0	|14,15	|0	|14,37	|19,02	|18,45	|23,02	|16,85	|12,19	|21,86	|14,87	|12,98	|16,93	|16,38	|16,34	|14,95	|16,85	|14,69	|16,45	|16,74	|18,32	|15,93	|16,7	|16,75	|16,57	|16,69	|
________________________________________________________
21	|3,9	|4,27	|2,18	|0	|17,57	|2,88	|1,61	|3,56	|2,18	|3,28	|2,35	|2,71	|3,11	|2,81	|3,87	|3,03	|24,59	|18,78	|14,28	|23,03	|100	|11,92	|19,2	|19,24	|16,53	|10,65	|13,12	|19,62	|17,74	|11,39	|17	|16,83	|17,91	|16,52	|18,92	|17,14	|16,45	|16,43	|17,78	|15,23	|17,57	|16,15	|17,03	|16,2	|19,15	|13,12	|13,25	|0	|10,37	|0	|18,94	|18,91	|22,9	|16,74	|12,18	|16,04	|20,96	|12,16	|16,71	|16,88	|16,16	|15,5	|16,26	|14,3	|16,12	|16,11	|18,27	|16,2	|16,92	|16,59	|17,16	|16,55	|
________________________________________________________
22	|3,39	|4,12	|1,82	|3,35	|2,94	|2,87	|0	|0	|2	|4,08	|2,68	|3,38	|2,59	|3,64	|3,75	|3,33	|24,48	|19,41	|14,8	|22,76	|16,73	|100	|17,27	|20,78	|16,52	|10,71	|11,87	|18,45	|13,17	|13,04	|17,19	|16,59	|18,37	|16,68	|17,45	|18,57	|16,63	|16,19	|21,73	|14,87	|16,18	|19,93	|19,38	|18,53	|18,24	|12,2	|12,22	|19,93	|0	|10,14	|0	|20,2	|23,03	|16,25	|12,43	|20,27	|17,31	|13,28	|16,5	|16,85	|17,13	|14,75	|16,86	|15,73	|16,37	|16,33	|22,93	|0	|0	|20,37	|18,79	|18,96	|
________________________________________________________
23	|3,59	|4,33	|2,03	|3,05	|3,21	|17,06	|2,68	|2,29	|2,32	|2,65	|2,44	|3,59	|2,07	|3,24	|3,13	|3,9	|24,75	|18,75	|13,74	|22,45	|20,02	|12,82	|100	|19,73	|16,81	|10,89	|11,89	|16,26	|14,61	|9,95	|19,86	|12,15	|18,26	|16,36	|19	|16,72	|16,77	|16,68	|17,03	|17,06	|17,11	|16,44	|16,99	|16,82	|18,93	|13,18	|12,15	|18,75	|15,36	|0	|13,05	|0	|22,76	|16,89	|12,01	|18,75	|17,18	|12,07	|21,45	|14,12	|17,12	|15,78	|16,02	|14,11	|16,7	|16,56	|17,82	|16,37	|16,8	|17,08	|17,53	|16,56	|
________________________________________________________
24	|3,92	|3,96	|2,05	|3,26	|3,78	|3,23	|2,68	|0	|1,85	|2,85	|2,3	|3,03	|2,94	|3,32	|3,12	|2,71	|24,67	|19,65	|14,11	|22,15	|20,01	|15,39	|19,69	|100	|16,7	|10,27	|11,8	|16,36	|15,69	|11,91	|19,18	|18,67	|17,84	|16,53	|19,38	|17,37	|17,05	|17,08	|17,52	|14,52	|16,87	|16,55	|16,33	|16,2	|19,34	|12,9	|12,21	|18,63	|16,04	|14,22	|0	|8,03	|23,04	|16,53	|12,37	|17,95	|17,74	|11,61	|14,38	|21,96	|16,74	|15,5	|16,77	|13,47	|15,88	|16,1	|17,53	|15,84	|16,33	|16,88	|16,66	|16,36	|
________________________________________________________
25	|3,74	|3,95	|1,23	|2,69	|2,92	|2,92	|1,98	|2,94	|2,64	|3,23	|0	|3,82	|2,79	|3,38	|3,6	|3,51	|24,31	|19,71	|12,58	|20,1	|17,07	|12,15	|16,66	|16,58	|100	|14,2	|14,68	|18,76	|16,47	|12,28	|19,68	|19,01	|18,53	|16,63	|19,51	|17,55	|16,39	|15,66	|17,83	|14,84	|16,86	|16,36	|17	|16,57	|20,38	|8,64	|10,82	|16,36	|13,26	|11,57	|16,63	|16,6	|19,61	|0	|14,65	|21,85	|19,58	|13,58	|19,08	|18,77	|16,93	|15,12	|16,25	|14,16	|15,95	|15,96	|18,62	|15,91	|16,86	|17,25	|16,65	|16,27	|
________________________________________________________
26	|4,49	|3,13	|2,43	|2,81	|2,99	|2,92	|2,12	|2,91	|18,55	|2,97	|1,55	|3,95	|2,82	|3,24	|3,36	|3,41	|17,16	|22,74	|10,29	|20,2	|17,24	|12,34	|16,9	|15,98	|22,25	|100	|12,1	|19,13	|16,47	|12,38	|19,27	|19,77	|18,09	|17,33	|19,63	|16,71	|18,55	|16,09	|17,81	|15,06	|16,68	|16,69	|17,21	|16,96	|11,48	|16,33	|10,85	|16,29	|13,12	|11,38	|16,84	|17,06	|0	|10,82	|0	|21,8	|19,81	|13,57	|19,27	|18,5	|17,09	|15,09	|17,11	|13,73	|16,83	|15,87	|18,79	|16,1	|17,02	|16,7	|16,85	|16,72	|
________________________________________________________
27	|3,93	|3,76	|2,01	|3,63	|4,22	|2,56	|2,35	|3,48	|1,95	|2,62	|0	|0	|3,18	|3,12	|3,55	|3,12	|22,5	|16,67	|14,91	|18,16	|18,81	|12,12	|16,35	|16,27	|20,37	|10,72	|100	|16,41	|18,11	|12,98	|18,66	|18,38	|20,73	|19,09	|23,38	|16,62	|16,65	|21,24	|17,53	|15,03	|18,74	|14,96	|16,69	|16,13	|17,37	|10,89	|12,42	|16,82	|15,53	|11,73	|16,91	|16,72	|27,23	|0	|10,38	|0	|20,07	|13,4	|17,8	|17,75	|18,82	|17,47	|20,43	|0	|0	|20,79	|18,24	|16,18	|18,75	|16,67	|16,98	|16,96	|
________________________________________________________
28	|3,18	|4,16	|1,7	|3,16	|3,44	|3,12	|1,59	|2,87	|1,99	|16,69	|3,02	|2,47	|3,25	|3,58	|0	|3,18	|22,2	|16,53	|11,94	|22,97	|20,38	|13,65	|16,2	|16,34	|18,87	|12,28	|11,88	|100	|18,56	|13,19	|19,28	|18,72	|18,05	|17,08	|19,3	|16,69	|16,61	|16,93	|17,24	|15,02	|16,95	|16,37	|16,84	|16,69	|17,22	|11,28	|10,86	|20,24	|10,89	|11,75	|16,74	|17,13	|25,95	|18,9	|0	|15,02	|0	|14,29	|18,86	|18,74	|16,56	|15,4	|16,66	|14,57	|15,89	|16,96	|18,57	|15,58	|16,6	|16,4	|16,35	|17,2	|
________________________________________________________
29	|3,36	|2,74	|1,76	|2,22	|3,39	|2,23	|2,64	|3,11	|2,39	|3,47	|2,76	|0	|17,03	|2,76	|2,06	|3,53	|22,27	|16,42	|11,85	|15,07	|20,62	|10,91	|16,29	|17,55	|18,55	|11,84	|14,69	|20,79	|100	|10,88	|19,12	|19,15	|18,19	|16,05	|19,87	|16,73	|15,37	|16,41	|17,59	|14,86	|17,01	|16,22	|17,03	|16,88	|16,83	|11,22	|12,51	|12,89	|17,86	|11,94	|16,87	|17,04	|24,93	|18,68	|15,23	|0	|11,86	|0	|19,3	|19,65	|16,54	|14,84	|17,52	|13,03	|15,67	|16,46	|18,66	|16	|17,17	|16,52	|16,42	|17,27	|
________________________________________________________
30	|3,33	|3,58	|1,68	|2,79	|3,96	|3,12	|2,43	|3,47	|2,27	|3,48	|2,64	|3,82	|2,38	|2,62	|0	|0	|21,73	|17,32	|12,59	|20,01	|18,02	|14,7	|15,1	|18,12	|18,81	|12,1	|14,32	|20,08	|14,8	|100	|17,56	|19,84	|17,95	|16,81	|19,35	|17,15	|15,08	|18,82	|20,06	|17,27	|20,61	|15,81	|16,69	|19,97	|17,03	|11,07	|10,38	|16,29	|13,51	|13,06	|15,5	|18,23	|26,51	|19,61	|13,85	|22,12	|0	|10,92	|0	|19,03	|17,43	|15,04	|16,19	|13,64	|15,81	|18,41	|20,19	|17,28	|20,72	|0	|0	|20,39	|
________________________________________________________
31	|3,09	|3,83	|1,72	|2,74	|2,97	|3,33	|1,99	|3,71	|2,33	|3,18	|2,92	|3,63	|2,5	|16,83	|3,83	|2,09	|21,59	|16,79	|12,01	|20,15	|17,49	|12,6	|19,6	|18,98	|19,6	|12,25	|13,39	|19,1	|16,92	|11,42	|100	|21,18	|18,14	|16,85	|18,96	|16,88	|16,82	|16,73	|17,62	|15,05	|16,92	|16,83	|16,58	|16,7	|16,91	|11,28	|11,04	|16,6	|13,09	|11,67	|21,02	|14,08	|25,76	|18,86	|13,7	|20,85	|19,17	|0	|12,38	|0	|16,75	|15,41	|17,06	|14,57	|16,18	|16,46	|18,27	|15,68	|16,52	|17,14	|16,84	|16,09	|
________________________________________________________
32	|3,34	|3,93	|1,73	|2,87	|3,11	|1,99	|2,11	|2,33	|2,44	|3,17	|2,8	|3,79	|3,12	|3,56	|3,66	|0	|22,31	|17,02	|12,11	|20,11	|17,5	|12,29	|12,12	|18,67	|19,13	|12,71	|13,33	|18,74	|17,12	|13,04	|21,4	|100	|18,3	|17,32	|19,02	|17,14	|17,31	|16,77	|17,28	|15,18	|17,23	|16,81	|16,9	|16,21	|16,53	|10,98	|10,92	|16,37	|13,17	|12,33	|14,16	|21,95	|25,91	|18,77	|13,83	|21,02	|19,59	|14,16	|0	|8,8	|16,67	|15,01	|16,38	|14,24	|15,89	|16,21	|17,8	|15,86	|16,37	|16,29	|16,75	|16,3	|
________________________________________________________
33	|3,84	|3,95	|0	|3,5	|2,81	|1,86	|1,85	|3,42	|2,19	|3,06	|2,74	|3,67	|2,62	|2,93	|3,21	|2,96	|22,03	|16,58	|15,33	|19,58	|16,91	|12,35	|16,54	|16,19	|16,93	|10,56	|13,65	|16,4	|14,77	|10,72	|16,64	|16,62	|100	|18,27	|21,62	|19,24	|18,98	|19,03	|20,42	|10,17	|17,04	|16,79	|16,75	|16,5	|17,07	|10,92	|13,85	|16,46	|12,75	|12,95	|16,37	|16,63	|23,01	|16,55	|13,75	|18,73	|17,12	|12,01	|16,86	|16,33	|15,24	|0	|19,02	|15,97	|18,91	|18,39	|23,2	|13,75	|16,93	|17,11	|17,05	|16,75	|
________________________________________________________
34	|3,19	|21,63	|1,38	|3,36	|2,94	|3,21	|2,68	|2,81	|2,57	|3,03	|2,87	|3,86	|2,43	|2,8	|3,06	|2,86	|21,85	|16,97	|12,21	|21,63	|16,91	|12,16	|16,07	|16,27	|16,49	|10,96	|13,63	|16,83	|14,12	|10,88	|16,76	|17,05	|19,81	|100	|21,06	|18,84	|19,14	|18,61	|20,2	|17,04	|16,88	|16,11	|16,77	|16,97	|17,22	|11,18	|0	|16,61	|12,86	|11,28	|16,67	|16,09	|22,74	|16,92	|13,77	|18,96	|16,98	|11,95	|16,7	|16,82	|0	|13,24	|19,2	|15,71	|18,4	|18,65	|16,73	|21,04	|17,26	|16,66	|16,75	|16,76	|
________________________________________________________
35	|16,88	|3,41	|2,22	|2,65	|3,37	|2,71	|2,15	|3,67	|2,34	|3,22	|0	|3,93	|2,7	|2,05	|2,8	|3,24	|21,81	|16,88	|12,29	|19,28	|17,01	|11,18	|16,39	|16,76	|16,99	|10,91	|14,66	|16,71	|15,36	|11	|16,57	|16,45	|20,59	|18,5	|100	|18,59	|18,78	|18,57	|17,41	|15,32	|19,33	|12,11	|16,82	|16,15	|16,82	|11,21	|0	|16,82	|13,97	|11,82	|16,42	|16,65	|22,13	|16,38	|15,1	|17,9	|17,55	|13,01	|16,76	|16,45	|19,69	|17,67	|15,05	|0	|18,37	|18,25	|18,61	|15,92	|21,72	|15,18	|16,93	|16,39	|
________________________________________________________
36	|3,62	|4,4	|2,01	|0	|3,54	|3,08	|2,31	|2,59	|1,96	|16,33	|2,02	|4,15	|2,75	|3,39	|3,94	|2,97	|21,72	|16,35	|14,94	|19,7	|17,42	|13,44	|16,3	|16,97	|17,27	|10,49	|11,78	|16,33	|14,62	|11,02	|16,67	|16,75	|20,71	|18,7	|21,01	|100	|19,17	|19,2	|17,66	|15,13	|19,26	|19,26	|16,63	|16,44	|16,44	|11,13	|13,74	|16,49	|13,34	|11,62	|16,59	|16,72	|22,69	|16,45	|0	|18,35	|17,04	|11,84	|16,14	|16,22	|18,51	|17,21	|0	|12,33	|19,19	|18,92	|18,42	|16,28	|14,22	|21,98	|16,93	|16,7	|
________________________________________________________
37	|3,71	|4,1	|1,95	|3,29	|2,93	|2,95	|2,15	|2,82	|11,97	|2,87	|2,97	|2,82	|2,59	|2,58	|3,07	|3,84	|22,14	|17,02	|13,25	|20,17	|17,19	|12,37	|16,81	|17,13	|16,58	|11,97	|12,13	|16,71	|13,81	|9,96	|17,08	|17,4	|21,01	|19,54	|21,82	|19,71	|100	|17,96	|17,61	|15,23	|16,82	|16,75	|18,89	|11,46	|16,13	|11,89	|11,85	|17,08	|13,17	|11,8	|16,6	|16,63	|22,09	|16,81	|0	|18,63	|17,16	|12,27	|17,14	|17,02	|18,97	|17,16	|18,98	|15,87	|14,64	|0	|18,53	|16,31	|16,51	|17,55	|22,04	|14,17	|
________________________________________________________
38	|3,67	|4,33	|1,79	|3,11	|2,85	|2,83	|2,18	|2,96	|2	|3,43	|3,03	|0	|2,74	|3,28	|3,08	|2,58	|22,07	|17	|13,63	|20,72	|17,02	|11,95	|16,58	|17,01	|15,71	|10,3	|15,35	|16,89	|14,62	|12,33	|16,85	|16,71	|20,89	|18,84	|21,4	|19,58	|17,81	|100	|17,55	|15,2	|16,57	|16,98	|19,01	|19,1	|16,08	|11,07	|12,44	|16,26	|13,05	|12,07	|16,83	|16,79	|22,79	|16,37	|14,39	|17,42	|16,92	|11,57	|16,72	|16,73	|19,17	|17,38	|18,27	|16,21	|0	|15,61	|18,41	|16,24	|16,59	|17,61	|14,52	|21,65	|
________________________________________________________
39	|3,5	|4,13	|1,33	|2,68	|3,67	|2,88	|0	|3,73	|2,09	|2,68	|2,44	|3,57	|2,75	|3,14	|3,46	|3,37	|22,03	|16,78	|13,74	|19,92	|17,16	|14,94	|15,77	|16,25	|16,66	|10,62	|11,8	|16,02	|14,6	|12,24	|16,52	|16,04	|20,88	|19,04	|18,69	|16,77	|16,27	|16,34	|100	|16,1	|19,27	|19,13	|19,43	|18,54	|16,61	|11,21	|10,95	|16,7	|13,47	|14,49	|16,22	|16,14	|22,62	|17	|12,44	|18,92	|17,01	|13,05	|16,56	|16,61	|21,34	|12,6	|16,57	|14,41	|16,58	|16,2	|17,4	|0	|19,87	|19,25	|19,11	|19,13	|
________________________________________________________
40	|2,86	|4,1	|2,31	|2,85	|3,19	|18,72	|2	|3,37	|2,08	|2,69	|2,48	|3,04	|2,67	|3,39	|3,58	|3,26	|21,89	|16,82	|10,24	|19,77	|17,42	|12,11	|18,72	|15,97	|16,44	|10,65	|11,99	|16,54	|14,61	|12,49	|16,73	|16,7	|12,32	|19,04	|19,49	|17,03	|16,68	|16,78	|19,08	|100	|19,08	|19,08	|18,97	|18,72	|16,86	|11,22	|10,85	|16,61	|13,1	|0	|16,76	|15,71	|22,8	|16,92	|12,23	|18,22	|17,27	|13,61	|16,86	|16,19	|13,08	|21,56	|16,6	|14,12	|16,23	|16,64	|0	|13,74	|19,44	|19,41	|18,67	|18,85	|
________________________________________________________
41	|3,48	|3,55	|1,72	|3,47	|17,89	|2,93	|2,45	|2,42	|2,16	|3,06	|2,04	|3,12	|3,12	|3,3	|0	|3,51	|21,73	|16,25	|11,57	|19,78	|17,89	|11,73	|16,71	|16,52	|16,62	|10,49	|13,31	|16,62	|14,89	|13,27	|16,75	|16,88	|18,38	|16,79	|21,89	|19,3	|16,39	|16,29	|20,33	|16,99	|100	|19,05	|19,46	|18,64	|17,26	|11,54	|10,97	|16,2	|13,07	|0	|16,48	|16,5	|22,41	|16,19	|11,73	|18,7	|17,53	|14,34	|16,61	|16,5	|16,84	|15,09	|21,37	|11,92	|16,17	|16,3	|20,64	|18,08	|14,31	|0	|18,92	|18,38	|
________________________________________________________
42	|2,35	|3,53	|1,9	|2,58	|3,5	|3,33	|2,46	|0	|1,82	|3,18	|3,16	|3,21	|2,54	|17,04	|2,45	|3,7	|21,45	|17,09	|12,65	|19,81	|16,82	|14,79	|16,43	|16,57	|16,5	|10,74	|10,87	|16,42	|14,53	|10,41	|17,04	|16,84	|18,53	|16,4	|14,03	|19,74	|16,7	|17,07	|20,64	|17,37	|19,49	|100	|19,42	|19,38	|16,42	|11,24	|12,14	|17,07	|13,5	|13,98	|16,51	|16,2	|23,11	|17	|11,99	|18,37	|16,72	|0	|16,7	|16,32	|17,17	|15,13	|14,09	|19,26	|16,84	|17,04	|20,73	|17,68	|0	|14,22	|19,37	|18,97	|
________________________________________________________
43	|3,3	|3,62	|1,75	|2,73	|3,54	|3,11	|2,25	|3,3	|2,2	|2,67	|2,29	|4,19	|15,01	|2,64	|3,71	|2,66	|21,95	|16,94	|12,16	|19,87	|17,45	|14,14	|16,7	|16,09	|16,87	|10,9	|11,93	|16,62	|15,01	|10,81	|16,52	|16,65	|18,19	|16,78	|19,17	|16,77	|18,52	|18,8	|20,63	|16,99	|19,59	|19,11	|100	|18,9	|16,64	|11,29	|10,95	|16,12	|12,78	|13,09	|16,46	|16,56	|22,09	|16,83	|12,48	|18,47	|17,21	|0	|16,62	|16,5	|16,66	|15,42	|16,53	|13,95	|21,53	|13,53	|20,81	|17,94	|19,05	|18,98	|14,78	|0	|
________________________________________________________
44	|3,12	|3,8	|1,77	|2,76	|3,37	|3,3	|2,47	|3,17	|1,31	|2,69	|2,69	|2,67	|2,95	|3,98	|3,68	|0	|21,97	|16,2	|11,98	|19,58	|16,95	|13,81	|16,88	|16,3	|16,79	|10,97	|11,77	|16,82	|15,19	|13,21	|16,99	|16,32	|18,29	|17,35	|18,79	|16,92	|11,48	|19,29	|20,1	|17,12	|19,16	|19,47	|19,3	|100	|16,49	|11,34	|11,02	|16,66	|13,32	|12,96	|16,04	|16,5	|22,46	|17,02	|13,5	|18,78	|16,87	|14,13	|16,83	|15,8	|16,91	|15,41	|16,34	|14,39	|13,89	|21,18	|20,46	|18,17	|18,83	|19,16	|0	|14,48	|
________________________________________________________
45	|0	|4,57	|1,87	|3,47	|3,46	|3,2	|2,23	|3,39	|1,34	|2,72	|2,71	|3,91	|2,46	|2,76	|3,01	|2,99	|19,1	|0	|14,69	|23,26	|19,77	|13,41	|18,74	|19,2	|20,37	|7,32	|12,51	|17,12	|14,94	|11,11	|16,97	|16,41	|18,66	|17,37	|19,31	|16,7	|15,94	|16,02	|17,77	|15,22	|17,5	|16,27	|16,76	|16,27	|100	|13,76	|13,14	|19,01	|15,07	|12,76	|19,43	|18,65	|26,64	|19,51	|13,24	|18,78	|17,16	|12,15	|17,04	|16,52	|15,82	|14,72	|16,13	|13,85	|16,22	|16,64	|17,96	|16,33	|17,4	|16,88	|16,79	|16,53	|
________________________________________________________
46	|2,51	|4,01	|14,76	|2,68	|3,81	|3,35	|2,35	|3,42	|3,09	|2,85	|2,91	|2,99	|2,57	|2,8	|2,84	|3,34	|0	|12,72	|0	|22,5	|20,17	|13,35	|19,43	|19,06	|12,85	|15,51	|11,67	|16,68	|14,82	|10,76	|16,84	|16,23	|17,78	|16,78	|19,16	|16,82	|17,48	|16,41	|17,84	|15,08	|17,41	|16,57	|16,93	|16,65	|20,48	|100	|11,17	|19,19	|15,02	|13,09	|18,72	|19,09	|17,8	|20,2	|10,96	|17,83	|17,06	|12,41	|17,16	|16,4	|16,6	|14,76	|16,55	|13,45	|16,86	|16,02	|18,17	|16,46	|17,28	|16,35	|17,26	|16,91	|
________________________________________________________
47	|0	|0	|1,67	|2,83	|3,85	|3,21	|2,79	|3,19	|2,19	|3,52	|2,77	|3,64	|2,88	|3,2	|4,59	|3,07	|26,15	|0	|10,91	|0	|20,79	|13,66	|18,29	|18,41	|16,44	|10,52	|13,58	|16,4	|16,88	|10,3	|16,83	|16,48	|23,01	|0	|0	|21,21	|17,79	|18,83	|17,79	|14,87	|16,9	|18,29	|16,76	|16,52	|19,97	|11,4	|100	|16,91	|16,51	|13,67	|18,63	|18,21	|22,75	|16,67	|14,23	|16,78	|18,77	|12,18	|16,87	|16,89	|19,84	|14,51	|16,69	|17,59	|18,75	|17,94	|18,11	|16,68	|15,02	|19,29	|16,7	|16,81	|
________________________________________________________
48	|3,93	|3,17	|1,61	|16,79	|0	|3,39	|2,49	|3,44	|2,1	|3,39	|2,4	|3,83	|1,78	|3	|3,71	|3,28	|24,51	|19,13	|0	|16,91	|0	|14,73	|18,68	|18,59	|16,44	|10,45	|12,18	|20,24	|11,51	|10,69	|16,74	|16,34	|18,1	|16,85	|19,42	|16,85	|16,97	|16,29	|17,96	|15,08	|16,52	|17,01	|16,33	|16,53	|19,12	|12,96	|11,19	|100	|16,09	|13,79	|18,87	|18,91	|22,56	|16,82	|12,14	|21,48	|19,97	|12,94	|16,64	|16,69	|17,2	|15,65	|16,79	|14,05	|16,2	|16,31	|18,66	|15,93	|16,56	|17,58	|16,94	|16,58	|
________________________________________________________
49	|4,09	|0	|2,02	|3,58	|2,32	|3,32	|15,67	|2,75	|2,22	|2,18	|2,3	|2,48	|3,27	|2,72	|3,54	|2,89	|24,6	|18,78	|15,09	|0	|13,42	|0	|19,07	|19,97	|16,62	|10,49	|14,02	|13,57	|19,88	|11,06	|16,46	|16,39	|17,48	|16,26	|20,11	|16,99	|16,32	|16,3	|18,07	|14,83	|16,61	|16,77	|16,15	|16,48	|18,9	|12,65	|13,62	|20,06	|100	|11,4	|18,75	|18,9	|22,43	|16,36	|12,1	|13,79	|19,8	|11,38	|16,92	|16,79	|16,09	|15,26	|16,7	|13,66	|15,93	|16,16	|18,88	|15,67	|17,07	|17,54	|16,63	|16,95	|
________________________________________________________
50	|3,64	|4,33	|1,62	|3,4	|0	|0	|2,03	|3,03	|1,7	|2,76	|2,58	|3,52	|2,9	|3,41	|3,31	|3,29	|24,61	|19,15	|14,33	|24,56	|0	|10,72	|0	|20,3	|16,63	|10,44	|12,15	|16,79	|15,24	|12,26	|16,84	|17,61	|20,37	|16,36	|19,52	|16,97	|16,76	|17,29	|22,28	|0	|0	|19,92	|18,96	|18,39	|18,35	|12,65	|12,94	|19,72	|13,08	|100	|16,84	|19,97	|22,76	|16,45	|12,55	|18,91	|16,5	|13,68	|15,34	|18,46	|19,35	|13,19	|16,74	|14,32	|16,29	|16,43	|21,46	|15,43	|17,06	|20,19	|19,19	|19,12	|
________________________________________________________
51	|3,84	|4,13	|1,76	|2,99	|3,8	|2,28	|2,03	|17,53	|1,99	|2,66	|2,37	|3,12	|2,68	|3,53	|3,07	|3,52	|24,79	|19,25	|14,01	|22,82	|19,74	|0	|13,05	|0	|16,78	|10,84	|12,29	|16,79	|15,11	|10,21	|21,29	|14,19	|18,06	|16,97	|19,02	|17,01	|16,55	|16,93	|17,51	|15,27	|16,87	|16,52	|16,73	|15,97	|19,61	|12,7	|12,38	|18,94	|15,1	|11,82	|100	|20,25	|22,06	|16,87	|12,01	|18,23	|17,02	|11,62	|20,01	|18,61	|16,34	|15,78	|16,18	|14,2	|16,29	|16,52	|18,15	|16,11	|17,53	|16,87	|16,54	|16,42	|
________________________________________________________
52	|3,64	|3,83	|1,81	|3,13	|3,61	|0	|2,46	|3,49	|1,95	|2,82	|2,47	|3,3	|2,84	|2,18	|2,98	|2,17	|25,02	|19,6	|13,37	|22	|19,58	|14,9	|0	|8	|16,65	|10,92	|12,07	|17,08	|15,17	|11,93	|14,17	|21,86	|18,24	|16,27	|19,17	|17,04	|16,48	|16,78	|17,32	|14,22	|16,78	|16,11	|16,73	|16,33	|18,71	|12,86	|12,02	|18,86	|15,12	|13,93	|20,12	|100	|22,34	|17,19	|11,99	|18,65	|16,86	|11,7	|11,98	|19,02	|16,67	|15,37	|16,59	|14,07	|16,13	|16,56	|18,28	|15,29	|16,48	|16,92	|16,59	|16,8	|
________________________________________________________
53	|2,72	|3,8	|1,32	|2,75	|2,96	|2,9	|2	|2,86	|0	|3,44	|3,03	|3,66	|2,65	|3,23	|3,51	|3,24	|24,28	|14,32	|13,01	|20,18	|17,43	|12,48	|16,62	|16,86	|14,45	|0	|14,46	|19,02	|16,32	|12,76	|19,05	|18,97	|18,55	|16,91	|18,73	|17	|16,09	|16,74	|17,84	|15,17	|16,75	|16,89	|16,41	|16,34	|19,64	|8,82	|11,04	|16,54	|13,19	|11,67	|16,12	|16,43	|100	|19,56	|13,53	|21,41	|19,27	|13,36	|18,8	|18,74	|16,99	|15,23	|16,32	|14,6	|16,3	|16,15	|18,05	|15,7	|17,09	|16,78	|17,06	|16,69	|
________________________________________________________
54	|3,92	|3,89	|1,92	|2,86	|3,05	|2,88	|2,16	|2,95	|1,21	|3,37	|14,34	|3,34	|2,91	|3,03	|3,43	|3,38	|20	|20,41	|12,49	|20	|17,26	|11,93	|16,71	|16,39	|0	|6,89	|0	|18,76	|16,56	|12,78	|18,9	|18,61	|18,08	|17,04	|18,78	|16,69	|16,59	|16,29	|18,17	|15,25	|16,39	|16,83	|16,93	|16,77	|19,49	|13,56	|10,95	|16,71	|13,03	|11,43	|16,69	|17,12	|26,49	|100	|12,23	|20,74	|19,4	|13,32	|18,88	|18,76	|16,59	|14,92	|16,39	|14,34	|16,61	|16,01	|18,31	|15,77	|16,87	|16,96	|16,85	|16,81	|
________________________________________________________
55	|3,96	|4,22	|1,76	|3,38	|2,95	|2,68	|1,92	|2,79	|0	|0	|2,2	|3,34	|3	|2,98	|3,94	|3,29	|23,03	|16,4	|13,32	|19,85	|17,22	|12,52	|16,29	|16,81	|20,05	|0	|10,23	|0	|18,52	|12,38	|18,82	|18,81	|20,59	|19,02	|23,74	|0	|0	|19,63	|18,23	|15,11	|16,29	|16,27	|17,22	|18,24	|18,13	|10,09	|12,82	|16,54	|13,22	|11,96	|16,29	|16,37	|25,13	|16,77	|100	|18,98	|21,21	|14,33	|19,24	|18,91	|18,31	|16,56	|19,57	|14,38	|16,56	|19,43	|18,55	|15,5	|17,41	|16,6	|14,86	|18,2	|
________________________________________________________
56	|3,16	|4,38	|1,43	|2,99	|2,72	|3,18	|1,56	|3,03	|2,77	|2,18	|2,52	|17,56	|0	|3,34	|3,71	|3,68	|21,86	|16,73	|12,37	|23,47	|14,95	|13,45	|16,77	|16,09	|19,72	|12,56	|0	|13,48	|0	|13,03	|18,88	|18,84	|18,49	|17,26	|18,55	|16,83	|16,62	|15,67	|18,27	|14,84	|17,11	|16,43	|16,8	|16,73	|16,96	|10,82	|9,97	|19,29	|9,93	|11,87	|16,3	|16,79	|26,22	|18,75	|12,51	|100	|21,24	|13,68	|19,16	|18,89	|16,88	|15,06	|15,71	|15,13	|17,56	|15,91	|18,68	|15,87	|16,89	|17,37	|16,97	|16,23	|
________________________________________________________
57	|3,26	|3,09	|1,86	|3,43	|3,87	|2,87	|2,39	|3,09	|2,63	|0	|2,88	|4,04	|1,84	|3,28	|18,08	|3,11	|21,77	|16,74	|11,94	|17,21	|21,06	|12,39	|16,56	|17,14	|19,05	|12,3	|14,06	|0	|10,25	|0	|18,72	|18,93	|18,22	|16,67	|19,61	|16,85	|16,5	|16,41	|17,71	|15,18	|17,3	|16,13	|16,88	|16,2	|16,7	|11,16	|12,02	|19,33	|15,37	|11,17	|16,41	|16,36	|25,44	|18,91	|15,07	|22,9	|100	|12,56	|19,42	|19,07	|16,32	|14,84	|17,13	|13,66	|16,08	|15,89	|18,58	|16,17	|17,43	|18,08	|16,74	|16,15	|
________________________________________________________
58	|3,38	|3,89	|1,79	|4,02	|3,75	|3,23	|2,36	|3,31	|2,4	|3,3	|2,43	|3,84	|0	|0	|3,3	|3,01	|21,9	|16,11	|11,91	|21,57	|17,55	|13,65	|16,71	|16,1	|18,97	|12,1	|13,48	|19,85	|0	|9,96	|0	|19,65	|18,35	|16,84	|20,88	|16,81	|16,94	|16,11	|19,5	|17,16	|20,31	|0	|0	|19,49	|16,98	|11,65	|11,2	|17,98	|12,68	|13,29	|16,09	|16,31	|25,32	|18,64	|14,62	|21,18	|18,03	|100	|18,1	|19,44	|16,83	|14,63	|18,11	|12,44	|16,38	|16,27	|20,77	|17,19	|19,9	|17,12	|16,62	|20,74	|
________________________________________________________
59	|3,09	|3,69	|1,61	|2,74	|2,95	|3,55	|1,9	|3,57	|2,33	|2,79	|2,68	|3,69	|3,04	|2,3	|3,02	|17,88	|21,97	|16,32	|12,06	|20,01	|17,15	|12,06	|21,12	|14,19	|18,96	|12,22	|12,74	|18,64	|17,03	|0	|12,34	|0	|18,33	|16,74	|19,13	|16,3	|16,83	|16,56	|17,61	|15,12	|16,74	|16,45	|16,65	|16,5	|16,95	|11,46	|11,04	|16,45	|13,42	|10,61	|19,71	|11,87	|25,35	|18,8	|13,96	|21,09	|19,84	|12,87	|100	|20,65	|16,84	|15,37	|16,62	|14,19	|16,32	|16,23	|18,8	|16,04	|17,53	|16,97	|17,88	|16,47	|
________________________________________________________
60	|3,26	|3,61	|1,66	|2,58	|3,05	|2,38	|2,26	|3,18	|2,14	|2,98	|2,8	|3,39	|3,34	|0	|3,68	|3,66	|21,91	|16,58	|12,07	|19,53	|17,48	|12,42	|14,03	|21,86	|18,81	|11,84	|12,82	|18,69	|17,49	|12,45	|0	|8,76	|17,91	|17,01	|18,95	|16,53	|16,86	|16,72	|17,82	|14,65	|16,78	|16,23	|16,68	|15,64	|16,57	|11,05	|11,15	|16,65	|13,43	|12,87	|18,49	|19,02	|25,49	|18,84	|13,85	|20,99	|19,65	|13,95	|20,83	|100	|17,26	|15,31	|16,26	|14,24	|15,51	|16,65	|17,79	|15,52	|16,96	|16,82	|16,32	|16,38	|
________________________________________________________
61	|4,06	|0	|2,12	|3,73	|3,1	|2,22	|2,34	|3,36	|2,26	|3,19	|2,68	|3,54	|2,42	|2,94	|2,98	|3,07	|21,76	|16,71	|14,68	|19,39	|16,65	|12,58	|16,92	|16,59	|16,9	|10,89	|13,53	|16,44	|14,66	|11,36	|16,78	|16,53	|16,64	|0	|22,57	|18,77	|18,71	|19,07	|22,79	|11,79	|17,05	|16,99	|16,76	|16,66	|15,79	|11,14	|13,04	|17,08	|12,81	|13,44	|16,16	|16,59	|23	|16,58	|13,35	|18,66	|16,74	|12,03	|16,91	|17,18	|100	|17,22	|19,72	|16,04	|18,08	|18,42	|20,91	|18,7	|16,76	|16,55	|16,8	|16,52	|
________________________________________________________
62	|3,85	|3,2	|10,91	|2,85	|3,21	|3,94	|2,45	|2,64	|2,22	|3,19	|2,71	|3,52	|2,58	|2,78	|2,98	|2,91	|21,69	|16,86	|0	|19,56	|17,6	|11,94	|17,19	|16,93	|16,63	|10,59	|13,84	|16,84	|14,49	|10,8	|17,02	|16,4	|0	|14,69	|22,33	|19,24	|18,65	|19,05	|14,83	|21,41	|16,84	|16,5	|17,09	|16,73	|16,19	|10,91	|10,51	|17,13	|13,39	|10,09	|17,21	|16,86	|22,73	|16,44	|13,31	|18,35	|16,77	|11,52	|17,01	|16,79	|18,98	|100	|18,77	|16,34	|18,07	|18,59	|12,87	|18,69	|17,1	|17,19	|16,66	|16,67	|
________________________________________________________
63	|2,91	|4,71	|1,51	|16,88	|3,92	|2,77	|2,06	|3,38	|2,46	|0	|2,57	|3,74	|2,64	|2,51	|3,63	|3,48	|21,61	|16,84	|0	|20,26	|16,98	|12,53	|16,05	|16,84	|16,43	|11,04	|14,88	|16,75	|15,73	|10,69	|17,31	|16,45	|21,03	|19,58	|17,47	|0	|18,97	|18,41	|17,93	|15,15	|21,91	|14,12	|16,84	|16,31	|16,31	|11,25	|11,11	|16,88	|13,47	|11,77	|16,22	|16,73	|22,39	|16,6	|14,45	|17,6	|17,8	|13,11	|16,91	|16,39	|19,98	|17,25	|100	|15,73	|18,23	|17,92	|18,39	|15,91	|19,61	|19,13	|16,85	|16,59	|
________________________________________________________
64	|0	|4,81	|1,93	|3,33	|2,68	|3,09	|1,98	|2,02	|2,26	|2,47	|16,95	|3,49	|2,2	|3,85	|3,38	|2,65	|21,35	|16,5	|15,43	|20,6	|17,41	|13,65	|16,49	|15,77	|16,7	|10,33	|0	|17,09	|13,65	|10,5	|17,24	|16,68	|20,6	|18,69	|0	|14,78	|18,5	|19,05	|18,18	|15,04	|14,26	|22,52	|16,58	|16,75	|16,34	|10,66	|13,65	|16,48	|12,86	|11,75	|16,6	|16,55	|23,36	|16,95	|12,39	|19,77	|16,56	|10,5	|16,84	|16,75	|18,96	|17,52	|18,34	|100	|18,58	|19,05	|18,55	|15,77	|10,73	|19,74	|17,07	|16,79	|
________________________________________________________
65	|3,53	|4,09	|1,97	|3,01	|2,64	|2,72	|1,99	|2,81	|1,9	|3,23	|2,37	|19,86	|3,26	|2,86	|3,11	|3,52	|21,87	|16,69	|13,51	|19,96	|16,99	|12,3	|16,89	|16,09	|16,28	|10,96	|0	|16,13	|14,2	|10,53	|16,58	|16,12	|21,11	|18,95	|21,54	|19,91	|14,77	|0	|18,11	|14,95	|16,74	|17,05	|22,14	|13,99	|16,57	|11,57	|12,6	|16,45	|12,97	|11,57	|16,48	|16,42	|22,58	|16,98	|12,35	|19,86	|16,87	|11,97	|16,76	|15,79	|18,49	|16,77	|18,41	|16,08	|100	|17,98	|18,39	|16,14	|16,92	|16,97	|19,21	|18,95	|
________________________________________________________
66	|3,7	|4,36	|1,93	|2,95	|2,9	|2,92	|2,25	|3,09	|0	|3,73	|2,98	|3,76	|2,02	|3,47	|3,01	|1,91	|21,58	|16,58	|13,98	|20,29	|16,95	|12,24	|16,72	|16,29	|16,26	|10,32	|15,26	|17,18	|14,89	|12,25	|16,84	|16,4	|20,49	|19,17	|21,36	|19,6	|0	|15,85	|17,67	|15,31	|16,85	|17,22	|13,9	|21,3	|16,96	|10,97	|12,03	|16,53	|13,14	|11,64	|16,68	|16,83	|22,32	|16,34	|14,46	|17,96	|16,64	|11,86	|16,64	|16,92	|18,8	|17,22	|18,06	|16,46	|17,94	|100	|18,5	|16	|16,54	|16,77	|12,14	|19,72	|
________________________________________________________
67	|3,73	|3,26	|1,18	|2,8	|3,74	|0	|2,38	|3,61	|2,04	|2,84	|2,3	|3,19	|2,88	|3,15	|3,48	|3,27	|21,71	|16,8	|13,79	|19,82	|17,16	|15,34	|16,06	|15,84	|16,94	|10,91	|11,95	|16,8	|15,08	|11,99	|16,68	|16,08	|23,08	|15,35	|19,44	|17,03	|16,66	|16,69	|16,93	|0	|19,05	|18,69	|19,08	|18,37	|16,35	|11,11	|10,85	|16,89	|13,7	|13,58	|16,36	|16,58	|22,27	|16,69	|12,32	|18,83	|17,37	|13,52	|17,21	|16,14	|19,06	|10,65	|16,55	|14,31	|16,39	|16,51	|100	|18,07	|19,33	|18,95	|18,7	|18,71	|
________________________________________________________
68	|3,29	|4,86	|1,98	|2,86	|3,65	|2,49	|13,08	|2,81	|1,9	|2,92	|2,31	|3,33	|2,91	|3,03	|3,51	|3,41	|22,28	|16,69	|12,33	|19,81	|17,49	|0	|16,96	|16,45	|16,64	|10,74	|12,19	|16,2	|14,86	|11,8	|16,46	|16,47	|15,73	|22,2	|19,12	|17,3	|16,86	|16,92	|0	|12,98	|19,17	|18,33	|18,91	|18,75	|17,08	|11,57	|11,49	|16,57	|13,08	|11,22	|16,7	|15,95	|22,27	|16,52	|11,84	|18,38	|17,38	|12,87	|16,88	|16,19	|19,6	|17,77	|16,46	|13,98	|16,54	|16,42	|20,77	|100	|19,58	|18,81	|19,23	|19,08	|
________________________________________________________
69	|3,97	|3,54	|1,53	|3,25	|2,6	|3,38	|2,21	|17,16	|2,12	|2,29	|1,47	|3,4	|3,19	|0	|3,63	|3,7	|22,2	|16,28	|12,04	|19,61	|17,25	|0	|16,43	|16,01	|16,65	|10,73	|13,34	|16,3	|15,06	|13,36	|16,38	|16,06	|18,29	|17,19	|24,63	|14,27	|16,12	|16,33	|21	|17,33	|14,33	|0	|18,96	|18,35	|17,19	|11,47	|9,77	|16,27	|13,45	|11,72	|17,16	|16,24	|22,9	|16,69	|12,56	|18,48	|17,68	|14,07	|17,42	|16,7	|16,58	|15,35	|19,16	|8,98	|16,37	|16,03	|20,99	|18,49	|100	|19,54	|19,26	|19,05	|
________________________________________________________
70	|3,05	|3,55	|1,86	|3,1	|0	|3,42	|2,66	|3,41	|2,06	|3,32	|2,74	|3,16	|2,87	|2,3	|18,24	|3	|21,88	|16,63	|12,14	|19,56	|16,82	|14,71	|16,61	|16,46	|16,93	|10,46	|11,78	|16,01	|14,41	|0	|16,89	|15,88	|18,37	|16,5	|17,12	|21,93	|17,03	|17,23	|20,22	|17,2	|0	|13,84	|18,77	|18,57	|16,58	|10,79	|12,47	|17,17	|13,74	|13,79	|16,42	|16,56	|22,35	|16,68	|11,9	|18,89	|18,24	|12,03	|16,76	|16,47	|16,28	|15,35	|18,57	|16,43	|16,32	|16,16	|20,46	|17,66	|19,42	|100	|19,2	|19,23	|
________________________________________________________
71	|3,27	|3,58	|1,66	|2,81	|3,48	|3,22	|2,3	|3,31	|2,75	|2,82	|2,32	|3,89	|2,12	|3,51	|3,01	|17,88	|21,99	|16,6	|12,16	|19,58	|17,61	|13,74	|17,26	|16,44	|16,55	|10,68	|12,15	|16,15	|14,49	|0	|16,8	|16,54	|18,54	|16,8	|19,33	|17,1	|21,65	|14,38	|20,33	|16,76	|19,07	|19,08	|14,8	|0	|16,7	|11,53	|10,93	|16,75	|13,18	|13,27	|16,29	|16,44	|23	|16,77	|10,79	|18,68	|17,1	|11,83	|17,88	|16,18	|16,73	|15,05	|16,57	|14,38	|18,7	|11,85	|20,43	|18,28	|19,38	|19,43	|100	|18,8	|
________________________________________________________
72	|3,25	|3,79	|1,66	|2,64	|3,45	|3,12	|2,53	|3,37	|1,83	|2,97	|2,86	|3,62	|0	|3,29	|3,75	|3,36	|22,02	|17,3	|12,23	|19,86	|17,11	|13,96	|16,42	|16,26	|16,28	|10,68	|12,23	|17,11	|15,35	|13,32	|16,17	|16,21	|18,34	|16,92	|18,84	|16,99	|14,01	|21,59	|20,48	|17,04	|18,65	|18,82	|0	|14,3	|16,56	|11,38	|11,08	|16,51	|13,53	|13,31	|16,29	|16,77	|22,66	|16,85	|13,31	|18	|16,61	|14,86	|16,59	|16,35	|16,56	|15,17	|16,42	|14,25	|18,58	|19,37	|20,58	|18,26	|19,31	|19,61	|18,93	|100	|
________________________________________________________
