0	|1	|2	|3	|4	|5	|6	|7	|8	|9	|10	|11	|12	|13	|14	|15	|16	|17	|18	|19	|20	|21	|22	|23	|24	|25	|26	|27	|28	|29	|30	|31	|32	|33	|34	|35	|36	|37	|38	|39	|40	|41	|42	|43	|44	|45	|46	|47	|48	|49	|50	|51	|52	|53	|54	|55	|56	|57	|58	|59	|60	|61	|62	|63	|64	|65	|66	|67	|68	|69	|70	|71	|72	|
1	|3282	|101	|57	|109	|137	|82	|85	|126	|100	|100	|0	|109	|88	|67	|86	|95	|769	|3282	|419	|657	|698	|470	|601	|602	|651	|453	|457	|547	|488	|375	|568	|521	|729	|545	|3282	|614	|586	|587	|632	|388	|638	|422	|540	|533	|0	|312	|0	|678	|504	|434	|628	|601	|640	|650	|469	|577	|552	|412	|543	|558	|637	|527	|493	|0	|608	|629	|701	|524	|675	|517	|540	|545	|
________________________________________________________
2	|101	|3563	|64	|103	|112	|133	|0	|138	|55	|122	|106	|163	|64	|109	|98	|88	|868	|602	|441	|3563	|680	|487	|656	|657	|629	|311	|462	|645	|405	|389	|603	|610	|671	|3563	|665	|745	|655	|706	|650	|604	|596	|609	|582	|640	|722	|506	|0	|531	|0	|489	|714	|649	|888	|622	|471	|776	|541	|433	|578	|564	|0	|465	|707	|657	|674	|675	|585	|773	|590	|582	|568	|569	|
________________________________________________________
3	|57	|64	|1703	|35	|82	|80	|61	|48	|52	|76	|41	|57	|52	|56	|66	|43	|0	|245	|0	|451	|377	|239	|327	|351	|206	|261	|234	|309	|291	|198	|290	|290	|0	|245	|380	|362	|325	|302	|227	|343	|328	|333	|277	|291	|312	|1703	|209	|295	|263	|221	|319	|317	|299	|307	|203	|302	|331	|198	|245	|324	|326	|1703	|273	|294	|344	|324	|203	|348	|251	|331	|272	|287	|
________________________________________________________
4	|109	|103	|35	|2740	|0	|86	|61	|113	|65	|0	|68	|131	|51	|58	|126	|110	|738	|547	|0	|471	|0	|409	|523	|527	|480	|301	|386	|592	|342	|296	|434	|468	|562	|573	|481	|0	|514	|487	|473	|406	|604	|407	|471	|445	|546	|310	|324	|2740	|421	|387	|526	|533	|594	|461	|411	|568	|578	|463	|470	|480	|546	|415	|2740	|426	|512	|500	|512	|459	|475	|530	|483	|428	|
________________________________________________________
5	|137	|112	|82	|0	|3042	|64	|68	|110	|79	|118	|58	|101	|93	|87	|0	|105	|702	|568	|445	|752	|3042	|359	|517	|641	|517	|313	|524	|555	|470	|426	|519	|513	|491	|487	|660	|604	|466	|462	|638	|475	|3042	|584	|587	|564	|609	|454	|415	|0	|298	|0	|597	|578	|661	|501	|382	|497	|642	|458	|513	|489	|498	|469	|633	|352	|503	|482	|674	|569	|469	|0	|589	|589	|
________________________________________________________
6	|82	|133	|80	|86	|64	|2677	|50	|95	|51	|107	|72	|97	|95	|114	|106	|136	|673	|503	|346	|654	|461	|307	|2677	|563	|447	|298	|337	|466	|383	|288	|537	|342	|327	|494	|469	|493	|422	|435	|472	|2677	|457	|521	|518	|524	|482	|369	|361	|518	|414	|0	|374	|0	|632	|450	|353	|537	|483	|374	|552	|365	|340	|558	|437	|426	|429	|447	|0	|347	|562	|586	|559	|504	|
________________________________________________________
7	|85	|0	|61	|61	|68	|50	|2128	|66	|49	|51	|51	|60	|69	|84	|95	|62	|518	|398	|316	|0	|316	|0	|428	|443	|334	|220	|290	|280	|392	|276	|366	|387	|307	|490	|420	|375	|366	|343	|0	|264	|421	|431	|390	|369	|389	|270	|316	|417	|2128	|238	|359	|455	|486	|339	|262	|309	|434	|287	|313	|370	|394	|393	|330	|324	|313	|332	|406	|2128	|382	|432	|386	|388	|
________________________________________________________
8	|126	|138	|48	|113	|110	|95	|66	|3009	|64	|78	|47	|86	|79	|0	|102	|120	|755	|578	|439	|736	|661	|0	|384	|0	|527	|316	|356	|510	|445	|419	|667	|440	|586	|497	|722	|453	|529	|505	|634	|521	|446	|0	|556	|567	|554	|414	|343	|602	|414	|333	|3009	|632	|697	|519	|343	|527	|472	|415	|544	|551	|617	|405	|553	|270	|482	|457	|715	|533	|3009	|611	|532	|574	|
________________________________________________________
9	|100	|55	|52	|65	|79	|51	|49	|64	|1955	|50	|39	|69	|65	|50	|69	|76	|325	|445	|246	|340	|368	|256	|301	|327	|444	|1955	|233	|325	|338	|225	|385	|368	|400	|359	|445	|324	|1955	|361	|337	|316	|379	|307	|368	|230	|213	|319	|252	|312	|295	|228	|295	|323	|0	|209	|0	|469	|395	|259	|360	|367	|361	|334	|402	|309	|278	|0	|379	|317	|360	|329	|426	|249	|
________________________________________________________
10	|100	|122	|76	|0	|118	|107	|51	|78	|50	|2818	|80	|104	|90	|111	|0	|85	|602	|453	|427	|636	|561	|462	|454	|431	|536	|298	|304	|2818	|531	|418	|574	|550	|602	|527	|580	|2818	|489	|603	|500	|422	|567	|530	|454	|476	|478	|352	|400	|586	|293	|333	|452	|456	|807	|571	|0	|418	|0	|389	|520	|549	|523	|464	|0	|369	|544	|593	|541	|471	|434	|597	|440	|503	|
________________________________________________________
11	|0	|106	|41	|68	|58	|72	|51	|47	|39	|80	|2346	|83	|43	|103	|89	|55	|471	|462	|359	|509	|411	|333	|394	|367	|0	|159	|0	|467	|365	|323	|439	|439	|490	|458	|0	|381	|476	|461	|408	|348	|337	|552	|385	|462	|486	|327	|312	|368	|302	|256	|396	|401	|658	|2346	|265	|488	|457	|293	|460	|480	|441	|369	|402	|2346	|376	|468	|430	|366	|271	|472	|307	|448	|
________________________________________________________
12	|109	|163	|57	|131	|101	|97	|60	|86	|69	|104	|83	|3319	|0	|120	|117	|144	|741	|531	|449	|772	|476	|420	|515	|550	|660	|405	|0	|406	|0	|473	|649	|636	|672	|644	|713	|763	|528	|0	|587	|503	|580	|575	|709	|471	|604	|344	|424	|646	|342	|401	|533	|522	|812	|556	|383	|3319	|665	|464	|616	|583	|608	|589	|627	|507	|3319	|576	|645	|557	|538	|548	|666	|663	|
________________________________________________________
13	|88	|64	|52	|51	|93	|95	|69	|79	|65	|90	|43	|0	|2451	|59	|52	|85	|524	|409	|295	|405	|482	|306	|402	|465	|466	|318	|349	|489	|2451	|257	|396	|537	|440	|399	|512	|457	|492	|454	|467	|433	|500	|426	|2451	|466	|431	|284	|299	|295	|416	|338	|402	|417	|649	|429	|316	|0	|285	|0	|491	|509	|374	|395	|419	|318	|536	|339	|531	|482	|492	|490	|363	|0	|
________________________________________________________
14	|67	|109	|56	|58	|87	|114	|84	|0	|50	|111	|103	|120	|59	|2742	|91	|76	|597	|474	|335	|539	|419	|393	|547	|502	|538	|364	|327	|510	|396	|301	|2742	|584	|493	|458	|359	|545	|411	|492	|558	|476	|541	|2742	|490	|575	|446	|315	|347	|503	|356	|382	|586	|388	|680	|502	|385	|613	|558	|0	|364	|0	|408	|393	|372	|518	|451	|533	|561	|519	|0	|389	|568	|573	|
________________________________________________________
15	|86	|98	|66	|126	|0	|106	|95	|102	|69	|0	|89	|117	|52	|91	|3006	|76	|697	|502	|320	|555	|662	|482	|505	|513	|581	|352	|408	|0	|312	|0	|655	|631	|522	|473	|500	|661	|512	|483	|596	|502	|0	|425	|600	|603	|503	|338	|509	|593	|452	|386	|493	|479	|790	|560	|454	|676	|3006	|338	|478	|618	|483	|442	|596	|492	|491	|488	|606	|529	|578	|3006	|552	|626	|
________________________________________________________
16	|95	|88	|43	|110	|105	|136	|62	|120	|76	|85	|55	|144	|85	|76	|76	|3006	|651	|492	|382	|621	|489	|383	|670	|439	|547	|366	|376	|581	|546	|0	|383	|0	|528	|452	|592	|517	|645	|414	|597	|524	|618	|574	|419	|0	|468	|332	|348	|538	|376	|379	|567	|339	|755	|560	|371	|657	|549	|368	|3006	|651	|510	|438	|512	|367	|589	|350	|630	|534	|596	|506	|3006	|556	|
________________________________________________________
17	|769	|868	|0	|738	|702	|673	|518	|755	|325	|602	|471	|741	|524	|597	|697	|651	|22037	|4143	|3080	|4968	|4268	|3067	|4015	|4064	|4075	|1830	|2569	|3674	|3222	|2500	|3698	|3771	|3977	|3727	|4112	|3730	|3466	|3596	|3818	|3280	|3754	|3568	|3646	|3633	|3157	|0	|3053	|4174	|3186	|2813	|4204	|4209	|5497	|3301	|2917	|4107	|3847	|2657	|3637	|3789	|3595	|3181	|3685	|3075	|3681	|3711	|4182	|3585	|3844	|3713	|3703	|3728	|
________________________________________________________
18	|3282	|602	|245	|547	|568	|503	|398	|578	|445	|453	|462	|531	|409	|474	|502	|492	|4143	|16760	|2060	|3902	|3246	|2341	|3091	|3201	|3354	|2412	|2025	|2785	|2433	|1859	|2866	|2824	|3016	|2784	|3282	|2883	|2696	|2703	|2917	|2397	|2874	|2777	|2740	|2830	|0	|1520	|0	|3233	|2444	|2172	|3141	|3245	|3190	|3235	|1993	|3043	|2899	|1926	|2756	|2830	|2799	|2469	|2774	|2351	|2802	|2810	|3205	|2650	|2851	|2802	|2839	|2790	|
________________________________________________________
19	|419	|441	|0	|0	|445	|346	|316	|439	|246	|427	|359	|449	|295	|335	|320	|382	|3080	|2060	|12263	|2525	|2599	|1892	|2261	|2238	|2219	|1140	|1711	|2040	|1766	|1372	|2030	|2070	|2746	|2152	|2358	|2519	|2228	|2264	|2441	|1629	|2040	|1979	|2034	|2064	|2491	|0	|1169	|0	|1958	|1566	|2371	|2256	|2922	|2081	|1626	|2254	|2020	|1483	|2072	|2090	|2428	|0	|0	|2136	|2289	|2297	|2533	|2012	|2063	|2055	|1999	|2101	|
________________________________________________________
20	|657	|3563	|451	|471	|752	|654	|0	|736	|340	|636	|509	|772	|405	|539	|555	|621	|4968	|3902	|2525	|20039	|4052	|2787	|3652	|3722	|3497	|2108	|2165	|3770	|2346	|2243	|3333	|3443	|3527	|3563	|3779	|3418	|3374	|3343	|3392	|2997	|3514	|3230	|3410	|3360	|3858	|2709	|0	|2894	|0	|2763	|3812	|3771	|4531	|3359	|2436	|4330	|3007	|2568	|3270	|3328	|3194	|2931	|3288	|2915	|3384	|3347	|3782	|3213	|3439	|3380	|3420	|3288	|
________________________________________________________
21	|698	|680	|377	|0	|3042	|461	|316	|661	|368	|561	|411	|476	|482	|419	|662	|489	|4268	|3246	|2599	|4052	|17213	|2139	|3248	|3241	|2891	|1855	|2241	|3279	|3003	|1966	|2849	|2903	|3031	|2797	|3326	|2993	|2774	|2816	|3048	|2574	|3042	|2760	|2851	|2902	|3300	|2344	|2278	|0	|1749	|0	|3356	|3295	|3807	|2791	|2093	|2672	|3609	|2062	|2744	|2826	|2824	|2536	|2820	|2413	|2826	|2792	|3243	|2789	|3050	|2932	|2842	|2909	|
________________________________________________________
22	|470	|487	|239	|409	|359	|307	|0	|0	|256	|462	|333	|420	|306	|393	|482	|383	|3067	|2341	|1892	|2787	|2139	|12302	|1985	|2468	|2030	|1333	|1531	|2113	|1570	|1639	|2004	|2104	|2201	|2067	|2206	|2318	|2014	|2094	|2680	|1816	|2079	|2395	|2343	|2326	|2362	|1611	|1531	|2420	|0	|1237	|0	|2550	|2809	|2069	|1521	|2470	|2251	|1642	|1959	|2157	|2058	|1795	|2087	|1904	|2056	|2081	|2810	|0	|0	|2545	|2290	|2303	|
________________________________________________________
23	|601	|656	|327	|523	|517	|2677	|428	|384	|301	|454	|394	|515	|402	|547	|505	|670	|4015	|3091	|2261	|3652	|3248	|1985	|16311	|3287	|2725	|1746	|1949	|2666	|2497	|1611	|3277	|2091	|2926	|2730	|3160	|2728	|2628	|2693	|2731	|2677	|2833	|2649	|2726	|2797	|3143	|2203	|2064	|3030	|2514	|0	|2192	|0	|3823	|2741	|2009	|2959	|2805	|1981	|3383	|2329	|2668	|2474	|2763	|2353	|2649	|2766	|2928	|2652	|2761	|2790	|2918	|2795	|
________________________________________________________
24	|602	|657	|351	|527	|641	|563	|443	|0	|327	|431	|367	|550	|465	|502	|513	|439	|4064	|3201	|2238	|3722	|3241	|2468	|3287	|16667	|2855	|1850	|1982	|2695	|2452	|2066	|3198	|3231	|3081	|2795	|3176	|2816	|2746	|2788	|2841	|2418	|2805	|2733	|2716	|2693	|3078	|2264	|2071	|3162	|2533	|2353	|0	|1345	|3802	|2729	|2074	|3039	|2820	|2026	|2377	|3570	|2760	|2549	|2768	|2352	|2776	|2807	|3038	|2607	|2754	|2789	|2814	|2775	|
________________________________________________________
25	|651	|629	|206	|480	|517	|447	|334	|527	|444	|536	|0	|660	|466	|538	|581	|547	|4075	|3354	|2219	|3497	|2891	|2030	|2725	|2855	|16851	|2444	|2459	|3155	|2782	|2066	|3268	|3279	|3075	|2806	|3207	|2784	|2760	|2707	|2989	|2556	|2933	|2748	|2782	|2724	|3347	|1494	|1834	|2815	|2152	|1899	|2805	|2791	|3176	|0	|2481	|3628	|3247	|2326	|3152	|3248	|2816	|2499	|2812	|2416	|2707	|2734	|3182	|2669	|2880	|2856	|2919	|2905	|
________________________________________________________
26	|453	|311	|261	|301	|313	|298	|220	|316	|1955	|298	|159	|405	|318	|364	|352	|366	|1830	|2412	|1140	|2108	|1855	|1333	|1746	|1850	|2444	|10819	|1320	|2065	|1800	|1345	|2110	|2076	|1960	|1801	|2023	|1848	|1955	|1838	|1913	|1626	|1823	|1859	|1838	|1793	|1211	|1830	|1205	|1797	|1366	|1279	|1760	|1776	|0	|1191	|0	|2369	|2030	|1428	|2033	|2090	|1745	|1556	|1823	|1581	|1758	|1730	|1989	|1771	|1870	|1891	|1818	|1850	|
________________________________________________________
27	|457	|462	|234	|386	|524	|337	|290	|356	|233	|304	|0	|0	|349	|327	|408	|376	|2569	|2025	|1711	|2165	|2241	|1531	|1949	|1982	|2459	|1320	|11838	|1943	|2166	|1566	|2183	|2108	|2385	|2241	|2713	|1967	|1913	|2443	|2074	|1799	|2232	|1710	|1983	|1999	|1943	|1373	|1430	|1902	|1755	|1345	|1900	|2012	|3199	|0	|1262	|0	|2369	|1608	|2160	|2130	|2217	|1990	|2469	|0	|0	|2486	|2174	|1928	|2234	|2033	|1995	|1993	|
________________________________________________________
28	|547	|645	|309	|592	|555	|466	|280	|510	|325	|2818	|467	|406	|489	|510	|0	|581	|3674	|2785	|2040	|3770	|3279	|2113	|2666	|2695	|3155	|2065	|1943	|16567	|3071	|2271	|3145	|3195	|3098	|2782	|3212	|2818	|2669	|2797	|2875	|2489	|2796	|2634	|2773	|2779	|2834	|1974	|1862	|3419	|1716	|2000	|2770	|2733	|4249	|3151	|0	|2473	|0	|2361	|3124	|3173	|2658	|2369	|2813	|2327	|2716	|2757	|3172	|2707	|2929	|2789	|2726	|2869	|
________________________________________________________
29	|488	|405	|291	|342	|470	|383	|392	|445	|338	|531	|365	|0	|2451	|396	|312	|546	|3222	|2433	|1766	|2346	|3003	|1570	|2497	|2452	|2782	|1800	|2166	|3071	|14738	|1652	|2786	|2874	|2642	|2375	|3009	|2515	|2377	|2295	|2543	|2295	|2430	|2421	|2451	|2498	|2484	|1724	|1829	|1867	|2523	|1657	|2452	|2462	|3769	|2740	|2110	|0	|1747	|0	|2780	|2838	|2362	|2244	|2600	|1927	|2375	|2440	|2749	|2364	|2526	|2477	|2488	|2504	|
________________________________________________________
30	|375	|389	|198	|296	|426	|288	|276	|419	|225	|418	|323	|473	|257	|301	|0	|0	|2500	|1859	|1372	|2243	|1966	|1639	|1611	|2066	|2066	|1345	|1566	|2271	|1652	|11280	|1997	|2176	|2043	|1902	|2121	|1913	|1579	|2044	|2241	|1798	|2277	|1797	|1883	|2276	|1893	|1288	|1247	|1890	|1544	|1520	|1852	|2070	|2908	|2130	|1638	|2478	|0	|1150	|0	|2239	|1864	|1663	|1816	|1606	|1843	|2093	|2342	|2004	|2324	|0	|0	|2283	|
________________________________________________________
31	|568	|603	|290	|434	|519	|537	|366	|667	|385	|574	|439	|649	|396	|2742	|655	|383	|3698	|2866	|2030	|3333	|2849	|2004	|3277	|3198	|3268	|2110	|2183	|3145	|2786	|1997	|16758	|3520	|3083	|2870	|3191	|2891	|2826	|2782	|2945	|2487	|2892	|2742	|2855	|2782	|2805	|1916	|1887	|2825	|2164	|1899	|3668	|2412	|4255	|3148	|2293	|3579	|3311	|0	|2085	|0	|2717	|2500	|2837	|2428	|2723	|2738	|3069	|2684	|2791	|2832	|2796	|2705	|
________________________________________________________
32	|521	|610	|290	|468	|513	|342	|387	|440	|368	|550	|439	|636	|537	|584	|631	|0	|3771	|2824	|2070	|3443	|2903	|2104	|2091	|3231	|3279	|2076	|2108	|3195	|2874	|2176	|3520	|16823	|3069	|2861	|3201	|2859	|2878	|2767	|2975	|2513	|2874	|2730	|2800	|2664	|2759	|1967	|1892	|2869	|2158	|2073	|2344	|3604	|4219	|3202	|2324	|3570	|3248	|2425	|0	|1538	|2868	|2507	|2794	|2383	|2753	|2737	|3111	|2694	|2830	|2847	|2781	|2792	|
________________________________________________________
33	|729	|671	|0	|562	|491	|327	|307	|586	|400	|602	|490	|672	|440	|493	|522	|528	|3977	|3016	|2746	|3527	|3031	|2201	|2926	|3081	|3075	|1960	|2385	|3098	|2642	|2043	|3083	|3069	|18083	|3347	|3927	|3387	|3446	|3331	|3726	|1806	|3055	|2992	|3052	|3016	|3003	|2074	|2453	|2932	|2312	|2377	|2971	|3007	|4074	|3035	|2485	|3342	|3008	|2127	|3065	|3044	|2754	|0	|3419	|2808	|3442	|3359	|4293	|2502	|3095	|3048	|3083	|3078	|
________________________________________________________
34	|545	|3563	|245	|573	|487	|494	|490	|497	|359	|527	|458	|644	|399	|458	|473	|452	|3727	|2784	|2152	|3563	|2797	|2067	|2730	|2795	|2806	|1801	|2241	|2782	|2375	|1902	|2870	|2861	|3347	|16985	|3640	|3250	|3157	|3201	|3381	|2828	|2872	|2817	|2893	|2883	|2809	|1950	|0	|2867	|2195	|1914	|2835	|2720	|3901	|2891	|2322	|3238	|2891	|1989	|2751	|2814	|0	|2230	|3210	|2733	|3262	|3210	|2849	|3649	|2900	|2853	|2768	|2821	|
________________________________________________________
35	|3282	|665	|380	|481	|660	|469	|420	|722	|445	|580	|0	|713	|512	|359	|500	|592	|4112	|3282	|2358	|3779	|3326	|2206	|3160	|3176	|3207	|2023	|2713	|3212	|3009	|2121	|3191	|3201	|3927	|3640	|19153	|3507	|3488	|3530	|3357	|2893	|3623	|2281	|3170	|3124	|3136	|2272	|0	|3180	|2495	|2222	|3201	|3159	|4431	|3186	|2861	|3375	|3364	|2496	|3204	|3205	|3651	|3216	|2880	|0	|3565	|3614	|3616	|3153	|4135	|2801	|3208	|3273	|
________________________________________________________
36	|614	|745	|362	|0	|604	|493	|375	|453	|324	|2818	|381	|763	|457	|545	|661	|517	|3730	|2883	|2519	|3418	|2993	|2318	|2728	|2816	|2784	|1848	|1967	|2818	|2515	|1913	|2891	|2859	|3387	|3250	|3507	|17083	|3288	|3243	|2988	|2611	|3344	|3280	|2845	|2864	|2836	|1957	|2375	|2809	|2157	|1937	|2857	|2788	|3922	|2875	|0	|3201	|2874	|1983	|2838	|2872	|3121	|2846	|0	|2149	|3356	|3246	|3174	|2755	|2508	|3790	|2893	|2928	|
________________________________________________________
37	|586	|655	|325	|514	|466	|422	|366	|529	|1955	|489	|476	|528	|492	|411	|512	|645	|3466	|2696	|2228	|3374	|2774	|2014	|2628	|2746	|2760	|1955	|1913	|2669	|2377	|1579	|2826	|2878	|3446	|3157	|3488	|3288	|16469	|2913	|2928	|2470	|2760	|2771	|3192	|1978	|2773	|1922	|2125	|2694	|2200	|1871	|2721	|2756	|3627	|2767	|0	|3065	|2796	|1946	|2778	|2818	|3098	|2773	|3019	|2679	|2541	|0	|3096	|2667	|2827	|2841	|3612	|2296	|
________________________________________________________
38	|587	|706	|302	|487	|462	|435	|343	|505	|361	|603	|461	|0	|454	|492	|483	|414	|3596	|2703	|2264	|3343	|2816	|2094	|2693	|2788	|2707	|1838	|2443	|2797	|2295	|2044	|2782	|2767	|3331	|3201	|3530	|3243	|2913	|16482	|2905	|2478	|2723	|2709	|3141	|3222	|2777	|1921	|2039	|2734	|2097	|1873	|2756	|2737	|3591	|2676	|2379	|3006	|2780	|1914	|2690	|2737	|3182	|2776	|3132	|2673	|0	|2472	|3061	|2600	|2806	|2821	|2344	|3537	|
________________________________________________________
39	|632	|650	|227	|473	|638	|472	|0	|634	|337	|500	|408	|587	|467	|558	|596	|597	|3818	|2917	|2441	|3392	|3048	|2680	|2731	|2841	|2989	|1913	|2074	|2875	|2543	|2241	|2945	|2975	|3726	|3381	|3357	|2988	|2928	|2905	|17613	|2759	|3421	|3315	|3367	|3277	|2968	|2078	|2004	|2859	|2317	|2456	|2969	|2888	|3954	|2915	|2173	|3349	|3070	|2373	|2974	|2958	|3783	|2091	|2926	|2401	|2938	|2934	|3189	|0	|3417	|3404	|3331	|3423	|
________________________________________________________
40	|388	|604	|343	|406	|475	|2677	|264	|521	|316	|422	|348	|503	|433	|476	|502	|524	|3280	|2397	|1629	|2997	|2574	|1816	|2677	|2418	|2556	|1626	|1799	|2489	|2295	|1798	|2487	|2513	|1806	|2828	|2893	|2611	|2470	|2478	|2759	|15017	|2869	|2764	|2857	|2825	|2539	|1710	|1700	|2455	|1963	|0	|2584	|2419	|3380	|2492	|1845	|2782	|2600	|2058	|2461	|2459	|1986	|3119	|2446	|2174	|2485	|2542	|0	|1990	|2899	|2867	|2942	|2871	|
________________________________________________________
41	|638	|596	|328	|604	|3042	|457	|421	|446	|379	|567	|337	|580	|500	|541	|0	|618	|3754	|2874	|2040	|3514	|3042	|2079	|2833	|2805	|2933	|1823	|2232	|2796	|2430	|2277	|2892	|2874	|3055	|2872	|3623	|3344	|2760	|2723	|3421	|2869	|17000	|3194	|3238	|3196	|2849	|2007	|1935	|2795	|2222	|0	|2760	|2799	|3845	|2788	|2071	|3171	|2977	|2491	|2866	|2818	|2923	|2557	|3639	|1997	|2802	|2760	|3593	|3071	|2539	|0	|3248	|3296	|
________________________________________________________
42	|422	|609	|333	|407	|584	|521	|431	|0	|307	|530	|552	|575	|426	|2742	|425	|574	|3568	|2777	|1979	|3230	|2760	|2395	|2649	|2733	|2748	|1859	|1710	|2634	|2421	|1797	|2742	|2730	|2992	|2817	|2281	|3280	|2771	|2709	|3315	|2764	|3194	|16447	|3170	|3171	|2755	|1853	|2032	|2865	|2171	|2330	|2739	|2742	|3645	|2702	|2003	|3106	|2737	|0	|2717	|2793	|2605	|2410	|2326	|3201	|2770	|2730	|3440	|2995	|0	|2412	|3155	|3219	|
________________________________________________________
43	|540	|582	|277	|471	|587	|518	|390	|556	|368	|454	|385	|709	|2451	|490	|600	|419	|3646	|2740	|2034	|3410	|2851	|2343	|2726	|2716	|2782	|1838	|1983	|2773	|2451	|1883	|2855	|2800	|3052	|2893	|3170	|2845	|3192	|3141	|3367	|2857	|3238	|3170	|16639	|3049	|2861	|1967	|1863	|2774	|2091	|2229	|2765	|2704	|3722	|2722	|2016	|3086	|2783	|0	|2741	|2783	|2760	|2478	|2798	|2357	|3521	|2322	|3544	|3051	|3100	|3212	|2393	|0	|
________________________________________________________
44	|533	|640	|291	|445	|564	|524	|369	|567	|230	|476	|462	|471	|466	|575	|603	|0	|3633	|2830	|2064	|3360	|2902	|2326	|2797	|2693	|2724	|1793	|1999	|2779	|2498	|2276	|2782	|2664	|3016	|2883	|3124	|2864	|1978	|3222	|3277	|2825	|3196	|3171	|3049	|16657	|2820	|1903	|1830	|2740	|2130	|2133	|2809	|2682	|3818	|2767	|2235	|3024	|2760	|2371	|2702	|2760	|2716	|2454	|2782	|2354	|2305	|3542	|3521	|3002	|3231	|3236	|0	|2435	|
________________________________________________________
45	|0	|722	|312	|546	|609	|482	|389	|554	|213	|478	|486	|604	|431	|446	|503	|468	|3157	|0	|2491	|3858	|3300	|2362	|3143	|3078	|3347	|1211	|1943	|2834	|2484	|1893	|2805	|2759	|3003	|2809	|3136	|2836	|2773	|2777	|2968	|2539	|2849	|2755	|2861	|2820	|16740	|2297	|2225	|3136	|2450	|2174	|3142	|3150	|4473	|3377	|2185	|3152	|2874	|2030	|2795	|2782	|2744	|2506	|2765	|2313	|2723	|2762	|3097	|2734	|2812	|2791	|2701	|2773	|
________________________________________________________
46	|312	|506	|1703	|310	|454	|369	|270	|414	|319	|352	|327	|344	|284	|315	|338	|332	|0	|1520	|0	|2709	|2344	|1611	|2203	|2264	|1494	|1830	|1373	|1974	|1724	|1288	|1916	|1967	|2074	|1950	|2272	|1957	|1922	|1921	|2078	|1710	|2007	|1853	|1967	|1903	|2297	|11597	|1315	|2235	|1736	|1493	|2208	|2179	|2119	|2349	|1184	|2187	|1965	|1361	|1910	|1902	|1975	|1703	|1930	|1634	|1901	|1945	|2106	|1891	|2035	|1977	|1929	|1920	|
________________________________________________________
47	|0	|0	|209	|324	|415	|361	|316	|343	|252	|400	|312	|424	|299	|347	|509	|348	|3053	|0	|1169	|0	|2278	|1531	|2064	|2071	|1834	|1205	|1430	|1862	|1829	|1247	|1887	|1892	|2453	|0	|0	|2375	|2125	|2039	|2004	|1700	|1935	|2032	|1863	|1830	|2225	|1315	|11129	|1874	|1815	|1521	|2051	|2006	|2510	|1829	|1598	|1910	|2049	|1368	|1811	|1815	|2231	|1715	|1843	|1940	|2076	|2046	|1995	|1774	|1656	|2129	|1890	|1903	|
________________________________________________________
48	|678	|531	|295	|2740	|0	|518	|417	|602	|312	|586	|368	|646	|295	|503	|593	|538	|4174	|3233	|0	|2894	|0	|2420	|3030	|3162	|2815	|1797	|1902	|3419	|1867	|1890	|2825	|2869	|2932	|2867	|3180	|2809	|2694	|2734	|2859	|2455	|2795	|2865	|2774	|2740	|3136	|2235	|1874	|16610	|2582	|2390	|3120	|3095	|3737	|2817	|2057	|3642	|3376	|2160	|2781	|2799	|2734	|2528	|2740	|2336	|2757	|2740	|3119	|2703	|2805	|2792	|2851	|2767	|
________________________________________________________
49	|504	|0	|263	|421	|298	|414	|2128	|414	|295	|293	|302	|342	|416	|356	|452	|376	|3186	|2444	|1958	|0	|1749	|0	|2514	|2533	|2152	|1366	|1755	|1716	|2523	|1544	|2164	|2158	|2312	|2195	|2495	|2157	|2200	|2097	|2317	|1963	|2222	|2171	|2091	|2130	|2450	|1736	|1815	|2582	|13093	|1542	|2491	|2529	|3050	|2175	|1635	|1818	|2640	|1450	|2219	|2231	|2033	|1935	|2215	|1864	|2048	|2129	|2401	|2128	|2275	|2197	|2145	|2201	|
________________________________________________________
50	|434	|489	|221	|387	|0	|0	|238	|333	|228	|333	|256	|401	|338	|382	|386	|379	|2813	|2172	|1566	|2763	|0	|1237	|0	|2353	|1899	|1279	|1345	|2000	|1657	|1520	|1899	|2073	|2377	|1914	|2222	|1937	|1871	|1873	|2456	|0	|0	|2330	|2229	|2133	|2174	|1493	|1521	|2390	|1542	|11525	|1976	|2327	|2585	|1943	|1422	|2163	|1910	|1639	|1797	|2176	|2188	|1510	|1940	|1614	|1998	|1895	|2630	|1928	|1938	|2341	|2177	|2180	|
________________________________________________________
51	|628	|714	|319	|526	|597	|374	|359	|3009	|295	|452	|396	|533	|402	|586	|493	|567	|4204	|3141	|2371	|3812	|3356	|0	|2192	|0	|2805	|1760	|1900	|2770	|2452	|1852	|3668	|2344	|2971	|2835	|3201	|2857	|2721	|2756	|2969	|2584	|2760	|2739	|2765	|2809	|3142	|2208	|2051	|3120	|2491	|1976	|16776	|3341	|3785	|2750	|2014	|3091	|2757	|1981	|3207	|3142	|2789	|2534	|2746	|2370	|2767	|2799	|3130	|2761	|3009	|2866	|2774	|2769	|
________________________________________________________
52	|601	|649	|317	|533	|578	|0	|455	|632	|323	|456	|401	|522	|417	|388	|479	|339	|4209	|3245	|2256	|3771	|3295	|2550	|0	|1345	|2791	|1776	|2012	|2733	|2462	|2070	|2412	|3604	|3007	|2720	|3159	|2788	|2756	|2737	|2888	|2419	|2799	|2742	|2704	|2682	|3150	|2179	|2006	|3095	|2529	|2327	|3341	|16632	|3715	|2820	|2066	|3035	|2793	|1946	|1954	|3143	|2703	|2512	|2815	|2341	|2763	|2729	|2995	|2628	|2786	|2746	|2704	|2674	|
________________________________________________________
53	|640	|888	|299	|594	|661	|632	|486	|697	|0	|807	|658	|812	|649	|680	|790	|755	|5497	|3190	|2922	|4531	|3807	|2809	|3823	|3802	|3176	|0	|3199	|4249	|3769	|2908	|4255	|4219	|4074	|3901	|4431	|3922	|3627	|3591	|3954	|3380	|3845	|3645	|3722	|3818	|4473	|2119	|2510	|3737	|3050	|2585	|3785	|3715	|22594	|4348	|3091	|4757	|4348	|3096	|4229	|4255	|3784	|3403	|3714	|3255	|3809	|3709	|4235	|3600	|3796	|3887	|3796	|3810	|
________________________________________________________
54	|650	|622	|307	|461	|501	|450	|339	|519	|209	|571	|2346	|556	|429	|502	|560	|560	|3301	|3235	|2081	|3359	|2791	|2069	|2741	|2729	|0	|1191	|0	|3151	|2740	|2130	|3148	|3202	|3035	|2891	|3186	|2875	|2767	|2676	|2915	|2492	|2788	|2702	|2722	|2767	|3377	|2349	|1829	|2817	|2175	|1943	|2750	|2820	|4348	|16613	|1975	|3564	|3202	|2260	|3179	|3212	|2645	|2419	|2675	|2346	|2792	|2771	|3066	|2633	|2875	|2811	|2784	|2860	|
________________________________________________________
55	|469	|471	|203	|411	|382	|353	|262	|343	|0	|0	|265	|383	|316	|385	|454	|371	|2917	|1993	|1626	|2436	|2093	|1521	|2009	|2074	|2481	|0	|1262	|0	|2110	|1638	|2293	|2324	|2485	|2322	|2861	|0	|0	|2379	|2173	|1845	|2071	|2003	|2016	|2235	|2185	|1184	|1598	|2057	|1635	|1422	|2014	|2066	|3091	|1975	|12165	|2318	|2540	|1718	|2208	|2356	|2278	|2076	|2550	|1725	|2046	|2409	|2183	|1878	|2013	|1972	|1804	|2242	|
________________________________________________________
56	|577	|776	|302	|568	|497	|537	|309	|527	|469	|418	|488	|3319	|0	|613	|676	|657	|4107	|3043	|2254	|4330	|2672	|2470	|2959	|3039	|3628	|2369	|0	|2473	|0	|2478	|3579	|3570	|3342	|3238	|3375	|3201	|3065	|3006	|3349	|2782	|3171	|3106	|3086	|3024	|3152	|2187	|1910	|3642	|1818	|2163	|3091	|3035	|4757	|3564	|2318	|18523	|3807	|2553	|3473	|3468	|3175	|2843	|2838	|2834	|3319	|2973	|3434	|2985	|3089	|3219	|3204	|3145	|
________________________________________________________
57	|552	|541	|331	|578	|642	|483	|434	|472	|395	|0	|457	|665	|285	|558	|3006	|549	|3847	|2899	|2020	|3007	|3609	|2251	|2805	|2820	|3247	|2030	|2369	|0	|1747	|0	|3311	|3248	|3008	|2891	|3364	|2874	|2796	|2780	|3070	|2600	|2977	|2737	|2783	|2760	|2874	|1965	|2049	|3376	|2640	|1910	|2757	|2793	|4348	|3202	|2540	|3807	|17009	|2170	|3218	|3286	|2732	|2551	|2887	|2350	|2759	|2765	|3137	|2673	|2834	|3006	|2932	|2884	|
________________________________________________________
58	|412	|433	|198	|463	|458	|374	|287	|415	|259	|389	|293	|464	|0	|0	|338	|368	|2657	|1926	|1483	|2568	|2062	|1642	|1981	|2026	|2326	|1428	|1608	|2361	|0	|1150	|0	|2425	|2127	|1989	|2496	|1983	|1946	|1914	|2373	|2058	|2491	|0	|0	|2371	|2030	|1361	|1368	|2160	|1450	|1639	|1981	|1946	|3096	|2260	|1718	|2553	|2170	|11984	|2069	|2420	|1956	|1717	|2154	|1472	|2075	|1904	|2450	|2114	|2414	|1997	|2110	|2501	|
________________________________________________________
59	|543	|578	|245	|470	|513	|552	|313	|544	|360	|520	|460	|616	|491	|364	|478	|3006	|3637	|2756	|2072	|3270	|2744	|1959	|3383	|2377	|3152	|2033	|2160	|3124	|2780	|0	|2085	|0	|3065	|2751	|3204	|2838	|2778	|2690	|2974	|2461	|2866	|2717	|2741	|2702	|2795	|1910	|1811	|2781	|2219	|1797	|3207	|1954	|4229	|3179	|2208	|3473	|3218	|2069	|16498	|3451	|2783	|2452	|2727	|2309	|2671	|2820	|3067	|2654	|2786	|2768	|3006	|2697	|
________________________________________________________
60	|558	|564	|324	|480	|489	|365	|370	|551	|367	|549	|480	|583	|509	|0	|618	|651	|3789	|2830	|2090	|3328	|2826	|2157	|2329	|3570	|3248	|2090	|2130	|3173	|2838	|2239	|0	|1538	|3044	|2814	|3205	|2872	|2818	|2737	|2958	|2459	|2818	|2793	|2783	|2760	|2782	|1902	|1815	|2799	|2231	|2176	|3142	|3143	|4255	|3212	|2356	|3468	|3286	|2420	|3451	|16738	|2802	|2511	|2701	|2433	|2700	|2738	|3164	|2596	|2796	|2831	|2794	|2792	|
________________________________________________________
61	|637	|0	|326	|546	|498	|340	|394	|617	|361	|523	|441	|608	|374	|408	|483	|510	|3595	|2799	|2428	|3194	|2824	|2058	|2668	|2760	|2816	|1745	|2217	|2658	|2362	|1864	|2717	|2868	|2754	|0	|3651	|3121	|3098	|3182	|3783	|1986	|2923	|2605	|2760	|2716	|2744	|1975	|2231	|2734	|2033	|2188	|2789	|2703	|3784	|2645	|2278	|3175	|2732	|1956	|2783	|2802	|16537	|2722	|3159	|2634	|3087	|3149	|3600	|3103	|2917	|2724	|2803	|2813	|
________________________________________________________
62	|527	|465	|1703	|415	|469	|558	|393	|405	|334	|464	|369	|589	|395	|393	|442	|438	|3181	|2469	|0	|2931	|2536	|1795	|2474	|2549	|2499	|1556	|1990	|2369	|2244	|1663	|2500	|2507	|0	|2230	|3216	|2846	|2773	|2776	|2091	|3119	|2557	|2410	|2478	|2454	|2506	|1703	|1715	|2528	|1935	|1510	|2534	|2512	|3403	|2419	|2076	|2843	|2551	|1717	|2452	|2511	|2722	|14882	|2887	|2444	|2806	|2828	|1852	|2799	|2558	|2478	|2513	|2398	|
________________________________________________________
63	|493	|707	|273	|2740	|633	|437	|330	|553	|402	|0	|402	|627	|419	|372	|596	|512	|3685	|2774	|0	|3288	|2820	|2087	|2763	|2768	|2812	|1823	|2469	|2813	|2600	|1816	|2837	|2794	|3419	|3210	|2880	|0	|3019	|3132	|2926	|2446	|3639	|2326	|2798	|2782	|2765	|1930	|1843	|2740	|2215	|1940	|2746	|2815	|3714	|2675	|2550	|2838	|2887	|2154	|2727	|2701	|3159	|2887	|16617	|2593	|3105	|3078	|3117	|2636	|3164	|3215	|2748	|2742	|
________________________________________________________
64	|0	|657	|294	|426	|352	|426	|324	|270	|309	|369	|2346	|507	|318	|518	|492	|367	|3075	|2351	|2136	|2915	|2413	|1904	|2353	|2352	|2416	|1581	|0	|2327	|1927	|1606	|2428	|2383	|2808	|2733	|0	|2149	|2679	|2673	|2401	|2174	|1997	|3201	|2357	|2354	|2313	|1634	|1940	|2336	|1864	|1614	|2370	|2341	|3255	|2346	|1725	|2834	|2350	|1472	|2309	|2433	|2634	|2444	|2593	|14147	|2668	|2638	|2576	|2330	|1563	|2799	|2372	|2336	|
________________________________________________________
65	|608	|674	|344	|512	|503	|429	|313	|482	|278	|544	|376	|3319	|536	|451	|491	|589	|3681	|2802	|2289	|3384	|2826	|2056	|2649	|2776	|2707	|1758	|0	|2716	|2375	|1843	|2723	|2753	|3442	|3262	|3565	|3356	|2541	|0	|2938	|2485	|2802	|2770	|3521	|2305	|2723	|1901	|2076	|2757	|2048	|1998	|2767	|2763	|3809	|2792	|2046	|3319	|2759	|2075	|2671	|2700	|3087	|2806	|3105	|2668	|16595	|2949	|3091	|2723	|2738	|2797	|3171	|3303	|
________________________________________________________
66	|629	|675	|324	|500	|482	|447	|332	|457	|0	|593	|468	|576	|339	|533	|488	|350	|3711	|2810	|2297	|3347	|2792	|2081	|2766	|2807	|2734	|1730	|2486	|2757	|2440	|2093	|2738	|2737	|3359	|3210	|3614	|3246	|0	|2472	|2934	|2542	|2760	|2730	|2322	|3542	|2762	|1945	|2046	|2740	|2129	|1895	|2799	|2729	|3709	|2771	|2409	|2973	|2765	|1904	|2820	|2738	|3149	|2828	|3078	|2638	|2949	|16610	|3114	|2634	|2742	|2857	|1933	|3238	|
________________________________________________________
67	|701	|585	|203	|512	|674	|0	|406	|715	|379	|541	|430	|645	|531	|561	|606	|630	|4182	|3205	|2533	|3782	|3243	|2810	|2928	|3038	|3182	|1989	|2174	|3172	|2749	|2342	|3069	|3111	|4293	|2849	|3616	|3174	|3096	|3061	|3189	|0	|3593	|3440	|3544	|3521	|3097	|2106	|1995	|3119	|2401	|2630	|3130	|2995	|4235	|3066	|2183	|3434	|3137	|2450	|3067	|3164	|3600	|1852	|3117	|2576	|3091	|3114	|18575	|3327	|3655	|3531	|3539	|3585	|
________________________________________________________
68	|524	|773	|348	|459	|569	|347	|2128	|533	|317	|471	|366	|557	|482	|519	|529	|534	|3585	|2650	|2012	|3213	|2789	|0	|2652	|2607	|2669	|1771	|1928	|2707	|2364	|2004	|2684	|2694	|2502	|3649	|3153	|2755	|2667	|2600	|0	|1990	|3071	|2995	|3051	|3002	|2734	|1891	|1774	|2703	|2128	|1928	|2761	|2628	|3600	|2633	|1878	|2985	|2673	|2114	|2654	|2596	|3103	|2799	|2636	|2330	|2723	|2634	|3327	|16068	|3184	|3051	|3043	|3012	|
________________________________________________________
69	|675	|590	|251	|475	|469	|562	|382	|3009	|360	|434	|271	|538	|492	|0	|578	|596	|3844	|2851	|2063	|3439	|3050	|0	|2761	|2754	|2880	|1870	|2234	|2929	|2526	|2324	|2791	|2830	|3095	|2900	|4135	|2508	|2827	|2806	|3417	|2899	|2539	|0	|3100	|3231	|2812	|2035	|1656	|2805	|2275	|1938	|3009	|2786	|3796	|2875	|2013	|3089	|2834	|2414	|2786	|2796	|2917	|2558	|3164	|1563	|2738	|2742	|3655	|3184	|16961	|3316	|3152	|3226	|
________________________________________________________
70	|517	|582	|331	|530	|0	|586	|432	|611	|329	|597	|472	|548	|490	|389	|3006	|506	|3713	|2802	|2055	|3380	|2932	|2545	|2790	|2789	|2856	|1891	|2033	|2789	|2477	|0	|2832	|2847	|3048	|2853	|2801	|3790	|2841	|2821	|3404	|2867	|0	|2412	|3212	|3236	|2791	|1977	|2129	|2792	|2197	|2341	|2866	|2746	|3887	|2811	|1972	|3219	|3006	|1997	|2768	|2831	|2724	|2478	|3215	|2799	|2797	|2857	|3531	|3051	|3316	|16901	|3287	|3230	|
________________________________________________________
71	|540	|568	|272	|483	|589	|559	|386	|532	|426	|440	|307	|666	|363	|568	|552	|3006	|3703	|2839	|1999	|3420	|2842	|2290	|2918	|2814	|2919	|1818	|1995	|2726	|2488	|0	|2796	|2781	|3083	|2768	|3208	|2893	|3612	|2344	|3331	|2942	|3248	|3155	|2393	|0	|2701	|1929	|1890	|2851	|2145	|2177	|2774	|2704	|3796	|2784	|1804	|3204	|2932	|2110	|3006	|2794	|2803	|2513	|2748	|2372	|3171	|1933	|3539	|3043	|3152	|3287	|16815	|3285	|
________________________________________________________
72	|545	|569	|287	|428	|589	|504	|388	|574	|249	|503	|448	|663	|0	|573	|626	|556	|3728	|2790	|2101	|3288	|2909	|2303	|2795	|2775	|2905	|1850	|1993	|2869	|2504	|2283	|2705	|2792	|3078	|2821	|3273	|2928	|2296	|3537	|3423	|2871	|3296	|3219	|0	|2435	|2773	|1920	|1903	|2767	|2201	|2180	|2769	|2674	|3810	|2860	|2242	|3145	|2884	|2501	|2697	|2792	|2813	|2398	|2742	|2336	|3303	|3238	|3585	|3012	|3226	|3230	|3285	|16803	|
________________________________________________________
