0	|1	|2	|3	|4	|5	|6	|7	|8	|9	|10	|11	|12	|13	|14	|15	|16	|17	|18	|19	|20	|21	|22	|23	|24	|25	|26	|27	|28	|29	|30	|31	|32	|33	|34	|35	|36	|37	|38	|39	|40	|41	|42	|43	|44	|45	|46	|47	|48	|49	|50	|51	|52	|53	|54	|55	|56	|57	|58	|59	|60	|61	|62	|63	|64	|65	|66	|67	|68	|69	|70	|71	|72	|
1	|100	|3,29	|1,49	|3,49	|4,48	|2,84	|2,36	|4,48	|2,9	|3,02	|0	|3,41	|2,72	|1,55	|2,57	|2,99	|24,43	|100	|11,83	|20,01	|21	|12,96	|18,82	|18,73	|18,43	|13,32	|14,55	|17,08	|15,98	|9,83	|15,74	|17,53	|22,46	|17,47	|100	|17,56	|18,7	|16,97	|20,34	|13,08	|18,76	|11,65	|15,77	|16,04	|0	|9,29	|0	|21,59	|16,34	|12,43	|19	|18,55	|19,53	|20,73	|14,64	|17,68	|17,2	|12,87	|17,14	|16,7	|19,83	|16,7	|15,53	|0	|18,64	|19,5	|21,39	|15,89	|22,01	|14,49	|16,37	|16,97	|
________________________________________________________
2	|3,03	|100	|1,77	|2,79	|3,37	|3,37	|0	|3,26	|1,71	|3,75	|3,26	|3,83	|2,01	|3,06	|2,29	|3,12	|24,77	|16,33	|13,08	|100	|19,86	|14,15	|19,45	|18,34	|19,7	|9,08	|13,05	|19,26	|12,36	|11,09	|16,22	|16,17	|19,45	|100	|19,45	|20,74	|19,2	|18,21	|19,72	|17,05	|16,83	|16,61	|15,75	|17,46	|20,19	|12,36	|0	|14,04	|0	|12,74	|19,31	|17,57	|23,81	|16,5	|13,13	|20,63	|14,57	|12,14	|16,39	|16,33	|0	|13,41	|19,92	|18,54	|18,65	|19,17	|15,56	|21,46	|16,52	|16,11	|16,39	|17,24	|
________________________________________________________
3	|2,93	|3,75	|100	|3,4	|3,64	|4,93	|3,28	|2,87	|3,64	|3,4	|4,05	|3,28	|2,17	|2,87	|4,16	|3,11	|0	|13,02	|0	|23,17	|20,06	|15,31	|17,48	|19,71	|13,08	|16,01	|13,31	|16,6	|16,07	|11,03	|16,25	|16,66	|0	|15,95	|22,87	|20,29	|20,53	|17,71	|13,37	|21,11	|17,01	|18,06	|16,07	|17,18	|19,18	|100	|11,44	|15,89	|17,3	|12,96	|17,95	|18,59	|16,95	|20	|12,55	|16,6	|18,12	|12,79	|16,36	|16,54	|18,71	|100	|17,89	|19,24	|19,82	|18,53	|12,96	|18,12	|15,78	|19,41	|16,95	|16,6	|
________________________________________________________
4	|4,24	|3,66	|2,1	|100	|0	|3,23	|2,54	|3,88	|2,21	|0	|2,68	|4,82	|2,28	|2,54	|4,06	|4,13	|26,89	|20,8	|0	|16,53	|0	|14,06	|18,48	|18,38	|16,89	|10,4	|13,92	|21,28	|12,25	|11,53	|17,43	|17,54	|20,95	|18,74	|18,12	|0	|17,43	|18,88	|17,43	|15,01	|21,82	|13,37	|16,31	|17,25	|21,35	|11,71	|11,2	|100	|16,56	|13,7	|18,45	|18,05	|21,24	|18,09	|14,24	|21,13	|20,99	|17,43	|17,22	|16,13	|20,84	|15,66	|100	|15,51	|19,17	|20,59	|19,61	|16,67	|19,54	|19,5	|16,53	|17,91	|
________________________________________________________
5	|4,91	|4	|2,03	|0	|100	|2,39	|2,59	|3,57	|3,14	|3,24	|2,29	|3,54	|3,54	|3,01	|0	|3,18	|25,22	|19,91	|13,89	|22,11	|100	|11,17	|16,74	|20,57	|15,75	|10,35	|16,7	|17,95	|16,93	|12,64	|16,38	|16,41	|17	|16,25	|22,44	|19,65	|16,51	|15,53	|20,08	|14,18	|100	|18,21	|19,39	|18,34	|18,64	|13,3	|13,72	|0	|10,94	|0	|20,47	|19,26	|22,96	|17,26	|11,76	|17,75	|22,34	|15,1	|16,44	|17,29	|16,44	|15,23	|20,96	|11,69	|15,89	|16,7	|21,32	|20,24	|15,62	|0	|18,83	|19,1	|
________________________________________________________
6	|3,51	|4,51	|3,11	|3,29	|2,7	|100	|2,55	|2,48	|1,81	|4,58	|2,55	|3,84	|2,55	|3,84	|3,55	|3,96	|24,66	|18,93	|13,05	|22,92	|17,04	|12,83	|100	|19,82	|15,64	|10,72	|12,35	|18,82	|14,12	|11,39	|20,37	|12,98	|11,39	|18,78	|17,41	|19,67	|16,08	|15,67	|19,19	|100	|17,56	|20,15	|20,04	|19,26	|18,78	|13,57	|12,83	|20,74	|16,6	|0	|12,75	|0	|23,99	|16,97	|11,83	|20,89	|16,75	|12,87	|21,11	|13,01	|13,83	|20,15	|16,82	|16,16	|16,86	|16,71	|0	|13,31	|21,15	|21,55	|19,3	|19,63	|
________________________________________________________
7	|3,66	|0	|2,59	|3,24	|3,66	|3,2	|100	|2,36	|2,55	|1,76	|2,64	|2,36	|4,49	|3,34	|4,54	|2,92	|24,56	|17,52	|15,11	|0	|14,27	|0	|20,11	|20,62	|16,96	|9,45	|12,84	|12,51	|20,71	|11,86	|17,01	|18,91	|15,38	|21,32	|19,74	|17,84	|16,68	|17,33	|0	|12,28	|20,39	|20,85	|18,63	|19,28	|18,91	|13,07	|13,58	|20,2	|100	|10,52	|17,89	|21,32	|23,59	|17,42	|12,88	|14,55	|20,9	|12,09	|16,45	|17,61	|19,09	|17,98	|16,68	|14,18	|15,34	|15,76	|20,9	|100	|16,36	|20,44	|18,26	|19,28	|
________________________________________________________
8	|4,93	|3,88	|1,61	|3,52	|3,58	|2,2	|1,68	|100	|2,1	|2,56	|1,51	|3,85	|3,19	|0	|3,19	|3,85	|23,61	|19,3	|14,3	|23,64	|21,01	|0	|12,07	|0	|17,26	|11,08	|13,38	|16,05	|15,16	|13,22	|22	|14,34	|21,41	|16,28	|24,14	|14,37	|15,72	|16,54	|22,85	|16,71	|14,73	|0	|18,91	|19,73	|19,01	|13,29	|12,36	|20,16	|12,73	|12,5	|100	|21,18	|22,39	|16,47	|12,59	|19,37	|16,74	|15,09	|18,61	|17,56	|18,91	|13,35	|18,58	|9,21	|16,21	|16,47	|23,48	|15,92	|100	|19,3	|18,28	|17,76	|
________________________________________________________
9	|5,1	|3,26	|3,26	|3,21	|5,05	|2,58	|2,89	|3,36	|100	|2,47	|2,05	|3,73	|3,21	|2,79	|3,73	|4,36	|16,98	|22,5	|12,15	|17,4	|19,19	|10,83	|16,82	|17,09	|23,45	|100	|10,99	|16,19	|17,82	|12,78	|21,14	|20,56	|21,66	|18,51	|22,56	|15,72	|100	|17,93	|16,46	|14,14	|18,77	|13,67	|16,77	|10,2	|11,72	|16,77	|12,36	|16,61	|14,67	|11,67	|17,19	|15,72	|0	|10,78	|0	|23,5	|20,56	|14,98	|20,08	|19,14	|18,56	|17,25	|20,77	|18,03	|14,41	|0	|17,61	|15,83	|20,45	|18,4	|22,13	|14,09	|
________________________________________________________
10	|3,56	|4,79	|2,04	|0	|3,49	|4,37	|1,34	|2,75	|1,66	|100	|2,32	|3,13	|2,92	|3,91	|0	|2,99	|21,1	|16,45	|14,2	|22,3	|20,39	|17,29	|17,08	|16,27	|20,01	|10,92	|11,38	|100	|18,25	|13,38	|19,34	|19,27	|20,78	|18,7	|21,13	|100	|16,31	|20,43	|17,47	|15,92	|19,3	|19,73	|17,26	|17,51	|15,99	|11,55	|13,17	|20,85	|10,29	|11,73	|15,39	|14,69	|28,36	|18,92	|0	|15,43	|0	|14,37	|18,14	|19,3	|18,56	|16,8	|0	|12,61	|20,99	|20,75	|18,03	|16,03	|14,09	|23,14	|15,74	|17,58	|
________________________________________________________
11	|0	|4,95	|2,89	|3,1	|2,94	|2,89	|2,39	|1,93	|1,64	|2,77	|100	|2,89	|2,43	|3,98	|3,82	|2,68	|20,09	|19,8	|15,18	|19,92	|16,57	|13,17	|16,4	|16,57	|0	|7,01	|0	|20,39	|16,15	|12,16	|18,41	|16,48	|19,8	|20,26	|0	|14,51	|19,3	|20,81	|16,48	|14,01	|14,68	|22,27	|16,61	|18,88	|19,51	|14,47	|14,01	|16,69	|13,72	|10,36	|15,69	|16,53	|25,42	|100	|12,29	|19,46	|19,8	|11,03	|18,2	|18,16	|19,04	|16,82	|18,71	|100	|16,74	|21,39	|17,7	|16,48	|9,98	|20,09	|14,85	|17,91	|
________________________________________________________
12	|3,41	|4,16	|1,67	|3,98	|3,23	|3,11	|1,52	|3,5	|2,12	|2,66	|2,06	|100	|0	|3,41	|3,38	|4,36	|24,69	|16,65	|13,81	|22,27	|14,05	|11,6	|16,83	|16,44	|20,45	|12,56	|0	|14,35	|0	|13,09	|19,04	|19,01	|19,88	|19,04	|22,24	|19,07	|14,56	|0	|16,77	|14,59	|17,31	|16,59	|21,41	|14,38	|16,77	|10,1	|12,26	|19,85	|10,43	|11,3	|18,12	|15,84	|24,96	|16,8	|11,78	|100	|20,57	|14,53	|18,57	|18,33	|18,09	|17,28	|19,49	|15,34	|100	|18,48	|18,62	|16,65	|16,29	|16,89	|19,52	|19,43	|
________________________________________________________
13	|3,77	|3,02	|1,53	|2,61	|4,47	|2,86	|4,02	|4,02	|2,53	|3,44	|2,4	|0	|100	|2,44	|2,4	|2,94	|20,92	|16,86	|11,68	|15,99	|20,3	|12,26	|15,12	|18,85	|18,64	|11,64	|14,25	|20,46	|100	|10,77	|17,77	|20,67	|18,19	|14,87	|19,64	|16,98	|19,64	|19,59	|20,3	|16,65	|21,25	|15,08	|100	|19,72	|16,53	|12,55	|12,01	|14,29	|17,36	|12,8	|16,24	|17,94	|26,1	|18,56	|13,71	|0	|10,85	|0	|19,88	|19,39	|17,32	|13,96	|18,02	|12,14	|21,58	|12,59	|21,33	|19,1	|21,09	|18,81	|14,5	|0	|
________________________________________________________
14	|1,99	|4,26	|1,88	|2,68	|3,53	|3,99	|2,76	|0	|2,03	|4,26	|3,64	|4,37	|2,26	|100	|3,3	|2,76	|23,66	|16,03	|12,69	|19,4	|17,64	|14,72	|19,1	|18,44	|19,36	|11,23	|12,08	|18,98	|14,65	|10,66	|100	|20,55	|18,79	|17,33	|13,46	|19,67	|16,41	|18,56	|19,71	|17,22	|20,25	|100	|17,37	|19,98	|16,49	|10,7	|13,54	|17,68	|14	|13,65	|21,66	|14	|26,38	|18,87	|14,61	|24,19	|20,94	|0	|12,42	|0	|16,22	|14,23	|14,19	|20,17	|15,57	|18,21	|19,4	|18,21	|0	|14,11	|20,97	|19,71	|
________________________________________________________
15	|2,94	|2,84	|2,43	|3,83	|0	|3,29	|3,35	|3,32	|2,43	|0	|3,11	|3,87	|1,98	|2,94	|100	|2,57	|20,64	|16,12	|11,7	|17,25	|19,58	|13,76	|16,56	|15,3	|17,32	|12,05	|13,79	|0	|8,76	|0	|20,29	|20,5	|17,35	|16,22	|18,34	|22,04	|16,12	|15,23	|20,91	|17,73	|0	|13,93	|19,47	|19,95	|16,19	|10,95	|16,32	|19,61	|16,39	|13,55	|17,66	|15,78	|24,2	|18,21	|14,68	|22,62	|100	|11,88	|15,85	|20,57	|15,95	|14,89	|19,1	|16,29	|16,26	|15,71	|21,73	|17,8	|19,13	|100	|17,56	|20,74	|
________________________________________________________
16	|3,38	|3,82	|1,79	|3,86	|3,28	|3,62	|2,13	|3,96	|2,81	|2,88	|2,17	|4,94	|2,4	|2,44	|2,54	|100	|21,96	|16,89	|12,69	|21,56	|16,79	|14,62	|20,61	|14,25	|18,65	|12,08	|13,47	|18,1	|18,48	|0	|12,76	|0	|17,73	|16,99	|21,9	|15,36	|21,59	|14,69	|19,09	|15,03	|20,64	|19,02	|13,6	|0	|15,7	|11,98	|10,66	|17,97	|11,91	|12,83	|18,51	|12,12	|26,6	|18,68	|13,37	|21,29	|18,1	|12,96	|100	|20,07	|16,14	|15,06	|18,51	|12,08	|19,29	|11,74	|21,59	|17,6	|20,81	|16,41	|100	|18,78	|
________________________________________________________
17	|3,7	|4,06	|0	|3,36	|3,48	|3,02	|2,4	|3,25	|1,46	|2,71	|2,17	|3,74	|2,28	|2,79	|2,73	|2,94	|100	|18,5	|13,74	|22,52	|18,79	|13,74	|18,9	|18,98	|18,09	|8,15	|11,69	|16,68	|15	|11,44	|16,77	|16,25	|17,73	|16,84	|18,96	|16,8	|16,79	|16,32	|17,84	|14,75	|17,75	|16,47	|16,48	|16,42	|14,96	|0	|13,71	|19,21	|15,44	|12,77	|18,92	|18,68	|25,26	|15,1	|12,7	|18,59	|16,78	|12,1	|16,81	|16,24	|16,39	|15,08	|16,19	|13,95	|16,31	|16,68	|18,34	|16,41	|17,13	|16,25	|16,44	|16,46	|
________________________________________________________
18	|19,95	|3,53	|1,32	|3,42	|3,62	|3,05	|2,25	|3,5	|2,55	|2,78	|2,81	|3,32	|2,43	|2,49	|2,81	|2,97	|24,37	|100	|11,86	|23,11	|19,42	|13,81	|19,22	|18,95	|20,17	|14,23	|11,67	|16,97	|14,88	|10,85	|16,44	|17,12	|18,27	|16,52	|19,95	|16,86	|16,76	|15,78	|18,21	|14,32	|17,49	|16,17	|16,48	|16,33	|0	|9,13	|0	|19,36	|14,97	|12,73	|19,19	|18,54	|18,91	|19,59	|11,86	|19,06	|16,95	|12,06	|16,37	|16,67	|16,86	|14,68	|17,02	|13,82	|16,79	|17,01	|18,69	|15,3	|17,55	|16,15	|16,64	|16,67	|
________________________________________________________
19	|3,27	|3,92	|0	|0	|3,51	|2,92	|2,7	|3,6	|1,91	|3,33	|2,99	|3,82	|2,33	|2,74	|2,83	|3,1	|25,11	|16,45	|100	|20,77	|20,84	|14,52	|18,94	|18,66	|18,21	|8,98	|13,89	|16,36	|14,64	|11	|17,08	|16,99	|21,95	|17,73	|19,22	|20,36	|18,52	|18,76	|19,46	|12,76	|16,66	|16,89	|16,21	|16,81	|20,28	|0	|10,05	|0	|16,36	|12,78	|18,37	|18,01	|24,44	|17,06	|13,75	|18,65	|16,86	|12,06	|16,81	|16,67	|20,57	|0	|0	|17,41	|18,26	|18,54	|20,32	|16,4	|16,72	|17,02	|16,95	|16,89	|
________________________________________________________
20	|3,36	|18,17	|1,98	|2,29	|3,38	|3,11	|0	|3,6	|1,66	|3,17	|2,38	|3,73	|1,94	|2,54	|2,53	|3,19	|24,95	|19,44	|12,59	|100	|19,48	|14,03	|19,01	|18,97	|16,83	|10,85	|10,73	|18,9	|12,13	|11,15	|16,56	|16,61	|17,73	|18,17	|18,85	|17,07	|16,68	|16,48	|17,77	|15,02	|17,11	|16,03	|16,19	|16,58	|19,44	|12,92	|0	|14,47	|0	|13,82	|18,82	|18,61	|22,83	|17,03	|11,63	|21,48	|14,81	|12,34	|16,4	|16,35	|16,21	|14,7	|16,56	|14,42	|16,59	|16,87	|17,96	|15,56	|17,01	|16,51	|16,58	|16,81	|
________________________________________________________
21	|4,16	|4,26	|2,02	|0	|18,06	|2,73	|1,82	|3,78	|2,16	|3,43	|2,34	|2,78	|2,9	|2,72	|3,38	|2,93	|24,58	|19,29	|14,91	|22,98	|100	|12,05	|18,99	|19,01	|16,65	|10,87	|13,09	|19,27	|17,82	|10,83	|17,28	|16,63	|17,42	|16,52	|19,62	|17,2	|16,26	|16,1	|17,15	|14,43	|18,06	|15,73	|16,59	|16,36	|19,29	|13,12	|13,47	|0	|10,61	|0	|19,4	|18,53	|22,71	|16,77	|11,9	|16,14	|20,59	|12,25	|17,09	|16,51	|16,19	|14,75	|16,42	|13,89	|16,41	|16,47	|18,22	|16,23	|17,03	|16,39	|16,81	|16,72	|
________________________________________________________
22	|3,57	|4,22	|2,15	|3,19	|2,81	|2,86	|0	|0	|1,7	|4,04	|2,59	|3,19	|2,44	|3,16	|3,31	|3,56	|25,01	|19,08	|14,46	|23,05	|16,76	|100	|17,33	|20,17	|16,89	|10,72	|11,63	|17,65	|12,95	|13,64	|16,16	|16,67	|17,7	|17,06	|17,86	|19,01	|16,79	|16,29	|21,53	|14,84	|17,04	|19,69	|18,27	|18,04	|19,22	|13,89	|12,33	|20,49	|0	|10,13	|0	|19,18	|22,95	|16,62	|11,82	|20,16	|16,92	|13,03	|16,77	|16,82	|16,58	|15,16	|16,68	|15,92	|16,3	|17,13	|22,93	|0	|0	|20,12	|19,14	|18,45	|
________________________________________________________
23	|3,82	|4,28	|1,81	|3,1	|3,1	|16,42	|2,63	|2,23	|1,94	|2,94	|2,37	|3,42	|2,22	|3,02	|2,94	|3,7	|25,35	|19,58	|13,9	|23,01	|19,48	|12,78	|100	|20,07	|16,65	|10,41	|11,6	|16,7	|14,95	|9,7	|19,63	|12,89	|17,53	|17,08	|19,09	|17,3	|17,07	|16,17	|17,19	|16,42	|17,55	|16,17	|17,01	|16,73	|19,25	|13,11	|11,83	|19,36	|15,81	|0	|13,48	|0	|23,08	|16,43	|11,96	|18,77	|16,76	|12,05	|21,04	|14,02	|16,66	|15,11	|16,34	|14,31	|16,98	|16,19	|17,31	|15,68	|16,45	|16,85	|17,36	|17,21	|
________________________________________________________
24	|3,79	|4,02	|2,03	|3,06	|3,79	|3,24	|2,69	|0	|1,96	|2,79	|2,39	|3,32	|2,75	|2,9	|2,7	|2,54	|25,34	|19,21	|13,63	|22,86	|19,41	|14,8	|19,97	|100	|16,47	|10,75	|11,52	|16,65	|15	|12,52	|19,51	|18,84	|18,35	|16,24	|19,32	|17,11	|16,56	|16,46	|16,85	|14,67	|17,16	|15,94	|16,37	|16,58	|18,73	|13,09	|12,01	|19,2	|15,72	|13,61	|0	|7,97	|22,82	|16,6	|11,72	|18,85	|16,85	|11,5	|14,37	|21,03	|16,44	|15,23	|16,84	|14,22	|16,39	|16,81	|17,77	|15,49	|17	|16,72	|16,37	|16,49	|
________________________________________________________
25	|3,73	|4,32	|1,35	|2,82	|2,91	|2,56	|2,21	|3,18	|2,7	|3,44	|0	|4,14	|2,72	|3,06	|3,06	|3,33	|24,19	|20,48	|13,32	|20,32	|17,03	|12,41	|16,6	|16,5	|100	|14,76	|14,26	|19,42	|16,49	|12,64	|18,73	|19,08	|18,36	|17,21	|19,35	|17,2	|16,54	|16,23	|17,98	|14,38	|17,26	|16,19	|16,42	|16,43	|19,65	|9,51	|10,68	|16,87	|13,57	|11,37	|16,75	|16,3	|18,91	|0	|14,29	|21,86	|18,83	|14,05	|18,85	|18,88	|16,89	|14,85	|17,01	|14,34	|16,42	|16,22	|18,56	|16,22	|17,17	|16,46	|16,56	|16,29	|
________________________________________________________
26	|4,17	|3,08	|2,55	|2,69	|2,96	|2,71	|1,91	|3,15	|17,8	|2,9	|1,56	|3,93	|2,63	|2,74	|3,29	|3,34	|16,86	|22,35	|10,16	|20,26	|17,19	|12,18	|16,05	|16,65	|22,82	|100	|11,45	|19,25	|16,19	|12,86	|19,36	|19,45	|18,66	|16,5	|19,34	|16,5	|17,8	|16,03	|16,67	|14,51	|16,86	|15,89	|16,26	|16,91	|11,77	|17,07	|10,88	|16,83	|12,71	|11,52	|16,67	|16,16	|0	|11,01	|0	|21,78	|19,19	|13,47	|19,2	|18,76	|17,05	|15,22	|16,77	|14,29	|16,79	|16,71	|18,22	|15,48	|17,52	|16,64	|16,5	|16,47	|
________________________________________________________
27	|4,16	|4,04	|1,94	|3,28	|4,36	|2,85	|2,37	|3,48	|1,79	|2,76	|0	|0	|2,94	|2,69	|3,44	|3,4	|22,08	|16,74	|14,36	|18,29	|18,91	|12,07	|16,33	|16,29	|20,14	|10,46	|100	|16,94	|18,58	|13,32	|18,24	|17,9	|20,76	|19,58	|23,05	|16,6	|16,04	|21,06	|17,81	|14,15	|19,44	|14,18	|16,39	|16,5	|16,49	|11,7	|12,31	|16,49	|15,35	|11,33	|16,43	|15,75	|28,75	|0	|10,65	|0	|20,36	|13,63	|18,96	|18,06	|19,45	|16,51	|20,96	|0	|0	|21,25	|18	|16,28	|19,24	|16,46	|16,64	|17,3	|
________________________________________________________
28	|3,43	|4,19	|1,7	|3,52	|3,29	|3,06	|1,62	|2,93	|1,85	|17,04	|2,92	|2,88	|2,97	|2,97	|0	|3,21	|22,13	|17,09	|11,88	|22,63	|19,56	|12,86	|16,52	|16,55	|19,27	|12,35	|11,9	|100	|18,74	|13,4	|18,83	|19,09	|18,32	|16,93	|19,24	|17,04	|16,13	|16,78	|17,18	|14,9	|17,35	|15,91	|16,66	|16,91	|16,82	|11,54	|10,82	|20,86	|10,55	|11,67	|16,43	|16,04	|25,98	|19,2	|0	|15,82	|0	|14,65	|18,44	|18,99	|16,79	|14,69	|16,63	|14,24	|16,18	|16,93	|18,31	|16	|16,88	|16,51	|16,17	|16,95	|
________________________________________________________
29	|3,6	|3,02	|1,84	|2,28	|3,48	|2,57	|3,01	|3,1	|2,28	|3,49	|2,59	|0	|16,25	|2,57	|1,72	|3,68	|22,32	|16,81	|11,92	|16,28	|20,28	|10,59	|16,58	|16,72	|18,35	|11,65	|14,64	|21,02	|100	|10,91	|18,9	|19,27	|17,96	|16,41	|20,19	|16,87	|16,14	|16,24	|17,13	|14,79	|16,84	|15,82	|16,25	|17,02	|16,63	|12	|11,82	|13,12	|17,78	|11,36	|16,31	|16,41	|25,35	|18,98	|14,55	|0	|11,17	|0	|19,43	|19,01	|16,83	|14,6	|18,22	|12,68	|16,2	|16,2	|18,68	|15,87	|17,56	|16,3	|16,15	|17,04	|
________________________________________________________
30	|2,97	|3,63	|1,7	|2,87	|3,49	|2,78	|2,31	|3,63	|2,2	|3,43	|2,62	|3,96	|2,35	|2,51	|0	|0	|22,85	|16,45	|12,02	|20,1	|16,54	|14,96	|14,44	|18,74	|18,88	|12,42	|14,09	|20,17	|14,65	|100	|17,46	|20,18	|17,79	|17,1	|19,32	|17,07	|15,23	|18,06	|19,38	|16,39	|20,77	|16,17	|16,89	|19,86	|16,54	|11,25	|11,03	|17,66	|13,02	|13,29	|16,55	|18,63	|25,61	|18,82	|13,96	|22,55	|0	|10,66	|0	|19,71	|16,87	|15,27	|16,8	|14,17	|16	|18,75	|20,31	|17,47	|20,31	|0	|0	|19,45	|
________________________________________________________
31	|3,15	|3,51	|1,66	|2,87	|2,99	|3,29	|2,19	|4	|2,4	|3,28	|2,62	|3,81	|2,56	|15,59	|3,54	|2,25	|22,15	|16,49	|12,35	|19,75	|17,46	|11,73	|19,33	|19,3	|18,5	|12,36	|12,76	|18,75	|16,78	|11,55	|100	|20,68	|18,2	|16,74	|19,2	|17,36	|17,13	|16,52	|17,76	|14,9	|16,98	|15,59	|16,7	|16,44	|16,72	|11,45	|11,52	|17,18	|13,43	|11,3	|21,38	|13,63	|26,62	|19,3	|13,14	|21,66	|19,62	|0	|12,77	|0	|16,67	|15,01	|16,36	|14,17	|15,89	|16,33	|18,13	|15,87	|17,53	|17,12	|16,63	|16,44	|
________________________________________________________
32	|3,5	|3,49	|1,69	|2,89	|2,99	|2,09	|2,43	|2,6	|2,33	|3,26	|2,34	|3,79	|2,98	|3,2	|3,57	|0	|21,42	|17,13	|12,25	|19,76	|16,76	|12,07	|12,66	|18,6	|18,8	|12,39	|12,49	|18,97	|17,07	|13,31	|20,63	|100	|18,38	|16,87	|18,78	|17,01	|16,71	|16,15	|17,65	|14,85	|17,04	|15,94	|16,25	|16,17	|16,59	|11,75	|11,15	|16,96	|13,52	|12,74	|14,03	|21,3	|26,13	|19,32	|13,8	|21,49	|19,55	|14,57	|0	|8,59	|16,71	|14,68	|16,65	|14,1	|16,12	|16,91	|17,8	|15,91	|17,03	|16,83	|16,43	|15,96	|
________________________________________________________
33	|4,14	|3,88	|0	|3,18	|2,86	|1,7	|1,83	|3,59	|2,27	|3,25	|2,6	|3,66	|2,42	|2,7	|2,79	|2,89	|21,59	|16,89	|14,62	|19,48	|16,22	|11,84	|15,91	|16,73	|16,71	|10,98	|13,38	|16,81	|14,7	|10,85	|16,78	|16,98	|100	|18,95	|22,25	|19,45	|19,15	|18,6	|20,15	|9,93	|17,33	|15,91	|16,18	|16,48	|16,5	|11,93	|13,26	|16,93	|13,35	|13,41	|16,63	|16,34	|23,06	|16,18	|13,36	|18,27	|16,63	|12,07	|16,56	|17,1	|14,64	|0	|18,9	|15,44	|19	|18,74	|22,85	|13,71	|16,89	|16,53	|17,17	|16,95	|
________________________________________________________
34	|3,46	|21,42	|1,61	|3,05	|2,93	|3	|2,72	|2,92	|2,08	|3,14	|2,85	|3,76	|2,12	|2,67	|2,8	|2,97	|21,99	|16,38	|12,67	|21,42	|16,5	|12,24	|16,63	|15,89	|16,81	|10,42	|13,54	|16,67	|14,4	|11,18	|16,55	|16,71	|20,33	|100	|22,29	|18,7	|18,7	|18,27	|20,02	|16,18	|17,1	|15,62	|15,85	|16,82	|16,69	|11,63	|0	|16,79	|13,1	|11,49	|16,63	|16,08	|22,74	|16,97	|13,26	|18,69	|16,87	|12,14	|16,56	|16,41	|0	|13,31	|18,7	|15,77	|19,08	|19,47	|16,05	|21,67	|17,06	|16,76	|16,58	|16,95	|
________________________________________________________
35	|17,29	|3,64	|2,01	|2,58	|3,54	|2,43	|2,2	|3,79	|2,22	|3,1	|0	|3,84	|2,45	|1,81	|2,77	|3,34	|21,64	|17,29	|12,01	|19,42	|17,13	|11,2	|16,24	|16,52	|16,51	|10,67	|13,93	|16,56	|15,49	|11,04	|16,59	|16,27	|20,86	|19,48	|100	|18,59	|18,27	|17,94	|18,02	|14,59	|19,03	|11,84	|15,94	|16,58	|16,25	|11,53	|0	|17,24	|13,42	|11,54	|16,65	|16,3	|22,28	|16,91	|14,64	|17,66	|17,74	|12,97	|16,89	|16,74	|18,73	|17,15	|15,02	|0	|18,56	|19,01	|18,68	|15,95	|21,82	|14,98	|17,2	|17,14	|
________________________________________________________
36	|3,44	|4,4	|2,02	|0	|3,51	|3,11	|2,25	|2,55	|1,75	|16,6	|2,02	|3,73	|2,4	|3	|3,77	|2,65	|21,71	|16,55	|14,39	|19,91	|17	|13,5	|16,66	|16,57	|16,62	|10,31	|11,36	|16,6	|14,65	|11,04	|16,98	|16,68	|20,65	|18,5	|21,05	|100	|19,09	|18,81	|17,5	|14,62	|19,64	|19,25	|17,03	|16,63	|16,22	|11,38	|13,87	|16,93	|13,51	|11,61	|15,9	|15,97	|22,57	|16,46	|0	|18,22	|16,79	|11,58	|15,92	|16,57	|18,83	|16,6	|0	|12,3	|19,39	|18,87	|18,39	|15,66	|14,61	|22,26	|16,87	|16,78	|
________________________________________________________
37	|3,78	|4,2	|2,11	|2,9	|3,04	|2,62	|2,17	|2,88	|11,47	|2,79	|2,77	|2,94	|2,86	|2,58	|2,84	|3,85	|22,39	|16,97	|13,51	|20,07	|16,57	|12,3	|16,96	|16,54	|16,49	|11,47	|11,32	|16,21	|14,46	|10,16	|17,29	|16,91	|20,97	|19,09	|21,34	|19,69	|100	|18,05	|18	|14,38	|17,09	|16,71	|18,96	|11,58	|16,64	|11,69	|12,4	|16,6	|12,99	|11,51	|16,63	|16,35	|22,29	|16,62	|0	|18,84	|16,6	|11,71	|17,03	|17,19	|18,85	|16,72	|18,72	|16,4	|14,67	|0	|18,53	|15,87	|17,03	|17,47	|21,65	|13,79	|
________________________________________________________
38	|3,46	|4,02	|1,84	|3,17	|2,89	|2,58	|2,28	|3,06	|2,08	|3,53	|3,02	|0	|2,88	|2,95	|2,71	|2,64	|21,97	|16,13	|13,82	|20,02	|16,58	|12,05	|16,23	|16,6	|16,33	|10,43	|15,01	|17,03	|14,69	|12,17	|16,83	|16,5	|20,57	|18,83	|21,16	|19,6	|18,23	|100	|17,71	|14,57	|17,27	|16,8	|18,81	|19,27	|16,61	|12,17	|12,03	|16,99	|13,23	|11,6	|16,19	|16,32	|22,54	|16,55	|14,74	|17,95	|16,96	|11,71	|17,42	|16,21	|19,46	|16,96	|19,05	|16,01	|0	|14,54	|18,23	|16,02	|17,3	|16,97	|14,34	|21,54	|
________________________________________________________
39	|3,86	|4,05	|1,29	|2,73	|3,47	|2,94	|0	|3,94	|1,77	|2,81	|2,23	|3,18	|2,78	|2,91	|3,46	|3,2	|22,35	|17,32	|13,34	|20,09	|16,43	|14,82	|16,05	|15,81	|16,84	|10,1	|11,81	|16,23	|14,42	|12,16	|16,84	|16,78	|20,73	|19,21	|19,78	|16,96	|16,91	|16,48	|100	|15,54	|19,08	|18,28	|18,75	|18,73	|16,49	|11,48	|10,96	|17,16	|13,9	|14,12	|16,54	|15,96	|23,92	|16,66	|12,12	|18,94	|17,45	|13,61	|16,88	|16,39	|21,15	|11,91	|16,58	|14,06	|16,19	|16,52	|17,55	|0	|19,81	|19,39	|19,03	|18,74	|
________________________________________________________
40	|2,98	|4,21	|2,45	|2,82	|2,95	|18,43	|1,81	|3,46	|1,83	|3,08	|2,28	|3,32	|2,74	|3,06	|3,53	|3,02	|22,21	|16,37	|10,51	|20,41	|16,61	|12,27	|18,43	|16,55	|16,19	|10,56	|11,28	|16,91	|14,96	|12,36	|16,99	|16,96	|12,28	|18,65	|19,25	|17,03	|16,25	|16,3	|18,68	|100	|19,52	|18,12	|18,96	|18,87	|16,67	|11,72	|11,1	|17,4	|13,51	|0	|16,51	|15,82	|22,74	|16,73	|12,21	|18,58	|17,19	|13,28	|16,25	|16,15	|13,28	|20,78	|16,66	|14,19	|16,82	|16,7	|0	|13,08	|20,1	|19,28	|18,58	|18,46	|
________________________________________________________
41	|3,64	|3,54	|1,68	|3,49	|17,71	|2,76	|2,55	|2,6	|2,07	|3,18	|2,03	|3,36	|2,98	|3,06	|0	|3,54	|22,76	|17,03	|11,69	|19,8	|17,71	|12	|16,77	|16,49	|16,54	|10,45	|13,2	|16,76	|14,51	|13,34	|16,48	|16,58	|18,26	|16,79	|21,38	|19,49	|16,43	|16,45	|19,53	|16,63	|100	|18,88	|18,68	|18,92	|16,51	|11,45	|11,47	|16,96	|13,41	|0	|16,35	|16,31	|22,87	|16,54	|11,79	|18,56	|17,22	|14,77	|16,42	|16,56	|16,88	|15,64	|21,24	|11,9	|16,51	|16,61	|20,16	|18,6	|14,75	|0	|19,28	|19,21	|
________________________________________________________
42	|2,4	|3,7	|1,9	|2,27	|3,42	|3,35	|2,77	|0	|1,6	|3,45	|3,27	|3,42	|2,24	|16,05	|2,5	|3,46	|22,41	|16,7	|12,57	|19,67	|16,36	|14,71	|16,4	|16,24	|16,46	|10,45	|10,22	|16,31	|14,46	|11,01	|16,05	|16,46	|17,77	|16,27	|14,11	|20,26	|17,05	|16,98	|19,85	|16,37	|20,02	|100	|18,98	|19,33	|16,5	|11,15	|12,23	|17,3	|13,43	|14,2	|16,31	|16,22	|22,76	|16,89	|12,23	|18,7	|17,14	|0	|16,93	|16,76	|16,79	|14,56	|14,36	|19,16	|16,62	|16,58	|20,82	|18,32	|0	|14,15	|19,39	|19,29	|
________________________________________________________
43	|3,2	|3,46	|1,66	|2,73	|3,59	|3,28	|2,44	|3,48	|1,93	|2,97	|2,4	|4,34	|14,63	|2,74	|3,45	|2,44	|22,07	|16,76	|11,88	|19,57	|17	|13,45	|16,98	|16,42	|16,45	|10,53	|11,62	|16,82	|14,63	|11,33	|16,93	|16,52	|17,8	|16,26	|18,7	|17,65	|19,05	|18,71	|20,04	|16,87	|19,52	|18,69	|100	|18,78	|16,85	|11,66	|11,14	|17,26	|13,28	|12,94	|16,71	|16,11	|23,03	|16,52	|11,54	|18,74	|16,92	|0	|16,26	|16,4	|16,48	|15,17	|16,51	|14,34	|21,58	|14,08	|20,73	|18,15	|19,16	|19,06	|14,63	|0	|
________________________________________________________
44	|3,21	|3,79	|1,75	|2,85	|3,35	|3,12	|2,49	|3,59	|1,16	|2,97	|2,69	|2,88	|2,85	|3,12	|3,49	|0	|21,71	|16,4	|12,16	|19,79	|16,54	|13,11	|16,49	|16,43	|16,24	|10,81	|11,55	|16,86	|15,12	|13,15	|16,46	|16,22	|17,9	|17,03	|19,21	|17,02	|11,49	|18,93	|19,76	|16,57	|19,51	|18,79	|18,54	|100	|16,74	|11,41	|11,25	|16,45	|13,34	|13,14	|16,5	|16,17	|22,63	|16,67	|13,34	|18,43	|16,85	|14,48	|16,11	|15,74	|16,41	|15,29	|16,86	|14,21	|14,4	|21,94	|20,76	|18,35	|19,21	|18,66	|0	|14,54	|
________________________________________________________
45	|0	|4,38	|1,96	|3,53	|3,41	|3,04	|2,44	|3,46	|1,34	|2,72	|2,78	|3,36	|2,39	|2,57	|2,83	|2,78	|19,8	|0	|14,69	|23,22	|19,52	|13,98	|18,99	|18,57	|19,44	|7,53	|11,56	|16,78	|14,8	|10,96	|16,75	|16,66	|17,93	|16,92	|18,84	|16,62	|16,52	|16,34	|17,42	|14,66	|17,05	|16,05	|16,65	|16,75	|100	|13,92	|13,07	|19,43	|14,87	|13,27	|19,06	|18,8	|26,57	|20,28	|12,93	|18,41	|17,08	|12,06	|16,54	|16,14	|16,93	|15,34	|16,29	|13,66	|16,44	|16,71	|18,93	|16,07	|17,72	|16,75	|16,8	|16,54	|
________________________________________________________
46	|2,68	|3,86	|14,68	|2,78	|3,5	|3,16	|2,43	|3,48	|2,75	|2,82	|2,97	|2,91	|2,61	|2,4	|2,76	|3,05	|0	|13,2	|0	|22,2	|19,09	|14,53	|18,6	|18,66	|13,54	|15,71	|11,79	|16,56	|15,34	|10,72	|16,5	|16,96	|18,65	|16,95	|19,23	|16,76	|16,7	|17,21	|17,44	|14,81	|17	|15,6	|16,57	|16,42	|20,01	|100	|10,96	|19,67	|15,5	|12,87	|18,74	|18,35	|17,82	|20,63	|10,5	|19,19	|17,25	|12,09	|16,62	|16,89	|16,97	|14,68	|16,38	|14,03	|16,86	|16,76	|18,43	|15,8	|16,88	|16,37	|17,26	|16,28	|
________________________________________________________
47	|0	|0	|1,77	|2,8	|3,8	|3,15	|2,66	|3,41	|2,13	|3,39	|3,03	|3,72	|2,63	|3,2	|4,33	|2,86	|27,51	|0	|11,04	|0	|20,66	|13,59	|17,7	|18,04	|16,02	|10,56	|13,08	|16,37	|15,94	|11,08	|17,49	|16,97	|21,86	|0	|0	|21,53	|18,66	|17,93	|17,55	|14,8	|17,94	|18,04	|16,69	|17,07	|19,81	|11,55	|100	|16,96	|16,88	|13,78	|18,53	|17,92	|22,67	|17,1	|14,34	|17,22	|19,06	|12,39	|17,06	|16,59	|20,58	|15,3	|16,9	|17,86	|18,35	|18,19	|18,48	|16,09	|15,51	|18,83	|16,65	|16,28	|
________________________________________________________
48	|4,27	|3,01	|1,6	|16,31	|0	|3,32	|2,58	|3,62	|1,87	|3,5	|2,35	|3,93	|2,04	|2,73	|3,39	|3,14	|25,11	|19,21	|0	|17,06	|0	|14,71	|18,86	|18,8	|16,48	|10,64	|11,41	|20,55	|11,52	|11,55	|17	|16,81	|18,17	|16,8	|19,74	|17,12	|16,27	|16,49	|17,9	|15,1	|17,28	|16,63	|16,84	|16,26	|19,18	|13,51	|11,05	|100	|16,51	|13,78	|18,91	|18,79	|22,51	|17,13	|12,06	|21,87	|20,02	|12,82	|16,4	|16,48	|16,85	|15,12	|16,31	|14,01	|16,83	|16,59	|18,85	|16,34	|16,9	|16,63	|16,71	|17,06	|
________________________________________________________
49	|4,03	|0	|2,18	|3,37	|2,46	|3,31	|15,91	|2,85	|2,06	|2,15	|2,41	|2,57	|3,09	|2,69	|3,53	|2,6	|25,17	|18,53	|14,59	|0	|13,23	|0	|19,21	|19,19	|16,54	|10,01	|13,24	|12,96	|19,47	|10,63	|16,58	|16,72	|17,87	|16,35	|19,16	|17,03	|15,88	|16,02	|18,09	|14,62	|17,04	|16,1	|16,16	|16,44	|18,31	|13,27	|13,71	|20,59	|100	|11,27	|19,27	|18,91	|22,78	|16,96	|12,06	|14,25	|20,36	|10,73	|16,84	|16,62	|16,24	|15,09	|16,48	|13,77	|16,44	|16,44	|18,58	|15,91	|17,04	|16,97	|16,11	|16,64	|
________________________________________________________
50	|3,59	|3,99	|1,91	|3,26	|0	|0	|1,96	|3,28	|1,91	|2,87	|2,13	|3,26	|2,67	|3,07	|3,42	|3,27	|24,34	|18,43	|13,34	|23,77	|0	|10,61	|0	|19,43	|16,21	|10,62	|11,44	|16,78	|14,56	|12,69	|16,31	|18,43	|21	|16,77	|19,28	|17,13	|16,46	|16,43	|21,49	|0	|0	|19,91	|18,42	|18,95	|19,11	|12,9	|13,09	|20,1	|13,19	|100	|17,61	|20,09	|23,19	|17,03	|11,69	|18,65	|16,51	|14,79	|15,04	|17,88	|18,7	|13,4	|16,81	|13,99	|16,24	|17,11	|22,1	|15,95	|17,65	|20,43	|18,42	|18,74	|
________________________________________________________
51	|3,82	|4,2	|1,84	|3,06	|3,75	|2,07	|2,32	|18,26	|1,96	|2,62	|2,25	|3,64	|2,35	|3,39	|3,1	|3,28	|25,12	|19,34	|13,34	|22,55	|19,69	|0	|13,34	|0	|16,62	|10,7	|11,55	|16,43	|14,55	|11	|21,48	|14,13	|18,13	|16,9	|19,36	|16,33	|16,55	|15,96	|17,52	|14,56	|16,92	|15,91	|16,55	|16,56	|19,11	|13,07	|12,26	|19,21	|15,69	|12,26	|100	|20,43	|22,29	|16,84	|12,16	|18,45	|17,41	|12,15	|19,28	|18,48	|16,79	|15,28	|16,66	|14,02	|17,12	|16,04	|18,67	|16,84	|18,26	|16,5	|16,36	|16,61	|
________________________________________________________
52	|3,79	|3,89	|1,94	|3,04	|3,59	|0	|2,81	|3,93	|1,83	|2,55	|2,41	|3,24	|2,64	|2,23	|2,82	|2,19	|25,22	|19	|13,3	|22,67	|19,13	|14,23	|0	|8,05	|16,45	|10,55	|11,25	|16,32	|14,89	|12,59	|13,93	|21,81	|18,11	|16,62	|19,28	|16,68	|16,56	|16,37	|17,2	|14,19	|17,17	|16,1	|16,23	|16,51	|19,17	|13,01	|12,05	|19,41	|15,66	|14,22	|20,78	|100	|22,42	|17,29	|12	|18,74	|16,99	|11,75	|12,21	|19,07	|16,24	|15,77	|16,71	|13,84	|16,29	|16,37	|18,18	|16,01	|17,43	|15,99	|16,57	|16,18	|
________________________________________________________
53	|2,87	|3,79	|1,27	|2,57	|3,08	|2,85	|2,23	|2,99	|0	|3,53	|2,66	|3,66	|2,76	|3,02	|3,1	|3,45	|24,51	|13,93	|12,97	|19,99	|16,84	|12,23	|16,69	|16,58	|13,72	|0	|14,77	|19	|16,52	|12,44	|19,55	|19,24	|18,37	|16,89	|18,93	|16,94	|16,22	|16,24	|18,52	|14,65	|17,3	|16,23	|16,68	|16,6	|19,48	|9,08	|10,96	|16,71	|13,56	|11,8	|16,29	|16,12	|100	|19,07	|13,53	|21,37	|19,13	|13,35	|18,88	|18,61	|17,09	|14,75	|16,7	|13,96	|16,33	|16,43	|18,81	|15,93	|16,91	|16,84	|17,17	|16,46	|
________________________________________________________
54	|4,13	|3,56	|2,03	|2,97	|3,13	|2,73	|2,24	|2,98	|1,22	|3,19	|14,17	|3,34	|2,66	|2,93	|3,16	|3,28	|19,85	|19,55	|12,27	|20,2	|16,85	|12	|16,09	|16,34	|0	|7	|0	|19,02	|16,76	|12,38	|19,2	|19,27	|17,46	|17,07	|19,46	|16,74	|16,38	|16,15	|17,47	|14,6	|16,96	|16,32	|16,21	|16,57	|20,13	|14,24	|11,2	|17,22	|13,67	|11,74	|16,68	|16,84	|25,83	|100	|11,94	|21,55	|19,11	|13,23	|18,72	|18,47	|16,75	|14,96	|16,94	|14,17	|16,44	|16,76	|18,61	|15,71	|17,26	|16,81	|16,57	|16,3	|
________________________________________________________
55	|4,1	|3,99	|1,79	|3,29	|3,01	|2,68	|2,33	|3,21	|0	|0	|2,45	|3,3	|2,77	|3,19	|3,59	|3,31	|23,5	|16,66	|13,92	|19,43	|16,85	|12,02	|16,5	|16,24	|19,77	|0	|10,43	|0	|18,09	|12,94	|18,4	|19,38	|20,31	|18,8	|23,74	|0	|0	|20,26	|17,91	|15,01	|17,01	|16,64	|15,95	|18,67	|18,08	|10,22	|13,23	|17,07	|13,7	|11,35	|16,96	|16,45	|25,81	|16,82	|100	|19,27	|20,96	|14,58	|18,91	|19,28	|17,96	|16,74	|19,87	|13,75	|16,4	|19,65	|18,25	|16,17	|17,28	|16,12	|15,26	|18,22	|
________________________________________________________
56	|3,18	|4,02	|1,52	|3,13	|2,91	|3,03	|1,69	|3,16	|2,4	|2,35	|2,49	|17,96	|0	|3,39	|3,55	|3,38	|22,06	|17,18	|12,11	|23	|14,65	|13,15	|16,61	|16,76	|19,39	|12,5	|0	|14,15	|0	|13,4	|19,46	|19,35	|17,81	|16,98	|18,36	|16,74	|16,77	|15,83	|17,94	|14,64	|17,18	|16,31	|16,6	|16,54	|16,51	|11,97	|10,19	|19,86	|10,38	|11,61	|16,49	|16,47	|26,14	|19,46	|12,36	|100	|20,37	|13,55	|18,22	|18,69	|16,85	|15,18	|15,62	|14,9	|17,96	|15,85	|18,42	|16,02	|16,96	|17,21	|16,71	|16,77	|
________________________________________________________
57	|3,37	|3,09	|1,81	|3,39	|3,99	|2,65	|2,64	|2,98	|2,29	|0	|2,76	|4,03	|1,53	|3,2	|17,11	|3,13	|21,72	|16,66	|11,94	|17,31	|20,38	|12,04	|16,18	|16,35	|18,23	|12,01	|13,96	|0	|9,72	|0	|19,23	|19,2	|17,69	|16,72	|20,12	|16,82	|16,12	|16,31	|18,03	|14,78	|17,38	|16,32	|16,36	|16,49	|16,71	|11,73	|12,3	|19,84	|16,17	|11,21	|16,98	|16,29	|25,52	|18,82	|14,66	|22,22	|100	|12,25	|19,09	|18,87	|16,52	|14,25	|17,1	|13,83	|16,52	|16,27	|19,2	|16,03	|17,32	|17,11	|16,93	|16,41	|
________________________________________________________
58	|3,59	|3,66	|1,82	|4,01	|3,84	|2,9	|2,17	|3,82	|2,37	|3,4	|2,19	|4,05	|0	|0	|2,89	|3,19	|22,28	|16,86	|12,14	|20,5	|17,25	|13,18	|16,54	|15,87	|19,34	|11,99	|13,28	|20,33	|0	|9,83	|0	|20,35	|18,26	|17,11	|20,92	|16,49	|16,17	|16,01	|20	|16,23	|21,2	|0	|0	|20,16	|16,77	|11,69	|11,37	|18,06	|12,12	|14,28	|16,85	|16,02	|25,34	|18,53	|14,5	|21,02	|17,42	|100	|17,62	|19,61	|15,87	|14,87	|18,28	|12,3	|16,38	|16,55	|20,61	|18,06	|20,38	|16,47	|17,19	|20,45	|
________________________________________________________
59	|3,44	|3,56	|1,67	|2,85	|3,01	|3,43	|2,13	|3,4	|2,29	|3,09	|2,6	|3,73	|2,88	|1,94	|2,78	|17,73	|22,29	|16,48	|12,2	|19,63	|17,32	|12,22	|20,8	|14,27	|18,69	|12,31	|13,31	|18,43	|17,32	|0	|12,82	|0	|18,04	|16,81	|19,62	|16,33	|16,93	|17,16	|17,86	|14,31	|16,98	|16,5	|16,09	|16,15	|16,57	|11,58	|11,27	|16,64	|13,7	|10,46	|19,26	|12	|25,8	|18,89	|13,55	|20,36	|19,55	|12,69	|100	|20,91	|16,63	|15,18	|17,06	|13,9	|16,18	|16,61	|19,03	|16,21	|17,42	|16,32	|17,73	|16,48	|
________________________________________________________
60	|3,38	|3,58	|1,71	|2,69	|3,2	|2,13	|2,3	|3,23	|2,2	|3,32	|2,62	|3,71	|2,83	|0	|3,64	|3,59	|21,73	|16,94	|12,21	|19,75	|16,9	|12,37	|13,99	|21,08	|18,9	|12,14	|12,8	|19,15	|17,1	|13,21	|0	|8,72	|18,79	|16,82	|19,63	|17,16	|17,26	|16,11	|17,51	|14,36	|17,28	|16,49	|16,38	|15,93	|16,32	|11,88	|11,07	|16,87	|13,65	|12,55	|18,64	|18,91	|25,68	|18,81	|13,94	|21,07	|19,51	|14,25	|21,11	|100	|16,94	|14,76	|16,98	|14	|16,15	|16,19	|18,52	|15,51	|16,97	|16,81	|16,38	|16	|
________________________________________________________
61	|3,99	|0	|1,92	|3,46	|3,02	|2,25	|2,48	|3,46	|2,12	|3,17	|2,73	|3,64	|2,51	|2,54	|2,8	|2,87	|21,78	|17,01	|14,95	|19,44	|16,45	|12,1	|16,5	|16,37	|16,77	|10,95	|13,68	|16,82	|15,02	|11,22	|16,76	|16,85	|15,97	|0	|21,8	|19,35	|18,79	|19,2	|22,43	|11,71	|17,49	|16,4	|16,34	|16,49	|16,99	|11,85	|13,62	|17,13	|13,23	|13,03	|16,81	|15,99	|23,41	|16,93	|12,89	|18,86	|16,95	|11,46	|16,66	|16,81	|100	|15,96	|19,09	|15,34	|18,16	|19,18	|21,47	|18,59	|17,46	|16,28	|16,94	|16,77	|
________________________________________________________
62	|3,74	|3,25	|11,39	|2,89	|3,11	|3,64	|2,59	|2,71	|2,19	|3,19	|2,68	|3,86	|2,25	|2,48	|2,91	|2,97	|22,28	|16,46	|0	|19,59	|16,66	|12,3	|16,63	|16,85	|16,4	|10,87	|12,91	|16,36	|14,49	|11,29	|16,78	|16,46	|0	|15,05	|22,19	|18,97	|18,53	|18,6	|14,04	|20,38	|18,02	|15,81	|16,73	|17,08	|17,11	|11,39	|11,27	|17,09	|13,67	|10,38	|17	|17,26	|22,46	|16,81	|13,36	|18,9	|16,26	|11,93	|16,9	|16,29	|17,74	|100	|19,57	|16,06	|18,67	|19,37	|12,82	|18,82	|17,72	|16,56	|16,6	|16,5	|
________________________________________________________
63	|3,13	|4,34	|1,83	|16,6	|3,85	|2,74	|2,17	|3,4	|2,38	|0	|2,68	|3,92	|2,62	|2,23	|3,36	|3,29	|21,53	|17,18	|0	|19,87	|16,69	|12,19	|16,2	|16,77	|16,91	|10,78	|14,75	|16,66	|16,28	|11,18	|16,46	|16,8	|20,64	|19,04	|17,49	|0	|18,67	|18,82	|17,59	|14,71	|22,02	|14,03	|16,38	|16,95	|16,36	|11,44	|11,2	|16,6	|13,44	|11,72	|16,69	|16,46	|22,89	|17,14	|14,27	|17,5	|17,56	|13,2	|17,11	|16,87	|19,11	|17,62	|100	|15,75	|18,22	|18,77	|18	|16,16	|19,63	|19,28	|17,17	|16,59	|
________________________________________________________
64	|0	|4,79	|2,34	|3,05	|2,54	|3,11	|2,18	|1,99	|2,44	|2,55	|16,98	|3,65	|2,09	|3,75	|3,39	|2,54	|21,96	|16,51	|15	|20,48	|16,71	|13,77	|16,79	|16,77	|16,88	|10,87	|0	|16,89	|13,41	|11,17	|16,89	|16,84	|19,96	|19,01	|0	|14,98	|19,36	|18,72	|17,66	|14,83	|14,61	|22,18	|16,85	|16,92	|16,24	|11,61	|14,02	|16,87	|13,3	|11,55	|16,63	|16,14	|22,66	|16,98	|11,69	|19,76	|16,81	|10,52	|16,5	|16,47	|18,17	|17,12	|18,65	|100	|19,05	|18,78	|18,41	|16,2	|11,19	|20,02	|16,83	|16,44	|
________________________________________________________
65	|3,76	|4,07	|2,04	|3,19	|2,92	|2,75	|1,99	|2,97	|1,65	|3,59	|2,4	|20,14	|3,14	|2,44	|2,86	|3,43	|21,71	|16,97	|13,29	|19,93	|16,7	|11,92	|16,85	|16,34	|16,34	|10,81	|0	|16,23	|14,49	|10,66	|16,01	|16,28	|20,77	|19,45	|21,65	|19,97	|14,65	|0	|17,2	|14,87	|17,14	|16,26	|21,44	|14,5	|16,53	|11,79	|12,17	|17,14	|13,42	|11,34	|17,17	|16,06	|22,4	|16,65	|11,8	|20,14	|16,99	|11,84	|16,24	|16,06	|18,2	|16,82	|18,24	|16,11	|100	|18,73	|18,68	|16	|16,68	|16,53	|19,15	|19,18	|
________________________________________________________
66	|3,92	|4,17	|1,9	|3,41	|3,06	|2,71	|2,04	|3,01	|0	|3,54	|3,06	|3,71	|1,83	|2,85	|2,76	|2,08	|22,15	|17,14	|13,47	|20,21	|16,72	|12,5	|16,02	|16,71	|16,1	|10,73	|14,94	|16,94	|14,45	|12,46	|16,41	|17,04	|20,44	|19,79	|22,11	|19,39	|0	|14,34	|17,51	|14,72	|17,2	|16,18	|13,95	|22,02	|16,76	|11,69	|12,04	|16,85	|13,39	|11,91	|16,05	|16,1	|22,49	|16,93	|14,1	|17,73	|16,68	|11,93	|16,63	|16,06	|19,17	|17,41	|18,74	|15,84	|18,68	|100	|18,78	|15,95	|17,05	|16,31	|11,91	|19,48	|
________________________________________________________
67	|3,88	|3,06	|1,2	|2,93	|3,53	|0	|2,45	|3,87	|1,82	|2,78	|2,29	|3,38	|2,79	|2,74	|3,44	|3,46	|21,99	|17,01	|13,33	|19,43	|16,71	|15,11	|15,47	|15,96	|16,64	|10,56	|11,42	|16,55	|15,05	|12,19	|16,45	|16,2	|22,5	|14,74	|19,62	|17,06	|16,67	|16,23	|16,8	|0	|18,85	|18,35	|18,56	|18,82	|17,14	|11,61	|11,04	|17,3	|13,67	|13,9	|16,86	|16,15	|23,24	|16,98	|11,82	|18,61	|17,78	|13,42	|17,21	|16,59	|19,37	|10,41	|16,23	|14,02	|16,82	|16,96	|100	|18,31	|19,72	|19,13	|19,06	|19,29	|
________________________________________________________
68	|3,33	|4,86	|1,93	|2,88	|3,86	|2,25	|13,49	|3,03	|1,88	|2,84	|2,46	|3,48	|2,88	|2,97	|3,25	|3,25	|22,68	|16,06	|12,4	|19,41	|17,16	|0	|16,16	|16,04	|16,76	|10,34	|11,91	|16,67	|14,74	|12,09	|16,6	|16,68	|15,56	|22,93	|19,31	|16,75	|16,45	|16,45	|0	|12,01	|20,05	|18,61	|18,73	|19,18	|16,78	|11,47	|11,09	|17,28	|13,49	|11,56	|17,54	|16,39	|22,69	|16,52	|12,07	|18,65	|17,11	|13,56	|16,89	|16,02	|19,34	|17,61	|16,8	|14,22	|16,62	|16,61	|21,11	|100	|19,26	|18,49	|18,96	|18,96	|
________________________________________________________
69	|4,29	|3,49	|1,57	|3,14	|2,78	|3,33	|2,05	|17,7	|2,26	|2,33	|1,39	|3,17	|2,96	|0	|3,25	|3,58	|22,04	|17,14	|11,77	|19,75	|16,75	|0	|15,78	|16,38	|16,51	|10,9	|13,11	|16,37	|15,18	|13,08	|17,07	|16,63	|17,85	|16,81	|24,59	|14,54	|16,43	|16,53	|20,34	|17,17	|14,79	|0	|18,4	|18,69	|17,22	|11,41	|9,95	|16,63	|13,45	|11,91	|17,7	|16,61	|22,42	|16,89	|12,01	|18,38	|17,21	|14,24	|16,9	|16,31	|16,91	|15,43	|18,99	|9,15	|16,12	|16,52	|21,15	|17,92	|100	|19,26	|18,73	|18,7	|
________________________________________________________
70	|2,89	|3,48	|1,97	|3,21	|0	|3,47	|2,63	|3,5	|2,09	|3,91	|2,85	|3,37	|2,71	|2,19	|17,41	|2,89	|21,4	|16,15	|12,26	|19,63	|16,5	|14,56	|16,54	|16,49	|16,21	|10,59	|11,48	|16,39	|14,43	|0	|17,06	|16,82	|17,88	|16,9	|17,29	|22,69	|17,26	|16,6	|20,39	|16,87	|0	|13,7	|18,74	|18,59	|16,67	|11,33	|12,36	|16,76	|13,71	|14,11	|16,37	|15,6	|22,87	|16,85	|11,47	|19,1	|17,41	|11,79	|16,21	|16,55	|16,14	|14,76	|19,1	|16,75	|16,36	|16,18	|21,02	|17,62	|19,72	|100	|19,13	|19,22	|
________________________________________________________
71	|3,28	|3,55	|1,73	|2,73	|3,44	|3,12	|2,36	|3,32	|2,52	|2,67	|2,12	|3,9	|2,09	|3,27	|3,07	|17,67	|21,74	|16,7	|12,26	|19,77	|16,99	|13,9	|17,1	|16,21	|16,37	|10,54	|11,64	|16,11	|14,34	|0	|16,64	|16,47	|18,64	|16,78	|19,92	|17,25	|21,46	|14,08	|20,08	|16,31	|19,87	|18,84	|14,43	|0	|16,77	|11,98	|10,97	|16,9	|13,07	|12,77	|16,29	|16,23	|23,39	|16,66	|10,9	|18,61	|17,29	|12,34	|17,67	|16,18	|16,85	|14,86	|17,07	|14,13	|19,01	|11,86	|21,02	|18,13	|19,25	|19,2	|100	|19,08	|
________________________________________________________
72	|3,41	|3,76	|1,7	|2,97	|3,5	|3,19	|2,5	|3,25	|1,61	|3	|2,57	|3,91	|0	|3,09	|3,64	|3,34	|21,88	|16,82	|12,28	|20,16	|17	|13,47	|17,04	|16,41	|16,18	|10,58	|12,17	|16,98	|15,22	|12,94	|16,54	|16,09	|18,5	|17,25	|19,96	|17,25	|13,75	|21,26	|19,88	|16,29	|19,91	|18,84	|0	|14,61	|16,61	|11,37	|10,79	|17,34	|13,57	|13,06	|16,63	|15,93	|22,54	|16,48	|13,08	|18,77	|16,85	|14,76	|16,51	|15,89	|16,78	|14,85	|16,58	|13,88	|19,15	|19,5	|21,38	|18,23	|19,32	|19,39	|19,18	|100	|
________________________________________________________
