0	|1	|2	|3	|4	|5	|6	|7	|8	|9	|10	|11	|12	|13	|14	|15	|16	|17	|18	|19	|20	|21	|22	|23	|24	|25	|26	|27	|28	|29	|30	|31	|32	|33	|34	|35	|36	|37	|38	|39	|40	|41	|42	|43	|44	|45	|46	|47	|48	|49	|50	|51	|52	|53	|54	|55	|56	|57	|58	|59	|60	|61	|62	|63	|64	|65	|66	|67	|68	|69	|70	|71	|72	|
1	|3348	|110	|50	|117	|150	|95	|79	|150	|97	|101	|0	|114	|91	|52	|86	|100	|818	|3348	|396	|670	|703	|434	|630	|627	|617	|446	|487	|572	|535	|329	|527	|587	|752	|585	|3348	|588	|626	|568	|681	|438	|628	|390	|528	|537	|0	|311	|0	|723	|547	|416	|636	|621	|654	|694	|490	|592	|576	|431	|574	|559	|664	|559	|520	|0	|624	|653	|716	|532	|737	|485	|548	|568	|
________________________________________________________
2	|110	|3625	|64	|101	|122	|122	|0	|118	|62	|136	|118	|139	|73	|111	|83	|113	|898	|592	|474	|3625	|720	|513	|705	|665	|714	|329	|473	|698	|448	|402	|588	|586	|705	|3625	|705	|752	|696	|660	|715	|618	|610	|602	|571	|633	|732	|448	|0	|509	|0	|462	|700	|637	|863	|598	|476	|748	|528	|440	|594	|592	|0	|486	|722	|672	|676	|695	|564	|778	|599	|584	|594	|625	|
________________________________________________________
3	|50	|64	|1705	|58	|62	|84	|56	|49	|62	|58	|69	|56	|37	|49	|71	|53	|0	|222	|0	|395	|342	|261	|298	|336	|223	|273	|227	|283	|274	|188	|277	|284	|0	|272	|390	|346	|350	|302	|228	|360	|290	|308	|274	|293	|327	|1705	|195	|271	|295	|221	|306	|317	|289	|341	|214	|283	|309	|218	|279	|282	|319	|1705	|305	|328	|338	|316	|221	|309	|269	|331	|289	|283	|
________________________________________________________
4	|117	|101	|58	|2759	|0	|89	|70	|107	|61	|0	|74	|133	|63	|70	|112	|114	|742	|574	|0	|456	|0	|388	|510	|507	|466	|287	|384	|587	|338	|318	|481	|484	|578	|517	|500	|0	|481	|521	|481	|414	|602	|369	|450	|476	|589	|323	|309	|2759	|457	|378	|509	|498	|586	|499	|393	|583	|579	|481	|475	|445	|575	|432	|2759	|428	|529	|568	|541	|460	|539	|538	|456	|494	|
________________________________________________________
5	|150	|122	|62	|0	|3053	|73	|79	|109	|96	|99	|70	|108	|108	|92	|0	|97	|770	|608	|424	|675	|3053	|341	|511	|628	|481	|316	|510	|548	|517	|386	|500	|501	|519	|496	|685	|600	|504	|474	|613	|433	|3053	|556	|592	|560	|569	|406	|419	|0	|334	|0	|625	|588	|701	|527	|359	|542	|682	|461	|502	|528	|502	|465	|640	|357	|485	|510	|651	|618	|477	|0	|575	|583	|
________________________________________________________
6	|95	|122	|84	|89	|73	|2705	|69	|67	|49	|124	|69	|104	|69	|104	|96	|107	|667	|512	|353	|620	|461	|347	|2705	|536	|423	|290	|334	|509	|382	|308	|551	|351	|308	|508	|471	|532	|435	|424	|519	|2705	|475	|545	|542	|521	|508	|367	|347	|561	|449	|0	|345	|0	|649	|459	|320	|565	|453	|348	|571	|352	|374	|545	|455	|437	|456	|452	|0	|360	|572	|583	|522	|531	|
________________________________________________________
7	|79	|0	|56	|70	|79	|69	|2158	|51	|55	|38	|57	|51	|97	|72	|98	|63	|530	|378	|326	|0	|308	|0	|434	|445	|366	|204	|277	|270	|447	|256	|367	|408	|332	|460	|426	|385	|360	|374	|0	|265	|440	|450	|402	|416	|408	|282	|293	|436	|2158	|227	|386	|460	|509	|376	|278	|314	|451	|261	|355	|380	|412	|388	|360	|306	|331	|340	|451	|2158	|353	|441	|394	|416	|
________________________________________________________
8	|150	|118	|49	|107	|109	|67	|51	|3041	|64	|78	|46	|117	|97	|0	|97	|117	|718	|587	|435	|719	|639	|0	|367	|0	|525	|337	|407	|488	|461	|402	|669	|436	|651	|495	|734	|437	|478	|503	|695	|508	|448	|0	|575	|600	|578	|404	|376	|613	|387	|380	|3041	|644	|681	|501	|383	|589	|509	|459	|566	|534	|575	|406	|565	|280	|493	|501	|714	|484	|3041	|587	|556	|540	|
________________________________________________________
9	|97	|62	|62	|61	|96	|49	|55	|64	|1902	|47	|39	|71	|61	|53	|71	|83	|323	|428	|231	|331	|365	|206	|320	|325	|446	|1902	|209	|308	|339	|243	|402	|391	|412	|352	|429	|299	|1902	|341	|313	|269	|357	|260	|319	|194	|223	|319	|235	|316	|279	|222	|327	|299	|0	|205	|0	|447	|391	|285	|382	|364	|353	|328	|395	|343	|274	|0	|335	|301	|389	|350	|421	|268	|
________________________________________________________
10	|101	|136	|58	|0	|99	|124	|38	|78	|47	|2839	|66	|89	|83	|111	|0	|85	|599	|467	|403	|633	|579	|491	|485	|462	|568	|310	|323	|2839	|518	|380	|549	|547	|590	|531	|600	|2839	|463	|580	|496	|452	|548	|560	|490	|497	|454	|328	|374	|592	|292	|333	|437	|417	|805	|537	|0	|438	|0	|408	|515	|548	|527	|477	|0	|358	|596	|589	|512	|455	|400	|657	|447	|499	|
________________________________________________________
11	|0	|118	|69	|74	|70	|69	|57	|46	|39	|66	|2384	|69	|58	|95	|91	|64	|479	|472	|362	|475	|395	|314	|391	|395	|0	|167	|0	|486	|385	|290	|439	|393	|472	|483	|0	|346	|460	|496	|393	|334	|350	|531	|396	|450	|465	|345	|334	|398	|327	|247	|374	|394	|606	|2384	|293	|464	|472	|263	|434	|433	|454	|401	|446	|2384	|399	|510	|422	|393	|238	|479	|354	|427	|
________________________________________________________
12	|114	|139	|56	|133	|108	|104	|51	|117	|71	|89	|69	|3345	|0	|114	|113	|146	|826	|557	|462	|745	|470	|388	|563	|550	|684	|420	|0	|480	|0	|438	|637	|636	|665	|637	|744	|638	|487	|0	|561	|488	|579	|555	|716	|481	|561	|338	|410	|664	|349	|378	|606	|530	|835	|562	|394	|3345	|688	|486	|621	|613	|605	|578	|652	|513	|3345	|618	|623	|557	|545	|565	|653	|650	|
________________________________________________________
13	|91	|73	|37	|63	|108	|69	|97	|97	|61	|83	|58	|0	|2414	|59	|58	|71	|505	|407	|282	|386	|490	|296	|365	|455	|450	|281	|344	|494	|2414	|260	|429	|499	|439	|359	|474	|410	|474	|473	|490	|402	|513	|364	|2414	|476	|399	|303	|290	|345	|419	|309	|392	|433	|630	|448	|331	|0	|262	|0	|480	|468	|418	|337	|435	|293	|521	|304	|515	|461	|509	|454	|350	|0	|
________________________________________________________
14	|52	|111	|49	|70	|92	|104	|72	|0	|53	|111	|95	|114	|59	|2608	|86	|72	|617	|418	|331	|506	|460	|384	|498	|481	|505	|293	|315	|495	|382	|278	|2608	|536	|490	|452	|351	|513	|428	|484	|514	|449	|528	|2608	|453	|521	|430	|279	|353	|461	|365	|356	|565	|365	|688	|492	|381	|631	|546	|0	|324	|0	|423	|371	|370	|526	|406	|475	|506	|475	|0	|368	|547	|514	|
________________________________________________________
15	|86	|83	|71	|112	|0	|96	|98	|97	|71	|0	|91	|113	|58	|86	|2922	|75	|603	|471	|342	|504	|572	|402	|484	|447	|506	|352	|403	|0	|256	|0	|593	|599	|507	|474	|536	|644	|471	|445	|611	|518	|0	|407	|569	|583	|473	|320	|477	|573	|479	|396	|516	|461	|707	|532	|429	|661	|2922	|347	|463	|601	|466	|435	|558	|476	|475	|459	|635	|520	|559	|2922	|513	|606	|
________________________________________________________
16	|100	|113	|53	|114	|97	|107	|63	|117	|83	|85	|64	|146	|71	|72	|75	|2955	|649	|499	|375	|637	|496	|432	|609	|421	|551	|357	|398	|535	|546	|0	|377	|0	|524	|502	|647	|454	|638	|434	|564	|444	|610	|562	|402	|0	|464	|354	|315	|531	|352	|379	|547	|358	|786	|552	|395	|629	|535	|383	|2955	|593	|477	|445	|547	|357	|570	|347	|638	|520	|615	|485	|2955	|555	|
________________________________________________________
17	|818	|898	|0	|742	|770	|667	|530	|718	|323	|599	|479	|826	|505	|617	|603	|649	|22106	|4090	|3037	|4978	|4154	|3037	|4177	|4196	|3998	|1802	|2584	|3687	|3316	|2529	|3707	|3593	|3919	|3722	|4191	|3714	|3712	|3607	|3943	|3261	|3923	|3641	|3643	|3630	|3306	|0	|3031	|4247	|3413	|2822	|4183	|4129	|5585	|3339	|2807	|4109	|3709	|2675	|3716	|3589	|3624	|3334	|3580	|3084	|3605	|3688	|4055	|3628	|3787	|3592	|3635	|3639	|
________________________________________________________
18	|3348	|592	|222	|574	|608	|512	|378	|587	|428	|467	|472	|557	|407	|418	|471	|499	|4090	|16783	|1990	|3878	|3260	|2317	|3226	|3181	|3385	|2389	|1959	|2848	|2497	|1821	|2759	|2873	|3066	|2773	|3348	|2830	|2813	|2648	|3056	|2403	|2936	|2713	|2766	|2741	|0	|1533	|0	|3249	|2513	|2137	|3221	|3111	|3173	|3288	|1990	|3199	|2844	|2024	|2747	|2798	|2830	|2464	|2857	|2319	|2818	|2854	|3137	|2568	|2946	|2710	|2793	|2798	|
________________________________________________________
19	|396	|474	|0	|0	|424	|353	|326	|435	|231	|403	|362	|462	|282	|331	|342	|375	|3037	|1990	|12094	|2512	|2520	|1756	|2291	|2257	|2202	|1086	|1680	|1979	|1771	|1330	|2066	|2055	|2655	|2144	|2325	|2462	|2240	|2269	|2354	|1543	|2015	|2043	|1961	|2033	|2453	|0	|1216	|0	|1979	|1546	|2222	|2178	|2956	|2063	|1663	|2255	|2039	|1458	|2033	|2016	|2488	|0	|0	|2106	|2208	|2242	|2458	|1983	|2022	|2058	|2050	|2043	|
________________________________________________________
20	|670	|3625	|395	|456	|675	|620	|0	|719	|331	|633	|475	|745	|386	|506	|504	|637	|4978	|3878	|2512	|19948	|3885	|2799	|3792	|3785	|3358	|2165	|2141	|3770	|2419	|2225	|3304	|3314	|3536	|3625	|3760	|3406	|3328	|3287	|3545	|2997	|3414	|3197	|3230	|3308	|3878	|2578	|0	|2886	|0	|2756	|3755	|3712	|4554	|3398	|2320	|4284	|2955	|2462	|3272	|3262	|3234	|2932	|3304	|2876	|3310	|3365	|3583	|3104	|3394	|3294	|3307	|3354	|
________________________________________________________
21	|703	|720	|342	|0	|3053	|461	|308	|639	|365	|579	|395	|470	|490	|460	|572	|496	|4154	|3260	|2520	|3885	|16903	|2036	|3210	|3214	|2815	|1837	|2213	|3258	|3012	|1831	|2921	|2811	|2945	|2793	|3317	|2908	|2748	|2722	|2899	|2439	|3053	|2658	|2805	|2765	|3260	|2217	|2276	|0	|1794	|0	|3280	|3132	|3838	|2834	|2012	|2728	|3480	|2071	|2888	|2791	|2737	|2494	|2775	|2347	|2774	|2784	|3080	|2744	|2878	|2770	|2841	|2827	|
________________________________________________________
22	|434	|513	|261	|388	|341	|347	|0	|0	|206	|491	|314	|388	|296	|384	|402	|432	|3037	|2317	|1756	|2799	|2036	|12145	|2105	|2450	|2051	|1302	|1413	|2143	|1573	|1656	|1963	|2025	|2150	|2072	|2169	|2309	|2039	|1978	|2615	|1802	|2069	|2391	|2219	|2191	|2334	|1687	|1497	|2488	|0	|1230	|0	|2330	|2787	|2019	|1435	|2449	|2055	|1582	|2037	|2043	|2014	|1841	|2026	|1933	|1980	|2081	|2785	|0	|0	|2443	|2325	|2241	|
________________________________________________________
23	|630	|705	|298	|510	|511	|2705	|434	|367	|320	|485	|391	|563	|365	|498	|484	|609	|4177	|3226	|2291	|3792	|3210	|2105	|16477	|3307	|2743	|1715	|1911	|2752	|2463	|1598	|3235	|2124	|2888	|2815	|3145	|2850	|2812	|2665	|2832	|2705	|2891	|2665	|2802	|2757	|3172	|2160	|1950	|3190	|2605	|0	|2221	|0	|3803	|2707	|1970	|3093	|2762	|1986	|3467	|2310	|2745	|2489	|2693	|2358	|2798	|2668	|2852	|2584	|2711	|2776	|2860	|2835	|
________________________________________________________
24	|627	|665	|336	|507	|628	|536	|445	|0	|325	|462	|395	|550	|455	|481	|447	|421	|4196	|3181	|2257	|3785	|3214	|2450	|3307	|16559	|2727	|1780	|1907	|2757	|2484	|2074	|3230	|3119	|3038	|2690	|3199	|2834	|2742	|2726	|2790	|2429	|2842	|2639	|2710	|2746	|3101	|2167	|1988	|3180	|2603	|2253	|0	|1319	|3778	|2748	|1940	|3122	|2791	|1905	|2379	|3482	|2723	|2522	|2788	|2355	|2714	|2783	|2943	|2565	|2815	|2768	|2711	|2730	|
________________________________________________________
25	|617	|714	|223	|466	|481	|423	|366	|525	|446	|568	|0	|684	|450	|505	|506	|551	|3998	|3385	|2202	|3358	|2815	|2051	|2743	|2727	|16527	|2439	|2357	|3210	|2726	|2089	|3096	|3153	|3034	|2845	|3198	|2843	|2734	|2682	|2972	|2377	|2852	|2675	|2714	|2715	|3247	|1572	|1765	|2788	|2243	|1879	|2768	|2694	|3126	|0	|2361	|3612	|3112	|2322	|3116	|3121	|2791	|2455	|2811	|2370	|2714	|2681	|3067	|2680	|2837	|2720	|2737	|2692	|
________________________________________________________
26	|446	|329	|273	|287	|316	|290	|204	|337	|1902	|310	|167	|420	|281	|293	|352	|357	|1802	|2389	|1086	|2165	|1837	|1302	|1715	|1780	|2439	|10688	|1224	|2057	|1730	|1375	|2069	|2079	|1994	|1763	|2067	|1764	|1902	|1713	|1782	|1551	|1802	|1698	|1738	|1807	|1258	|1824	|1163	|1799	|1358	|1231	|1782	|1727	|0	|1177	|0	|2328	|2051	|1440	|2052	|2005	|1822	|1627	|1792	|1527	|1795	|1786	|1947	|1654	|1873	|1778	|1763	|1760	|
________________________________________________________
27	|487	|473	|227	|384	|510	|334	|277	|407	|209	|323	|0	|0	|344	|315	|403	|398	|2584	|1959	|1680	|2141	|2213	|1413	|1911	|1907	|2357	|1224	|11703	|1982	|2175	|1559	|2135	|2095	|2429	|2291	|2697	|1943	|1877	|2465	|2084	|1656	|2275	|1660	|1918	|1931	|1930	|1369	|1441	|1930	|1796	|1326	|1923	|1843	|3365	|0	|1246	|0	|2383	|1595	|2219	|2114	|2276	|1932	|2453	|0	|0	|2487	|2106	|1905	|2252	|1926	|1947	|2025	|
________________________________________________________
28	|572	|698	|283	|587	|548	|509	|270	|488	|308	|2839	|486	|480	|494	|495	|0	|535	|3687	|2848	|1979	|3770	|3258	|2143	|2752	|2757	|3210	|2057	|1982	|16660	|3122	|2232	|3137	|3181	|3052	|2821	|3206	|2839	|2687	|2796	|2863	|2482	|2890	|2651	|2776	|2818	|2803	|1923	|1803	|3476	|1757	|1945	|2737	|2672	|4329	|3199	|0	|2636	|0	|2441	|3072	|3163	|2798	|2448	|2770	|2372	|2695	|2821	|3051	|2666	|2813	|2750	|2694	|2824	|
________________________________________________________
29	|535	|448	|274	|338	|517	|382	|447	|461	|339	|518	|385	|0	|2414	|382	|256	|546	|3316	|2497	|1771	|2419	|3012	|1573	|2463	|2484	|2726	|1730	|2175	|3122	|14855	|1621	|2808	|2863	|2668	|2437	|2999	|2506	|2397	|2412	|2544	|2197	|2502	|2350	|2414	|2528	|2471	|1782	|1756	|1949	|2641	|1688	|2423	|2438	|3765	|2819	|2161	|0	|1659	|0	|2887	|2824	|2500	|2169	|2706	|1883	|2406	|2406	|2775	|2357	|2608	|2421	|2399	|2532	|
________________________________________________________
30	|329	|402	|188	|318	|386	|308	|256	|402	|243	|380	|290	|438	|260	|278	|0	|0	|2529	|1821	|1330	|2225	|1831	|1656	|1598	|2074	|2089	|1375	|1559	|2232	|1621	|11067	|1932	|2233	|1969	|1893	|2138	|1889	|1685	|1999	|2145	|1814	|2299	|1789	|1869	|2198	|1831	|1245	|1221	|1954	|1441	|1471	|1832	|2062	|2834	|2083	|1545	|2496	|0	|1180	|0	|2181	|1867	|1690	|1859	|1568	|1771	|2075	|2248	|1933	|2248	|0	|0	|2153	|
________________________________________________________
31	|527	|588	|277	|481	|500	|551	|367	|669	|402	|549	|439	|637	|429	|2608	|593	|377	|3707	|2759	|2066	|3304	|2921	|1963	|3235	|3230	|3096	|2069	|2135	|3137	|2808	|1932	|16733	|3461	|3046	|2801	|3212	|2905	|2867	|2764	|2972	|2494	|2841	|2608	|2794	|2751	|2798	|1916	|1927	|2875	|2248	|1891	|3578	|2281	|4454	|3229	|2198	|3624	|3283	|0	|2137	|0	|2789	|2511	|2737	|2371	|2659	|2733	|3033	|2655	|2934	|2864	|2783	|2751	|
________________________________________________________
32	|587	|586	|284	|484	|501	|351	|408	|436	|391	|547	|393	|636	|499	|536	|599	|0	|3593	|2873	|2055	|3314	|2811	|2025	|2124	|3119	|3153	|2079	|2095	|3181	|2863	|2233	|3461	|16773	|3083	|2829	|3150	|2853	|2803	|2709	|2960	|2490	|2858	|2674	|2726	|2712	|2783	|1970	|1870	|2844	|2267	|2137	|2353	|3572	|4383	|3241	|2315	|3604	|3279	|2444	|0	|1440	|2803	|2463	|2793	|2365	|2704	|2837	|2986	|2668	|2857	|2823	|2755	|2677	|
________________________________________________________
33	|752	|705	|0	|578	|519	|308	|332	|651	|412	|590	|472	|665	|439	|490	|507	|524	|3919	|3066	|2655	|3536	|2945	|2150	|2888	|3038	|3034	|1994	|2429	|3052	|2668	|1969	|3046	|3083	|18155	|3441	|4040	|3532	|3476	|3377	|3658	|1803	|3147	|2888	|2938	|2992	|2995	|2166	|2408	|3073	|2423	|2434	|3020	|2966	|4186	|2937	|2426	|3317	|3020	|2192	|3007	|3104	|2658	|0	|3431	|2803	|3450	|3403	|4149	|2489	|3067	|3001	|3117	|3078	|
________________________________________________________
34	|585	|3625	|272	|517	|496	|508	|460	|495	|352	|531	|483	|637	|359	|452	|474	|502	|3722	|2773	|2144	|3625	|2793	|2072	|2815	|2690	|2845	|1763	|2291	|2821	|2437	|1893	|2801	|2829	|3441	|16925	|3772	|3165	|3165	|3092	|3389	|2738	|2895	|2644	|2683	|2847	|2825	|1969	|0	|2841	|2217	|1944	|2814	|2722	|3849	|2872	|2245	|3163	|2855	|2054	|2803	|2778	|0	|2253	|3165	|2669	|3230	|3295	|2717	|3667	|2888	|2836	|2806	|2869	|
________________________________________________________
35	|3348	|705	|390	|500	|685	|471	|426	|734	|429	|600	|0	|744	|474	|351	|536	|647	|4191	|3348	|2325	|3760	|3317	|2169	|3145	|3199	|3198	|2067	|2697	|3206	|2999	|2138	|3212	|3150	|4040	|3772	|19365	|3600	|3538	|3474	|3490	|2826	|3686	|2293	|3086	|3211	|3147	|2233	|0	|3338	|2599	|2235	|3225	|3157	|4314	|3274	|2835	|3419	|3436	|2512	|3270	|3242	|3628	|3321	|2908	|0	|3595	|3681	|3617	|3089	|4225	|2901	|3331	|3320	|
________________________________________________________
36	|588	|752	|346	|0	|600	|532	|385	|437	|299	|2839	|346	|638	|410	|513	|644	|454	|3714	|2830	|2462	|3406	|2908	|2309	|2850	|2834	|2843	|1764	|1943	|2839	|2506	|1889	|2905	|2853	|3532	|3165	|3600	|17104	|3265	|3218	|2993	|2500	|3360	|3293	|2913	|2845	|2775	|1946	|2372	|2896	|2310	|1986	|2720	|2731	|3860	|2815	|0	|3117	|2872	|1980	|2723	|2834	|3220	|2839	|0	|2103	|3316	|3228	|3146	|2679	|2499	|3808	|2885	|2870	|
________________________________________________________
37	|626	|696	|350	|481	|504	|435	|360	|478	|1902	|463	|460	|487	|474	|428	|471	|638	|3712	|2813	|2240	|3328	|2748	|2039	|2812	|2742	|2734	|1902	|1877	|2687	|2397	|1685	|2867	|2803	|3476	|3165	|3538	|3265	|16580	|2993	|2984	|2385	|2833	|2771	|3144	|1920	|2759	|1939	|2056	|2752	|2154	|1908	|2757	|2711	|3695	|2755	|0	|3123	|2753	|1941	|2823	|2850	|3126	|2773	|3104	|2719	|2433	|0	|3073	|2631	|2824	|2897	|3589	|2287	|
________________________________________________________
38	|568	|660	|302	|521	|474	|424	|374	|503	|341	|580	|496	|0	|473	|484	|445	|434	|3607	|2648	|2269	|3287	|2722	|1978	|2665	|2726	|2682	|1713	|2465	|2796	|2412	|1999	|2764	|2709	|3377	|3092	|3474	|3218	|2993	|16419	|2907	|2393	|2836	|2759	|3088	|3164	|2728	|1999	|1975	|2789	|2173	|1905	|2658	|2680	|3701	|2717	|2420	|2948	|2784	|1922	|2860	|2661	|3195	|2784	|3128	|2629	|0	|2387	|2993	|2631	|2841	|2786	|2355	|3537	|
________________________________________________________
39	|681	|715	|228	|481	|613	|519	|0	|695	|313	|496	|393	|561	|490	|514	|611	|564	|3943	|3056	|2354	|3545	|2899	|2615	|2832	|2790	|2972	|1782	|2084	|2863	|2544	|2145	|2972	|2960	|3658	|3389	|3490	|2993	|2984	|2907	|17644	|2742	|3366	|3226	|3308	|3304	|2909	|2025	|1933	|3028	|2453	|2491	|2918	|2816	|4220	|2939	|2139	|3342	|3078	|2402	|2978	|2892	|3732	|2101	|2925	|2480	|2856	|2915	|3097	|0	|3496	|3422	|3358	|3307	|
________________________________________________________
40	|438	|618	|360	|414	|433	|2705	|265	|508	|269	|452	|334	|488	|402	|449	|518	|444	|3261	|2403	|1543	|2997	|2439	|1802	|2705	|2429	|2377	|1551	|1656	|2482	|2197	|1814	|2494	|2490	|1803	|2738	|2826	|2500	|2385	|2393	|2742	|14681	|2866	|2660	|2784	|2770	|2448	|1720	|1630	|2554	|1983	|0	|2424	|2323	|3338	|2456	|1793	|2727	|2524	|1949	|2386	|2371	|1949	|3050	|2446	|2083	|2470	|2451	|0	|1921	|2951	|2831	|2727	|2710	|
________________________________________________________
41	|628	|610	|290	|602	|3053	|475	|440	|448	|357	|548	|350	|579	|513	|528	|0	|610	|3923	|2936	|2015	|3414	|3053	|2069	|2891	|2842	|2852	|1802	|2275	|2890	|2502	|2299	|2841	|2858	|3147	|2895	|3686	|3360	|2833	|2836	|3366	|2866	|17239	|3254	|3221	|3261	|2847	|1974	|1977	|2923	|2311	|0	|2818	|2811	|3942	|2852	|2032	|3200	|2968	|2546	|2831	|2854	|2910	|2697	|3661	|2051	|2846	|2864	|3476	|3206	|2542	|0	|3323	|3311	|
________________________________________________________
42	|390	|602	|308	|369	|556	|545	|450	|0	|260	|560	|531	|555	|364	|2608	|407	|562	|3641	|2713	|2043	|3197	|2658	|2391	|2665	|2639	|2675	|1698	|1660	|2651	|2350	|1789	|2608	|2674	|2888	|2644	|2293	|3293	|2771	|2759	|3226	|2660	|3254	|16250	|3085	|3141	|2681	|1812	|1987	|2812	|2183	|2308	|2650	|2636	|3698	|2745	|1987	|3038	|2786	|0	|2751	|2724	|2728	|2366	|2333	|3114	|2700	|2694	|3384	|2977	|0	|2300	|3151	|3134	|
________________________________________________________
43	|528	|571	|274	|450	|592	|542	|402	|575	|319	|490	|396	|716	|2414	|453	|569	|402	|3643	|2766	|1961	|3230	|2805	|2219	|2802	|2710	|2714	|1738	|1918	|2776	|2414	|1869	|2794	|2726	|2938	|2683	|3086	|2913	|3144	|3088	|3308	|2784	|3221	|3085	|16503	|3100	|2780	|1924	|1839	|2849	|2191	|2135	|2757	|2658	|3801	|2726	|1905	|3092	|2793	|0	|2683	|2706	|2719	|2504	|2724	|2366	|3561	|2323	|3421	|2995	|3162	|3145	|2414	|0	|
________________________________________________________
44	|537	|633	|293	|476	|560	|521	|416	|600	|194	|497	|450	|481	|476	|521	|583	|0	|3630	|2741	|2033	|3308	|2765	|2191	|2757	|2746	|2715	|1807	|1931	|2818	|2528	|2198	|2751	|2712	|2992	|2847	|3211	|2845	|1920	|3164	|3304	|2770	|3261	|3141	|3100	|16717	|2798	|1907	|1881	|2750	|2230	|2197	|2758	|2703	|3783	|2787	|2230	|3081	|2816	|2421	|2693	|2631	|2743	|2556	|2818	|2376	|2408	|3667	|3470	|3067	|3211	|3120	|0	|2431	|
________________________________________________________
45	|0	|732	|327	|589	|569	|508	|408	|578	|223	|454	|465	|561	|399	|430	|473	|464	|3306	|0	|2453	|3878	|3260	|2334	|3172	|3101	|3247	|1258	|1930	|2803	|2471	|1831	|2798	|2783	|2995	|2825	|3147	|2775	|2759	|2728	|2909	|2448	|2847	|2681	|2780	|2798	|16700	|2324	|2183	|3244	|2483	|2216	|3183	|3139	|4438	|3386	|2159	|3074	|2853	|2014	|2763	|2696	|2827	|2561	|2720	|2281	|2746	|2791	|3161	|2683	|2959	|2798	|2805	|2763	|
________________________________________________________
46	|311	|448	|1705	|323	|406	|367	|282	|404	|319	|328	|345	|338	|303	|279	|320	|354	|0	|1533	|0	|2578	|2217	|1687	|2160	|2167	|1572	|1824	|1369	|1923	|1782	|1245	|1916	|1970	|2166	|1969	|2233	|1946	|1939	|1999	|2025	|1720	|1974	|1812	|1924	|1907	|2324	|11614	|1273	|2285	|1800	|1495	|2177	|2131	|2070	|2396	|1220	|2229	|2003	|1404	|1930	|1962	|1971	|1705	|1902	|1630	|1958	|1946	|2141	|1835	|1961	|1901	|2004	|1891	|
________________________________________________________
47	|0	|0	|195	|309	|419	|347	|293	|376	|235	|374	|334	|410	|290	|353	|477	|315	|3031	|0	|1216	|0	|2276	|1497	|1950	|1988	|1765	|1163	|1441	|1803	|1756	|1221	|1927	|1870	|2408	|0	|0	|2372	|2056	|1975	|1933	|1630	|1977	|1987	|1839	|1881	|2183	|1273	|11017	|1869	|1860	|1518	|2042	|1974	|2498	|1884	|1580	|1897	|2100	|1365	|1879	|1828	|2267	|1686	|1862	|1968	|2022	|2004	|2036	|1773	|1709	|2075	|1834	|1794	|
________________________________________________________
48	|723	|509	|271	|2759	|0	|561	|436	|613	|316	|592	|398	|664	|345	|461	|573	|531	|4247	|3249	|0	|2886	|0	|2488	|3190	|3180	|2788	|1799	|1930	|3476	|1949	|1954	|2875	|2844	|3073	|2841	|3338	|2896	|2752	|2789	|3028	|2554	|2923	|2812	|2849	|2750	|3244	|2285	|1869	|16914	|2793	|2330	|3199	|3178	|3808	|2897	|2039	|3699	|3387	|2168	|2774	|2787	|2850	|2558	|2759	|2369	|2846	|2806	|3189	|2764	|2858	|2812	|2827	|2885	|
________________________________________________________
49	|547	|0	|295	|457	|334	|449	|2158	|387	|279	|292	|327	|349	|419	|365	|479	|352	|3413	|2513	|1979	|0	|1794	|0	|2605	|2603	|2243	|1358	|1796	|1757	|2641	|1441	|2248	|2267	|2423	|2217	|2599	|2310	|2154	|2173	|2453	|1983	|2311	|2183	|2191	|2230	|2483	|1800	|1860	|2793	|13562	|1529	|2613	|2565	|3089	|2300	|1636	|1933	|2761	|1455	|2284	|2254	|2202	|2046	|2235	|1867	|2229	|2229	|2520	|2158	|2311	|2301	|2185	|2257	|
________________________________________________________
50	|416	|462	|221	|378	|0	|0	|227	|380	|222	|333	|247	|378	|309	|356	|396	|379	|2822	|2137	|1546	|2756	|0	|1230	|0	|2253	|1879	|1231	|1326	|1945	|1688	|1471	|1891	|2137	|2434	|1944	|2235	|1986	|1908	|1905	|2491	|0	|0	|2308	|2135	|2197	|2216	|1495	|1518	|2330	|1529	|11593	|2042	|2329	|2688	|1974	|1355	|2162	|1914	|1715	|1744	|2073	|2168	|1553	|1949	|1622	|1883	|1983	|2562	|1849	|2046	|2368	|2135	|2173	|
________________________________________________________
51	|636	|700	|306	|509	|625	|345	|386	|3041	|327	|437	|374	|606	|392	|565	|516	|547	|4183	|3221	|2222	|3755	|3280	|0	|2221	|0	|2768	|1782	|1923	|2737	|2423	|1832	|3578	|2353	|3020	|2814	|3225	|2720	|2757	|2658	|2918	|2424	|2818	|2650	|2757	|2758	|3183	|2177	|2042	|3199	|2613	|2042	|16654	|3403	|3712	|2805	|2025	|3072	|2899	|2023	|3211	|3078	|2797	|2544	|2774	|2335	|2851	|2672	|3109	|2805	|3041	|2748	|2724	|2766	|
________________________________________________________
52	|621	|637	|317	|498	|588	|0	|460	|644	|299	|417	|394	|530	|433	|365	|461	|358	|4129	|3111	|2178	|3712	|3132	|2330	|0	|1319	|2694	|1727	|1843	|2672	|2438	|2062	|2281	|3572	|2966	|2722	|3157	|2731	|2711	|2680	|2816	|2323	|2811	|2636	|2658	|2703	|3139	|2131	|1974	|3178	|2565	|2329	|3403	|16375	|3672	|2832	|1965	|3068	|2782	|1924	|2000	|3123	|2660	|2583	|2737	|2267	|2668	|2680	|2977	|2622	|2854	|2618	|2714	|2650	|
________________________________________________________
53	|654	|863	|289	|586	|701	|649	|509	|681	|0	|805	|606	|835	|630	|688	|707	|786	|5585	|3173	|2956	|4554	|3838	|2787	|3803	|3778	|3126	|0	|3365	|4329	|3765	|2834	|4454	|4383	|4186	|3849	|4314	|3860	|3695	|3701	|4220	|3338	|3942	|3698	|3801	|3783	|4438	|2070	|2498	|3808	|3089	|2688	|3712	|3672	|22786	|4345	|3082	|4869	|4358	|3042	|4301	|4241	|3895	|3361	|3806	|3182	|3721	|3744	|4285	|3629	|3852	|3838	|3912	|3750	|
________________________________________________________
54	|694	|598	|341	|499	|527	|459	|376	|501	|205	|537	|2384	|562	|448	|492	|532	|552	|3339	|3288	|2063	|3398	|2834	|2019	|2707	|2748	|0	|1177	|0	|3199	|2819	|2083	|3229	|3241	|2937	|2872	|3274	|2815	|2755	|2717	|2939	|2456	|2852	|2745	|2726	|2787	|3386	|2396	|1884	|2897	|2300	|1974	|2805	|2832	|4345	|16820	|2009	|3625	|3214	|2225	|3149	|3106	|2817	|2516	|2849	|2384	|2766	|2819	|3131	|2642	|2903	|2828	|2787	|2741	|
________________________________________________________
55	|490	|476	|214	|393	|359	|320	|278	|383	|0	|0	|293	|394	|331	|381	|429	|395	|2807	|1990	|1663	|2320	|2012	|1435	|1970	|1940	|2361	|0	|1246	|0	|2161	|1545	|2198	|2315	|2426	|2245	|2835	|0	|0	|2420	|2139	|1793	|2032	|1987	|1905	|2230	|2159	|1220	|1580	|2039	|1636	|1355	|2025	|1965	|3082	|2009	|11943	|2301	|2503	|1741	|2259	|2303	|2145	|1999	|2373	|1642	|1959	|2347	|2180	|1931	|2064	|1925	|1823	|2176	|
________________________________________________________
56	|592	|748	|283	|583	|542	|565	|314	|589	|447	|438	|464	|3345	|0	|631	|661	|629	|4109	|3199	|2255	|4284	|2728	|2449	|3093	|3122	|3612	|2328	|0	|2636	|0	|2496	|3624	|3604	|3317	|3163	|3419	|3117	|3123	|2948	|3342	|2727	|3200	|3038	|3092	|3081	|3074	|2229	|1897	|3699	|1933	|2162	|3072	|3068	|4869	|3625	|2301	|18624	|3794	|2524	|3394	|3480	|3138	|2828	|2910	|2775	|3345	|2952	|3431	|2983	|3159	|3205	|3113	|3123	|
________________________________________________________
57	|576	|528	|309	|579	|682	|453	|451	|509	|391	|0	|472	|688	|262	|546	|2922	|535	|3709	|2844	|2039	|2955	|3480	|2055	|2762	|2791	|3112	|2051	|2383	|0	|1659	|0	|3283	|3279	|3020	|2855	|3436	|2872	|2753	|2784	|3078	|2524	|2968	|2786	|2793	|2816	|2853	|2003	|2100	|3387	|2761	|1914	|2899	|2782	|4358	|3214	|2503	|3794	|17074	|2092	|3259	|3222	|2820	|2433	|2919	|2361	|2821	|2778	|3278	|2737	|2957	|2922	|2891	|2802	|
________________________________________________________
58	|431	|440	|218	|481	|461	|348	|261	|459	|285	|408	|263	|486	|0	|0	|347	|383	|2675	|2024	|1458	|2462	|2071	|1582	|1986	|1905	|2322	|1440	|1595	|2441	|0	|1180	|0	|2444	|2192	|2054	|2512	|1980	|1941	|1922	|2402	|1949	|2546	|0	|0	|2421	|2014	|1404	|1365	|2168	|1455	|1715	|2023	|1924	|3042	|2225	|1741	|2524	|2092	|12007	|2116	|2354	|1906	|1786	|2195	|1477	|1967	|1987	|2475	|2169	|2447	|1978	|2064	|2456	|
________________________________________________________
59	|574	|594	|279	|475	|502	|571	|355	|566	|382	|515	|434	|621	|480	|324	|463	|2955	|3716	|2747	|2033	|3272	|2888	|2037	|3467	|2379	|3116	|2052	|2219	|3072	|2887	|0	|2137	|0	|3007	|2803	|3270	|2723	|2823	|2860	|2978	|2386	|2831	|2751	|2683	|2693	|2763	|1930	|1879	|2774	|2284	|1744	|3211	|2000	|4301	|3149	|2259	|3394	|3259	|2116	|16670	|3486	|2772	|2530	|2844	|2317	|2697	|2769	|3173	|2702	|2904	|2721	|2955	|2747	|
________________________________________________________
60	|559	|592	|282	|445	|528	|352	|380	|534	|364	|548	|433	|613	|468	|0	|601	|593	|3589	|2798	|2016	|3262	|2791	|2043	|2310	|3482	|3121	|2005	|2114	|3163	|2824	|2181	|0	|1440	|3104	|2778	|3242	|2834	|2850	|2661	|2892	|2371	|2854	|2724	|2706	|2631	|2696	|1962	|1828	|2787	|2254	|2073	|3078	|3123	|4241	|3106	|2303	|3480	|3222	|2354	|3486	|16516	|2797	|2438	|2804	|2313	|2668	|2674	|3059	|2562	|2803	|2777	|2706	|2643	|
________________________________________________________
61	|664	|0	|319	|575	|502	|374	|412	|575	|353	|527	|454	|605	|418	|423	|466	|477	|3624	|2830	|2488	|3234	|2737	|2014	|2745	|2723	|2791	|1822	|2276	|2798	|2500	|1867	|2789	|2803	|2658	|0	|3628	|3220	|3126	|3195	|3732	|1949	|2910	|2728	|2719	|2743	|2827	|1971	|2267	|2850	|2202	|2168	|2797	|2660	|3895	|2817	|2145	|3138	|2820	|1906	|2772	|2797	|16639	|2655	|3177	|2552	|3022	|3192	|3572	|3093	|2905	|2708	|2818	|2791	|
________________________________________________________
62	|559	|486	|1705	|432	|465	|545	|388	|406	|328	|477	|401	|578	|337	|371	|435	|445	|3334	|2464	|0	|2932	|2494	|1841	|2489	|2522	|2455	|1627	|1932	|2448	|2169	|1690	|2511	|2463	|0	|2253	|3321	|2839	|2773	|2784	|2101	|3050	|2697	|2366	|2504	|2556	|2561	|1705	|1686	|2558	|2046	|1553	|2544	|2583	|3361	|2516	|1999	|2828	|2433	|1786	|2530	|2438	|2655	|14966	|2929	|2404	|2794	|2899	|1919	|2816	|2652	|2478	|2485	|2470	|
________________________________________________________
63	|520	|722	|305	|2759	|640	|455	|360	|565	|395	|0	|446	|652	|435	|370	|558	|547	|3580	|2857	|0	|3304	|2775	|2026	|2693	|2788	|2811	|1792	|2453	|2770	|2706	|1859	|2737	|2793	|3431	|3165	|2908	|0	|3104	|3128	|2925	|2446	|3661	|2333	|2724	|2818	|2720	|1902	|1862	|2759	|2235	|1949	|2774	|2737	|3806	|2849	|2373	|2910	|2919	|2195	|2844	|2804	|3177	|2929	|16625	|2619	|3029	|3120	|2992	|2687	|3263	|3205	|2854	|2758	|
________________________________________________________
64	|0	|672	|328	|428	|357	|437	|306	|280	|343	|358	|2384	|513	|293	|526	|476	|357	|3084	|2319	|2106	|2876	|2347	|1933	|2358	|2355	|2370	|1527	|0	|2372	|1883	|1568	|2371	|2365	|2803	|2669	|0	|2103	|2719	|2629	|2480	|2083	|2051	|3114	|2366	|2376	|2281	|1630	|1968	|2369	|1867	|1622	|2335	|2267	|3182	|2384	|1642	|2775	|2361	|1477	|2317	|2313	|2552	|2404	|2619	|14042	|2675	|2637	|2585	|2275	|1572	|2811	|2363	|2309	|
________________________________________________________
65	|624	|676	|338	|529	|485	|456	|331	|493	|274	|596	|399	|3345	|521	|406	|475	|570	|3605	|2818	|2208	|3310	|2774	|1980	|2798	|2714	|2714	|1795	|0	|2695	|2406	|1771	|2659	|2704	|3450	|3230	|3595	|3316	|2433	|0	|2856	|2470	|2846	|2700	|3561	|2408	|2746	|1958	|2022	|2846	|2229	|1883	|2851	|2668	|3721	|2766	|1959	|3345	|2821	|1967	|2697	|2668	|3022	|2794	|3029	|2675	|16608	|3110	|3102	|2658	|2770	|2745	|3180	|3185	|
________________________________________________________
66	|653	|695	|316	|568	|510	|452	|340	|501	|0	|589	|510	|618	|304	|475	|459	|347	|3688	|2854	|2242	|3365	|2784	|2081	|2668	|2783	|2681	|1786	|2487	|2821	|2406	|2075	|2733	|2837	|3403	|3295	|3681	|3228	|0	|2387	|2915	|2451	|2864	|2694	|2323	|3667	|2791	|1946	|2004	|2806	|2229	|1983	|2672	|2680	|3744	|2819	|2347	|2952	|2778	|1987	|2769	|2674	|3192	|2899	|3120	|2637	|3110	|16650	|3127	|2656	|2838	|2715	|1983	|3244	|
________________________________________________________
67	|716	|564	|221	|541	|651	|0	|451	|714	|335	|512	|422	|623	|515	|506	|635	|638	|4055	|3137	|2458	|3583	|3080	|2785	|2852	|2943	|3067	|1947	|2106	|3051	|2775	|2248	|3033	|2986	|4149	|2717	|3617	|3146	|3073	|2993	|3097	|0	|3476	|3384	|3421	|3470	|3161	|2141	|2036	|3189	|2520	|2562	|3109	|2977	|4285	|3131	|2180	|3431	|3278	|2475	|3173	|3059	|3572	|1919	|2992	|2585	|3102	|3127	|18437	|3376	|3635	|3527	|3515	|3557	|
________________________________________________________
68	|532	|778	|309	|460	|618	|360	|2158	|484	|301	|455	|393	|557	|461	|475	|520	|520	|3628	|2568	|1983	|3104	|2744	|0	|2584	|2565	|2680	|1654	|1905	|2666	|2357	|1933	|2655	|2668	|2489	|3667	|3089	|2679	|2631	|2631	|0	|1921	|3206	|2977	|2995	|3067	|2683	|1835	|1773	|2764	|2158	|1849	|2805	|2622	|3629	|2642	|1931	|2983	|2737	|2169	|2702	|2562	|3093	|2816	|2687	|2275	|2658	|2656	|3376	|15993	|3080	|2957	|3032	|3032	|
________________________________________________________
69	|737	|599	|269	|539	|477	|572	|353	|3041	|389	|400	|238	|545	|509	|0	|559	|615	|3787	|2946	|2022	|3394	|2878	|0	|2711	|2815	|2837	|1873	|2252	|2813	|2608	|2248	|2934	|2857	|3067	|2888	|4225	|2499	|2824	|2841	|3496	|2951	|2542	|0	|3162	|3211	|2959	|1961	|1709	|2858	|2311	|2046	|3041	|2854	|3852	|2903	|2064	|3159	|2957	|2447	|2904	|2803	|2905	|2652	|3263	|1572	|2770	|2838	|3635	|3080	|17184	|3310	|3219	|3214	|
________________________________________________________
70	|485	|584	|331	|538	|0	|583	|441	|587	|350	|657	|479	|565	|454	|368	|2922	|485	|3592	|2710	|2058	|3294	|2770	|2443	|2776	|2768	|2720	|1778	|1926	|2750	|2421	|0	|2864	|2823	|3001	|2836	|2901	|3808	|2897	|2786	|3422	|2831	|0	|2300	|3145	|3120	|2798	|1901	|2075	|2812	|2301	|2368	|2748	|2618	|3838	|2828	|1925	|3205	|2922	|1978	|2721	|2777	|2708	|2478	|3205	|2811	|2745	|2715	|3527	|2957	|3310	|16783	|3211	|3226	|
________________________________________________________
71	|548	|594	|289	|456	|575	|522	|394	|556	|421	|447	|354	|653	|350	|547	|513	|2955	|3635	|2793	|2050	|3307	|2841	|2325	|2860	|2711	|2737	|1763	|1947	|2694	|2399	|0	|2783	|2755	|3117	|2806	|3331	|2885	|3589	|2355	|3358	|2727	|3323	|3151	|2414	|0	|2805	|2004	|1834	|2827	|2185	|2135	|2724	|2714	|3912	|2787	|1823	|3113	|2891	|2064	|2955	|2706	|2818	|2485	|2854	|2363	|3180	|1983	|3515	|3032	|3219	|3211	|16724	|3191	|
________________________________________________________
72	|568	|625	|283	|494	|583	|531	|416	|540	|268	|499	|427	|650	|0	|514	|606	|555	|3639	|2798	|2043	|3354	|2827	|2241	|2835	|2730	|2692	|1760	|2025	|2824	|2532	|2153	|2751	|2677	|3078	|2869	|3320	|2870	|2287	|3537	|3307	|2710	|3311	|3134	|0	|2431	|2763	|1891	|1794	|2885	|2257	|2173	|2766	|2650	|3750	|2741	|2176	|3123	|2802	|2456	|2747	|2643	|2791	|2470	|2758	|2309	|3185	|3244	|3557	|3032	|3214	|3226	|3191	|16634	|
________________________________________________________
