0	|1	|2	|3	|4	|5	|6	|7	|8	|9	|10	|11	|12	|13	|14	|15	|16	|17	|18	|19	|20	|21	|22	|23	|24	|25	|26	|27	|28	|29	|30	|31	|32	|33	|34	|35	|36	|37	|38	|39	|40	|41	|42	|43	|44	|45	|46	|47	|48	|49	|50	|51	|52	|53	|54	|55	|56	|57	|58	|59	|60	|61	|62	|63	|64	|65	|66	|67	|68	|69	|70	|71	|72	|
1	|3276	|97	|53	|123	|109	|71	|87	|129	|107	|90	|0	|125	|90	|74	|106	|113	|802	|3276	|382	|629	|683	|454	|607	|614	|623	|462	|474	|561	|533	|370	|567	|545	|686	|560	|3276	|586	|621	|560	|641	|409	|580	|421	|567	|556	|0	|277	|0	|684	|527	|467	|632	|595	|633	|684	|491	|601	|581	|418	|542	|512	|674	|557	|503	|0	|625	|613	|687	|495	|672	|485	|532	|532	|
________________________________________________________
2	|97	|3634	|56	|95	|126	|125	|0	|131	|60	|145	|102	|162	|67	|103	|97	|102	|909	|602	|451	|3634	|683	|506	|668	|674	|634	|325	|484	|698	|442	|388	|573	|629	|721	|3634	|699	|756	|663	|681	|719	|655	|632	|632	|571	|581	|753	|463	|0	|502	|0	|521	|672	|673	|842	|622	|507	|821	|546	|460	|592	|611	|0	|443	|742	|608	|702	|682	|592	|738	|595	|620	|618	|639	|
________________________________________________________
3	|53	|56	|1733	|56	|63	|80	|59	|47	|61	|67	|68	|59	|58	|54	|78	|61	|0	|232	|0	|425	|379	|234	|340	|281	|229	|274	|235	|314	|301	|184	|292	|281	|0	|257	|417	|375	|320	|339	|247	|355	|287	|333	|294	|275	|360	|1733	|170	|278	|304	|202	|353	|312	|306	|349	|246	|290	|332	|189	|301	|275	|321	|1733	|304	|315	|346	|352	|216	|318	|261	|322	|311	|283	|
________________________________________________________
4	|123	|95	|56	|2835	|0	|95	|71	|113	|86	|0	|89	|140	|65	|73	|114	|113	|775	|609	|0	|458	|0	|392	|545	|541	|463	|329	|420	|606	|323	|302	|475	|463	|640	|560	|494	|0	|532	|475	|495	|410	|629	|397	|457	|433	|554	|313	|318	|2835	|493	|401	|538	|520	|623	|490	|432	|631	|606	|514	|519	|476	|603	|419	|2835	|462	|549	|568	|536	|458	|542	|562	|484	|483	|
________________________________________________________
5	|109	|126	|63	|0	|3028	|67	|65	|110	|74	|109	|65	|85	|119	|86	|0	|103	|799	|572	|424	|703	|3028	|324	|512	|568	|496	|287	|512	|580	|521	|412	|460	|518	|527	|493	|617	|571	|478	|486	|649	|448	|3028	|593	|571	|591	|583	|385	|427	|0	|329	|0	|638	|589	|711	|528	|393	|519	|628	|451	|497	|494	|481	|466	|666	|378	|475	|490	|681	|580	|482	|0	|567	|577	|
________________________________________________________
6	|71	|125	|80	|95	|67	|2729	|64	|79	|62	|101	|74	|86	|65	|90	|91	|101	|672	|514	|367	|601	|480	|308	|2729	|537	|467	|293	|319	|487	|356	|306	|510	|330	|310	|507	|503	|502	|458	|441	|505	|2729	|478	|539	|509	|511	|509	|353	|361	|526	|472	|0	|367	|0	|635	|474	|318	|569	|488	|354	|545	|377	|350	|584	|462	|436	|432	|447	|0	|386	|557	|578	|552	|543	|
________________________________________________________
7	|87	|0	|59	|71	|65	|64	|2150	|54	|40	|46	|47	|56	|83	|88	|103	|57	|510	|409	|329	|0	|286	|0	|438	|443	|347	|208	|299	|285	|408	|260	|397	|392	|317	|461	|427	|365	|333	|349	|0	|265	|456	|457	|393	|404	|433	|299	|290	|433	|2150	|275	|337	|413	|494	|367	|266	|290	|465	|283	|316	|389	|423	|362	|362	|285	|360	|348	|454	|2150	|336	|455	|371	|407	|
________________________________________________________
8	|129	|131	|47	|113	|110	|79	|54	|2941	|64	|77	|38	|99	|82	|0	|104	|110	|769	|554	|422	|727	|619	|0	|380	|0	|481	|311	|388	|541	|408	|400	|621	|415	|615	|505	|712	|426	|452	|479	|604	|527	|427	|0	|524	|535	|550	|380	|341	|605	|379	|360	|2941	|616	|654	|473	|345	|558	|504	|442	|550	|534	|568	|406	|548	|261	|510	|458	|643	|499	|2941	|576	|530	|539	|
________________________________________________________
9	|107	|60	|61	|86	|74	|62	|40	|64	|1881	|55	|45	|70	|63	|43	|64	|82	|310	|393	|228	|330	|341	|240	|320	|312	|422	|1881	|234	|300	|353	|243	|360	|368	|376	|342	|433	|327	|1881	|335	|344	|280	|344	|278	|340	|217	|200	|348	|241	|329	|282	|227	|318	|331	|0	|225	|0	|446	|397	|265	|345	|366	|394	|333	|384	|323	|264	|0	|350	|292	|367	|323	|419	|303	|
________________________________________________________
10	|90	|145	|67	|0	|109	|101	|46	|77	|55	|2762	|55	|104	|88	|120	|0	|96	|615	|443	|389	|666	|577	|502	|434	|474	|526	|271	|290	|2762	|544	|400	|503	|524	|546	|507	|534	|2762	|473	|548	|507	|407	|526	|536	|480	|494	|451	|290	|397	|540	|262	|330	|452	|426	|786	|552	|0	|440	|0	|422	|524	|547	|503	|486	|0	|328	|617	|547	|530	|425	|393	|595	|477	|474	|
________________________________________________________
11	|0	|102	|68	|89	|65	|74	|47	|38	|45	|55	|2316	|49	|70	|85	|67	|65	|451	|460	|329	|471	|398	|328	|355	|394	|0	|201	|0	|449	|406	|289	|412	|455	|469	|430	|0	|334	|449	|491	|412	|337	|325	|508	|410	|450	|451	|330	|318	|399	|285	|279	|368	|371	|636	|2316	|257	|424	|461	|312	|423	|440	|434	|381	|455	|2316	|366	|457	|415	|392	|240	|422	|359	|443	|
________________________________________________________
12	|125	|162	|59	|140	|85	|86	|56	|99	|70	|104	|49	|3446	|0	|121	|121	|131	|813	|587	|444	|785	|519	|438	|552	|592	|688	|426	|0	|462	|0	|425	|658	|652	|750	|653	|774	|715	|524	|0	|632	|492	|581	|585	|734	|488	|652	|383	|435	|696	|325	|452	|526	|511	|820	|594	|461	|3446	|742	|473	|661	|659	|671	|594	|658	|490	|3446	|605	|660	|546	|613	|590	|689	|658	|
________________________________________________________
13	|90	|67	|58	|65	|119	|65	|83	|82	|63	|88	|70	|0	|2555	|38	|67	|87	|583	|407	|294	|412	|536	|361	|379	|481	|482	|305	|390	|574	|2555	|278	|426	|559	|419	|421	|564	|447	|476	|481	|499	|428	|547	|396	|2555	|535	|449	|284	|314	|330	|454	|337	|372	|507	|632	|495	|367	|0	|302	|0	|544	|512	|424	|389	|444	|326	|567	|332	|536	|491	|530	|519	|364	|0	|
________________________________________________________
14	|74	|103	|54	|73	|86	|90	|88	|0	|43	|120	|85	|121	|38	|2760	|80	|77	|587	|450	|334	|552	|447	|420	|539	|516	|516	|362	|338	|558	|394	|313	|2760	|562	|474	|493	|403	|528	|385	|506	|561	|426	|532	|2760	|395	|608	|463	|315	|343	|491	|358	|401	|565	|354	|738	|516	|419	|626	|544	|0	|331	|0	|481	|412	|400	|499	|435	|549	|604	|517	|0	|381	|559	|587	|
________________________________________________________
15	|106	|97	|78	|114	|0	|91	|103	|104	|64	|0	|67	|121	|67	|80	|2933	|71	|607	|519	|362	|538	|610	|418	|459	|431	|560	|374	|394	|0	|292	|0	|581	|631	|514	|486	|511	|701	|490	|455	|544	|469	|0	|395	|614	|606	|474	|331	|472	|613	|428	|429	|497	|507	|711	|550	|454	|668	|2933	|360	|475	|604	|443	|416	|515	|469	|491	|478	|566	|560	|573	|2933	|489	|548	|
________________________________________________________
16	|113	|102	|61	|113	|103	|101	|57	|110	|82	|96	|65	|131	|87	|77	|71	|2967	|634	|459	|347	|656	|494	|415	|618	|432	|560	|366	|394	|597	|528	|0	|398	|0	|543	|481	|654	|499	|622	|403	|628	|491	|558	|597	|435	|0	|525	|359	|327	|543	|370	|396	|559	|356	|770	|560	|393	|672	|550	|365	|2967	|612	|524	|446	|531	|381	|547	|291	|622	|554	|573	|538	|2967	|564	|
________________________________________________________
17	|802	|909	|0	|775	|799	|672	|510	|769	|310	|615	|451	|813	|583	|587	|607	|634	|21881	|4069	|2933	|5087	|4227	|2990	|4186	|4140	|4164	|1838	|2516	|3711	|3274	|2470	|3625	|3619	|4057	|3745	|4062	|3759	|3511	|3627	|3969	|3268	|3694	|3517	|3717	|3747	|3216	|0	|2960	|4273	|3188	|2855	|4241	|4044	|5517	|3317	|2817	|4267	|3775	|2644	|3599	|3665	|3621	|3262	|3609	|3048	|3598	|3671	|4054	|3487	|3779	|3650	|3609	|3570	|
________________________________________________________
18	|3276	|602	|232	|609	|572	|514	|409	|554	|393	|443	|460	|587	|407	|450	|519	|459	|4069	|16675	|1993	|3864	|3250	|2311	|3173	|3110	|3412	|2372	|1959	|2854	|2408	|1864	|2822	|2840	|3093	|2863	|3276	|2789	|2640	|2671	|2923	|2503	|2857	|2736	|2824	|2797	|0	|1518	|0	|3291	|2541	|2237	|3191	|3162	|3159	|3431	|2051	|3198	|2937	|2015	|2771	|2784	|2758	|2497	|2758	|2354	|2739	|2835	|3135	|2691	|2768	|2781	|2750	|2760	|
________________________________________________________
19	|382	|451	|0	|0	|424	|367	|329	|422	|228	|389	|329	|444	|294	|334	|362	|347	|2933	|1993	|12112	|2513	|2504	|1780	|2202	|2251	|2142	|1079	|1708	|2021	|1719	|1325	|2058	|2096	|2730	|2010	|2272	|2453	|2252	|2258	|2438	|1608	|1966	|2035	|2097	|2069	|2503	|0	|1188	|0	|1887	|1671	|2280	|2232	|2948	|2097	|1616	|2233	|2111	|1452	|1998	|2007	|2414	|0	|0	|2093	|2268	|2188	|2467	|1918	|2057	|2098	|2009	|2000	|
________________________________________________________
20	|629	|3634	|425	|458	|703	|601	|0	|727	|330	|666	|471	|785	|412	|552	|538	|656	|5087	|3864	|2513	|20104	|3928	|2797	|3834	|3756	|3361	|2153	|2181	|3932	|2360	|2227	|3402	|3386	|3614	|3634	|3830	|3455	|3302	|3387	|3561	|3005	|3449	|3299	|3370	|3385	|3830	|2599	|0	|2914	|0	|2791	|3740	|3708	|4506	|3360	|2471	|4429	|2972	|2591	|3369	|3385	|3175	|2862	|3306	|2874	|3416	|3364	|3727	|3123	|3426	|3480	|3344	|3421	|
________________________________________________________
21	|683	|683	|379	|0	|3028	|480	|286	|619	|341	|577	|398	|519	|536	|447	|610	|494	|4227	|3250	|2504	|3928	|17199	|2052	|3329	|3195	|2825	|1832	|2205	|3386	|2956	|1910	|2856	|2835	|3040	|2829	|3324	|2960	|2751	|2777	|3041	|2625	|3028	|2770	|2967	|2909	|3322	|2250	|2315	|0	|1741	|0	|3321	|3222	|3925	|2878	|2176	|2804	|3555	|2100	|2862	|2791	|2783	|2600	|2905	|2498	|2836	|2801	|3151	|2764	|2941	|2838	|2838	|2875	|
________________________________________________________
22	|454	|506	|234	|392	|324	|308	|0	|0	|240	|502	|328	|438	|361	|420	|418	|415	|2990	|2311	|1780	|2797	|2052	|12153	|2055	|2412	|2028	|1265	|1429	|2263	|1590	|1663	|2091	|2074	|2189	|1973	|2114	|2309	|2038	|1953	|2695	|1880	|2056	|2393	|2273	|2215	|2339	|1524	|1543	|2412	|0	|1279	|0	|2431	|2738	|2096	|1531	|2509	|2084	|1639	|2000	|2036	|1944	|1823	|2006	|1935	|2010	|1929	|2733	|0	|0	|2470	|2333	|2209	|
________________________________________________________
23	|607	|668	|340	|545	|512	|2729	|438	|380	|320	|434	|355	|552	|379	|539	|459	|618	|4186	|3173	|2202	|3834	|3329	|2055	|16639	|3232	|2830	|1748	|1964	|2857	|2456	|1580	|3232	|2064	|3204	|2738	|3263	|2732	|2698	|2703	|2937	|2729	|2907	|2746	|2892	|2950	|3163	|2183	|2034	|3185	|2552	|0	|2218	|0	|3800	|2692	|1964	|3073	|2870	|2037	|3493	|2360	|2770	|2563	|2834	|2369	|2809	|2782	|2970	|2686	|2788	|2847	|2825	|2848	|
________________________________________________________
24	|614	|674	|281	|541	|568	|537	|443	|0	|312	|474	|394	|592	|481	|516	|431	|432	|4140	|3110	|2251	|3756	|3195	|2412	|3232	|16610	|2737	|1764	|1920	|2775	|2443	|2051	|3108	|3134	|3124	|2768	|3169	|2892	|2654	|2800	|2905	|2409	|2761	|2705	|2757	|2785	|3150	|2086	|2118	|3127	|2447	|2399	|0	|1406	|3685	|2771	|2066	|3224	|2797	|1973	|2482	|3633	|2778	|2462	|2799	|2359	|2757	|2759	|2948	|2628	|2794	|2763	|2703	|2698	|
________________________________________________________
25	|623	|634	|229	|463	|496	|467	|347	|481	|422	|526	|0	|688	|482	|516	|560	|560	|4164	|3412	|2142	|3361	|2825	|2028	|2830	|2737	|16631	|2369	|2362	|3152	|2790	|2076	|3110	|3218	|3058	|2749	|3102	|2814	|2570	|2679	|2863	|2539	|2896	|2730	|2782	|2770	|3250	|1457	|1807	|2858	|2201	|1928	|2802	|2776	|3128	|0	|2451	|3626	|3336	|2307	|3171	|3192	|2808	|2505	|2774	|2382	|2772	|2773	|3130	|2729	|2790	|2770	|2780	|2738	|
________________________________________________________
26	|462	|325	|274	|329	|287	|293	|208	|311	|1881	|271	|201	|426	|305	|362	|374	|366	|1838	|2372	|1079	|2153	|1832	|1265	|1748	|1764	|2369	|10586	|1230	|1968	|1778	|1368	|2080	|2064	|1931	|1750	|2006	|1789	|1881	|1739	|1878	|1578	|1763	|1802	|1789	|1752	|1176	|1738	|1185	|1851	|1391	|1284	|1784	|1765	|0	|1210	|0	|2311	|2083	|1431	|2020	|2024	|1858	|1585	|1766	|1518	|1737	|1785	|1974	|1707	|1752	|1774	|1793	|1747	|
________________________________________________________
27	|474	|484	|235	|420	|512	|319	|299	|388	|234	|290	|0	|0	|390	|338	|394	|394	|2516	|1959	|1708	|2181	|2205	|1429	|1964	|1920	|2362	|1230	|11905	|2022	|2118	|1487	|2083	|2188	|2508	|2272	|2745	|1967	|1971	|2529	|2108	|1832	|2282	|1728	|1991	|2106	|1945	|1361	|1481	|1988	|1779	|1411	|2044	|2035	|3339	|0	|1242	|0	|2472	|1688	|2188	|2173	|2241	|1962	|2503	|0	|0	|2432	|2238	|1888	|2290	|2023	|2064	|1981	|
________________________________________________________
28	|561	|698	|314	|606	|580	|487	|285	|541	|300	|2762	|449	|462	|574	|558	|0	|597	|3711	|2854	|2021	|3932	|3386	|2263	|2857	|2775	|3152	|1968	|2022	|16927	|3136	|2373	|3106	|3140	|3106	|2815	|3247	|2762	|2738	|2789	|3038	|2498	|2876	|2773	|2867	|2893	|2897	|1939	|1883	|3530	|1724	|2006	|2820	|2773	|4340	|3176	|0	|2618	|0	|2472	|3309	|3273	|2787	|2548	|2854	|2384	|2802	|2820	|3098	|2704	|2930	|2801	|2803	|2877	|
________________________________________________________
29	|533	|442	|301	|323	|521	|356	|408	|408	|353	|544	|406	|0	|2555	|394	|292	|528	|3274	|2408	|1719	|2360	|2956	|1590	|2456	|2443	|2790	|1778	|2118	|3136	|14735	|1682	|2810	|2920	|2614	|2463	|3036	|2560	|2380	|2358	|2570	|2207	|2573	|2385	|2555	|2544	|2457	|1690	|1818	|1916	|2530	|1716	|2353	|2464	|3685	|2775	|2191	|0	|1770	|0	|2831	|2788	|2406	|2153	|2562	|1960	|2464	|2418	|2720	|2386	|2461	|2461	|2349	|2522	|
________________________________________________________
30	|370	|388	|184	|302	|412	|306	|260	|400	|243	|400	|289	|425	|278	|313	|0	|0	|2470	|1864	|1325	|2227	|1910	|1663	|1580	|2051	|2076	|1368	|1487	|2373	|1682	|11180	|1884	|2162	|2025	|1840	|2127	|1893	|1635	|2152	|2203	|1911	|2379	|1814	|1833	|2230	|1851	|1284	|1252	|1911	|1451	|1444	|1842	|2092	|2825	|2091	|1540	|2458	|0	|1159	|0	|2182	|1870	|1620	|1912	|1598	|1809	|2122	|2274	|1962	|2325	|0	|0	|2277	|
________________________________________________________
31	|567	|573	|292	|475	|460	|510	|397	|621	|360	|503	|412	|658	|426	|2760	|581	|398	|3625	|2822	|2058	|3402	|2856	|2091	|3232	|3108	|3110	|2080	|2083	|3106	|2810	|1884	|16727	|3455	|3020	|2842	|3279	|2783	|2808	|2786	|3000	|2530	|2802	|2760	|2792	|2876	|2774	|1909	|1842	|2794	|2233	|1938	|3576	|2399	|4361	|3243	|2362	|3655	|3347	|0	|2150	|0	|2772	|2537	|2851	|2283	|2741	|2705	|3120	|2657	|2787	|2843	|2750	|2755	|
________________________________________________________
32	|545	|629	|281	|463	|518	|330	|392	|415	|368	|524	|455	|652	|559	|562	|631	|0	|3619	|2840	|2096	|3386	|2835	|2074	|2064	|3134	|3218	|2064	|2188	|3140	|2920	|2162	|3455	|16681	|3037	|2729	|3181	|2854	|2765	|2798	|2918	|2443	|2963	|2740	|2786	|2820	|2824	|1964	|1829	|2802	|2113	|2069	|2345	|3607	|4330	|3163	|2313	|3550	|3317	|2413	|0	|1421	|2753	|2404	|2729	|2314	|2713	|2753	|3044	|2676	|2823	|2867	|2724	|2603	|
________________________________________________________
33	|686	|721	|0	|640	|527	|310	|317	|615	|376	|546	|469	|750	|419	|474	|514	|543	|4057	|3093	|2730	|3614	|3040	|2189	|3204	|3124	|3058	|1931	|2508	|3106	|2614	|2025	|3020	|3037	|18537	|3466	|3989	|3533	|3402	|3477	|3786	|1899	|3155	|3003	|3099	|3134	|3138	|2131	|2616	|3128	|2370	|2404	|3021	|3033	|4160	|3075	|2503	|3610	|3159	|2171	|3152	|3185	|2763	|0	|3630	|2949	|3496	|3389	|4298	|2599	|3129	|3197	|3086	|3105	|
________________________________________________________
34	|560	|3634	|257	|560	|493	|507	|461	|505	|342	|507	|430	|653	|421	|493	|486	|481	|3745	|2863	|2010	|3634	|2829	|1973	|2738	|2768	|2749	|1750	|2272	|2815	|2463	|1840	|2842	|2729	|3466	|16932	|3773	|3249	|3068	|3170	|3454	|2932	|2940	|2743	|2810	|2835	|2856	|1980	|0	|2892	|2134	|1977	|2769	|2811	|3819	|2871	|2312	|3315	|2875	|2019	|2804	|2875	|0	|2244	|3255	|2623	|3208	|3225	|2747	|3609	|2938	|2864	|2797	|2826	|
________________________________________________________
35	|3276	|699	|417	|494	|617	|503	|427	|712	|433	|534	|0	|774	|564	|403	|511	|654	|4062	|3276	|2272	|3830	|3324	|2114	|3263	|3169	|3102	|2006	|2745	|3247	|3036	|2127	|3279	|3181	|3989	|3773	|19126	|3387	|3554	|3565	|3428	|2873	|3625	|2343	|3323	|3224	|3153	|2259	|0	|3260	|2519	|2254	|3128	|3170	|4377	|3169	|2883	|3549	|3397	|2459	|3170	|3155	|3683	|3241	|2941	|0	|3623	|3583	|3523	|3050	|4058	|2771	|3242	|3219	|
________________________________________________________
36	|586	|756	|375	|0	|571	|502	|365	|426	|327	|2762	|334	|715	|447	|528	|701	|499	|3759	|2789	|2453	|3455	|2960	|2309	|2732	|2892	|2814	|1789	|1967	|2762	|2560	|1893	|2783	|2854	|3533	|3249	|3387	|16966	|3366	|3341	|3020	|2567	|3296	|3213	|2928	|2976	|2858	|1919	|2393	|2841	|2199	|1985	|2791	|2720	|3888	|2780	|0	|3227	|3035	|2027	|2813	|2860	|3190	|2862	|0	|2162	|3336	|3140	|3031	|2733	|2417	|3827	|2775	|2883	|
________________________________________________________
37	|621	|663	|320	|532	|478	|458	|333	|452	|1881	|473	|449	|524	|476	|385	|490	|622	|3511	|2640	|2252	|3302	|2751	|2038	|2698	|2654	|2570	|1881	|1971	|2738	|2380	|1635	|2808	|2765	|3402	|3068	|3554	|3366	|16387	|2990	|2882	|2453	|2771	|2708	|3180	|1911	|2704	|1995	|1991	|2785	|2141	|1920	|2712	|2744	|3689	|2752	|0	|3159	|2898	|1949	|2843	|2863	|3165	|2805	|2976	|2716	|2453	|0	|3086	|2638	|2700	|2833	|3484	|2332	|
________________________________________________________
38	|560	|681	|339	|475	|486	|441	|349	|479	|335	|548	|491	|0	|481	|506	|455	|403	|3627	|2671	|2258	|3387	|2777	|1953	|2703	|2800	|2679	|1739	|2529	|2789	|2358	|2152	|2786	|2798	|3477	|3170	|3565	|3341	|2990	|16651	|3018	|2552	|2823	|2736	|3204	|3279	|2787	|1980	|2034	|2775	|2159	|1958	|2681	|2737	|3752	|2740	|2455	|2978	|2745	|1937	|2688	|2758	|3161	|2783	|3060	|2657	|0	|2459	|3079	|2665	|2784	|2755	|2330	|3587	|
________________________________________________________
39	|641	|719	|247	|495	|649	|505	|0	|604	|344	|507	|412	|632	|499	|561	|544	|628	|3969	|2923	|2438	|3561	|3041	|2695	|2937	|2905	|2863	|1878	|2108	|3038	|2570	|2203	|3000	|2918	|3786	|3454	|3428	|3020	|2882	|3018	|17773	|2838	|3496	|3212	|3359	|3331	|2984	|2034	|1926	|2973	|2354	|2427	|2829	|2801	|4032	|3046	|2165	|3431	|3070	|2355	|2986	|3063	|3800	|2130	|2963	|2549	|2964	|3000	|3087	|0	|3476	|3324	|3379	|3359	|
________________________________________________________
40	|409	|655	|355	|410	|448	|2729	|265	|527	|280	|407	|337	|492	|428	|426	|469	|491	|3268	|2503	|1608	|3005	|2625	|1880	|2729	|2409	|2539	|1578	|1832	|2498	|2207	|1911	|2530	|2443	|1899	|2932	|2873	|2567	|2453	|2552	|2838	|15049	|2895	|2753	|2857	|2864	|2509	|1670	|1725	|2535	|1996	|0	|2512	|2533	|3431	|2449	|1885	|2821	|2594	|2027	|2426	|2540	|1953	|3074	|2559	|2166	|2492	|2509	|0	|2032	|2971	|2863	|2835	|2879	|
________________________________________________________
41	|580	|632	|287	|629	|3028	|478	|456	|427	|344	|526	|325	|581	|547	|532	|0	|558	|3694	|2857	|1966	|3449	|3028	|2056	|2907	|2761	|2896	|1763	|2282	|2876	|2573	|2379	|2802	|2963	|3155	|2940	|3625	|3296	|2771	|2823	|3496	|2895	|17119	|3246	|3200	|3334	|2849	|1919	|1945	|2905	|2276	|0	|2877	|2773	|3879	|2871	|2092	|3214	|3053	|2527	|2808	|2822	|2795	|2559	|3697	|1917	|2831	|2840	|3645	|3025	|2498	|0	|3189	|3231	|
________________________________________________________
42	|421	|632	|333	|397	|593	|539	|457	|0	|278	|536	|508	|585	|396	|2760	|395	|597	|3517	|2736	|2035	|3299	|2770	|2393	|2746	|2705	|2730	|1802	|1728	|2773	|2385	|1814	|2760	|2740	|3003	|2743	|2343	|3213	|2708	|2736	|3212	|2753	|3246	|16465	|3134	|3260	|2712	|1887	|2039	|2762	|2164	|2310	|2710	|2681	|3794	|2750	|2016	|3132	|2779	|0	|2690	|2745	|2757	|2427	|2364	|3193	|2788	|2832	|3529	|3058	|0	|2344	|3157	|3209	|
________________________________________________________
43	|567	|571	|294	|457	|571	|509	|393	|524	|340	|480	|410	|734	|2555	|395	|614	|435	|3717	|2824	|2097	|3370	|2967	|2273	|2892	|2757	|2782	|1789	|1991	|2867	|2555	|1833	|2792	|2786	|3099	|2810	|3323	|2928	|3180	|3204	|3359	|2857	|3200	|3134	|16851	|3285	|2877	|1928	|1911	|2824	|2231	|2294	|2717	|2811	|3850	|2868	|2070	|3179	|2978	|0	|2804	|2771	|2857	|2507	|2715	|2333	|3671	|2352	|3537	|3077	|3126	|3256	|2426	|0	|
________________________________________________________
44	|556	|581	|275	|433	|591	|511	|404	|535	|217	|494	|450	|488	|535	|608	|606	|0	|3747	|2797	|2069	|3385	|2909	|2215	|2950	|2785	|2770	|1752	|2106	|2893	|2544	|2230	|2876	|2820	|3134	|2835	|3224	|2976	|1911	|3279	|3331	|2864	|3334	|3260	|3285	|16934	|2829	|1826	|1969	|2814	|2246	|2289	|2863	|2708	|3825	|2820	|2294	|3073	|2993	|2516	|2744	|2744	|2830	|2549	|2824	|2363	|2446	|3695	|3508	|3141	|3137	|3238	|0	|2432	|
________________________________________________________
45	|0	|753	|360	|554	|583	|509	|433	|550	|200	|451	|451	|652	|449	|463	|474	|525	|3216	|0	|2503	|3830	|3322	|2339	|3163	|3150	|3250	|1176	|1945	|2897	|2457	|1851	|2774	|2824	|3138	|2856	|3153	|2858	|2704	|2787	|2984	|2509	|2849	|2712	|2877	|2829	|16707	|2276	|2166	|3164	|2512	|2090	|3140	|3084	|4345	|3324	|2239	|3164	|2857	|1973	|2756	|2837	|2810	|2475	|2795	|2352	|2850	|2815	|3099	|2787	|2900	|2861	|2801	|2833	|
________________________________________________________
46	|277	|463	|1733	|313	|385	|353	|299	|380	|348	|290	|330	|383	|284	|315	|331	|359	|0	|1518	|0	|2599	|2250	|1524	|2183	|2086	|1457	|1738	|1361	|1939	|1690	|1284	|1909	|1964	|2131	|1980	|2259	|1919	|1995	|1980	|2034	|1670	|1919	|1887	|1928	|1826	|2276	|11433	|1261	|2183	|1773	|1456	|2142	|2153	|1997	|2291	|1289	|2192	|1959	|1379	|1932	|1936	|1841	|1733	|1899	|1618	|2020	|1910	|2078	|1865	|1906	|1894	|1910	|1885	|
________________________________________________________
47	|0	|0	|170	|318	|427	|361	|290	|341	|241	|397	|318	|435	|314	|343	|472	|327	|2960	|0	|1188	|0	|2315	|1543	|2034	|2118	|1807	|1185	|1481	|1883	|1818	|1252	|1842	|1829	|2616	|0	|0	|2393	|1991	|2034	|1926	|1725	|1945	|2039	|1911	|1969	|2166	|1261	|11207	|1872	|1841	|1472	|2092	|2014	|2521	|1831	|1599	|1972	|2160	|1363	|1882	|1901	|2261	|1633	|1895	|2013	|2158	|2074	|2074	|1801	|1610	|2137	|1801	|1810	|
________________________________________________________
48	|684	|502	|278	|2835	|0	|526	|433	|605	|329	|540	|399	|696	|330	|491	|613	|543	|4273	|3291	|0	|2914	|0	|2412	|3185	|3127	|2858	|1851	|1988	|3530	|1916	|1911	|2794	|2802	|3128	|2892	|3260	|2841	|2785	|2775	|2973	|2535	|2905	|2762	|2824	|2814	|3164	|2183	|1872	|16906	|2734	|2371	|3242	|3164	|3687	|2826	|2064	|3783	|3474	|2319	|2800	|2925	|2853	|2506	|2835	|2390	|2794	|2779	|3148	|2702	|2794	|2914	|2882	|2842	|
________________________________________________________
49	|527	|0	|304	|493	|329	|472	|2150	|379	|282	|262	|285	|325	|454	|358	|428	|370	|3188	|2541	|1887	|0	|1741	|0	|2552	|2447	|2201	|1391	|1779	|1724	|2530	|1451	|2233	|2113	|2370	|2134	|2519	|2199	|2141	|2159	|2354	|1996	|2276	|2164	|2231	|2246	|2512	|1773	|1841	|2734	|13174	|1479	|2525	|2446	|2979	|2191	|1577	|1811	|2699	|1420	|2234	|2235	|2192	|1983	|2242	|1741	|2130	|2143	|2458	|2150	|2172	|2233	|2169	|2167	|
________________________________________________________
50	|467	|521	|202	|401	|0	|0	|275	|360	|227	|330	|279	|452	|337	|401	|429	|396	|2855	|2237	|1671	|2791	|0	|1279	|0	|2399	|1928	|1284	|1411	|2006	|1716	|1444	|1938	|2069	|2404	|1977	|2254	|1985	|1920	|1958	|2427	|0	|0	|2310	|2294	|2289	|2090	|1456	|1472	|2371	|1479	|11618	|1982	|2354	|2623	|1979	|1364	|2267	|1989	|1590	|1757	|2192	|2172	|1497	|1894	|1655	|1935	|1916	|2624	|1996	|1987	|2421	|2191	|2193	|
________________________________________________________
51	|632	|672	|353	|538	|638	|367	|337	|2941	|318	|452	|368	|526	|372	|565	|497	|559	|4241	|3191	|2280	|3740	|3321	|0	|2218	|0	|2802	|1784	|2044	|2820	|2353	|1842	|3576	|2345	|3021	|2769	|3128	|2791	|2712	|2681	|2829	|2512	|2877	|2710	|2717	|2863	|3140	|2142	|2092	|3242	|2525	|1982	|16626	|3387	|3737	|2712	|2006	|3079	|2922	|2092	|3151	|3087	|2761	|2536	|2693	|2334	|2811	|2735	|3135	|2705	|2941	|2809	|2707	|2795	|
________________________________________________________
52	|595	|673	|312	|520	|589	|0	|413	|616	|331	|426	|371	|511	|507	|354	|507	|356	|4044	|3162	|2232	|3708	|3222	|2431	|0	|1406	|2776	|1765	|2035	|2773	|2464	|2092	|2399	|3607	|3033	|2811	|3170	|2720	|2744	|2737	|2801	|2533	|2773	|2681	|2811	|2708	|3084	|2153	|2014	|3164	|2446	|2354	|3387	|16568	|3714	|2774	|2061	|3082	|2863	|1971	|1996	|3161	|2794	|2423	|2731	|2334	|2743	|2782	|2970	|2734	|2760	|2805	|2737	|2698	|
________________________________________________________
53	|633	|842	|306	|623	|711	|635	|494	|654	|0	|786	|636	|820	|632	|738	|711	|770	|5517	|3159	|2948	|4506	|3925	|2738	|3800	|3685	|3128	|0	|3339	|4340	|3685	|2825	|4361	|4330	|4160	|3819	|4377	|3888	|3689	|3752	|4032	|3431	|3879	|3794	|3850	|3825	|4345	|1997	|2521	|3687	|2979	|2623	|3737	|3714	|22601	|4422	|3007	|4952	|4442	|3030	|4353	|4297	|3723	|3391	|3797	|3234	|3743	|3606	|4199	|3690	|3780	|3875	|3739	|3745	|
________________________________________________________
54	|684	|622	|349	|490	|528	|474	|367	|473	|225	|552	|2316	|594	|495	|516	|550	|560	|3317	|3431	|2097	|3360	|2878	|2096	|2692	|2771	|0	|1210	|0	|3176	|2775	|2091	|3243	|3163	|3075	|2871	|3169	|2780	|2752	|2740	|3046	|2449	|2871	|2750	|2868	|2820	|3324	|2291	|1831	|2826	|2191	|1979	|2712	|2774	|4422	|16729	|2102	|3637	|3278	|2278	|3128	|3216	|2743	|2503	|2786	|2316	|2811	|2659	|3100	|2756	|2743	|2859	|2754	|2730	|
________________________________________________________
55	|491	|507	|246	|432	|393	|318	|266	|345	|0	|0	|257	|461	|367	|419	|454	|393	|2817	|2051	|1616	|2471	|2176	|1531	|1964	|2066	|2451	|0	|1242	|0	|2191	|1540	|2362	|2313	|2503	|2312	|2883	|0	|0	|2455	|2165	|1885	|2092	|2016	|2070	|2294	|2239	|1289	|1599	|2064	|1577	|1364	|2006	|2061	|3007	|2102	|12220	|2307	|2628	|1795	|2240	|2306	|2226	|2030	|2522	|1683	|2078	|2429	|2243	|1956	|2035	|2093	|1871	|2151	|
________________________________________________________
56	|601	|821	|290	|631	|519	|569	|290	|558	|446	|440	|424	|3446	|0	|626	|668	|672	|4267	|3198	|2233	|4429	|2804	|2509	|3073	|3224	|3626	|2311	|0	|2618	|0	|2458	|3655	|3550	|3610	|3315	|3549	|3227	|3159	|2978	|3431	|2821	|3214	|3132	|3179	|3073	|3164	|2192	|1972	|3783	|1811	|2267	|3079	|3082	|4952	|3637	|2307	|18886	|3954	|2584	|3556	|3593	|3204	|2883	|3041	|2730	|3446	|2989	|3454	|3027	|3194	|3285	|3207	|3069	|
________________________________________________________
57	|581	|546	|332	|606	|628	|488	|465	|504	|397	|0	|461	|742	|302	|544	|2933	|550	|3775	|2937	|2111	|2972	|3555	|2084	|2870	|2797	|3336	|2083	|2472	|0	|1770	|0	|3347	|3317	|3159	|2875	|3397	|3035	|2898	|2745	|3070	|2594	|3053	|2779	|2978	|2993	|2857	|1959	|2160	|3474	|2699	|1989	|2922	|2863	|4442	|3278	|2628	|3954	|17247	|2147	|3277	|3405	|2872	|2558	|2880	|2422	|2855	|2737	|3166	|2845	|2894	|2933	|2876	|2729	|
________________________________________________________
58	|418	|460	|189	|514	|451	|354	|283	|442	|265	|422	|312	|473	|0	|0	|360	|365	|2644	|2015	|1452	|2591	|2100	|1639	|2037	|1973	|2307	|1431	|1688	|2472	|0	|1159	|0	|2413	|2171	|2019	|2459	|2027	|1949	|1937	|2355	|2027	|2527	|0	|0	|2516	|1973	|1379	|1363	|2319	|1420	|1590	|2092	|1971	|3030	|2278	|1795	|2584	|2147	|12034	|2193	|2476	|1924	|1736	|2180	|1567	|1933	|2033	|2459	|2172	|2343	|1996	|2021	|2439	|
________________________________________________________
59	|542	|592	|301	|519	|497	|545	|316	|550	|345	|524	|423	|661	|544	|331	|475	|2967	|3599	|2771	|1998	|3369	|2862	|2000	|3493	|2482	|3171	|2020	|2188	|3309	|2831	|0	|2150	|0	|3152	|2804	|3170	|2813	|2843	|2688	|2986	|2426	|2808	|2690	|2804	|2744	|2756	|1932	|1882	|2800	|2234	|1757	|3151	|1996	|4353	|3128	|2240	|3556	|3277	|2193	|16626	|3604	|2770	|2503	|2794	|2292	|2774	|2711	|3109	|2705	|2748	|2829	|2967	|2714	|
________________________________________________________
60	|512	|611	|275	|476	|494	|377	|389	|534	|366	|547	|440	|659	|512	|0	|604	|612	|3665	|2784	|2007	|3385	|2791	|2036	|2360	|3633	|3192	|2024	|2173	|3273	|2788	|2182	|0	|1421	|3185	|2875	|3155	|2860	|2863	|2758	|3063	|2540	|2822	|2745	|2771	|2744	|2837	|1936	|1901	|2925	|2235	|2192	|3087	|3161	|4297	|3216	|2306	|3593	|3405	|2476	|3604	|16805	|2844	|2513	|2749	|2361	|2776	|2790	|3068	|2684	|2809	|2866	|2727	|2764	|
________________________________________________________
61	|674	|0	|321	|603	|481	|350	|423	|568	|394	|503	|434	|671	|424	|481	|443	|524	|3621	|2758	|2414	|3175	|2783	|1944	|2770	|2778	|2808	|1858	|2241	|2787	|2406	|1870	|2772	|2753	|2763	|0	|3683	|3190	|3165	|3161	|3800	|1953	|2795	|2757	|2857	|2830	|2810	|1841	|2261	|2853	|2192	|2172	|2761	|2794	|3723	|2743	|2226	|3204	|2872	|1924	|2770	|2844	|16614	|2820	|3142	|2692	|3134	|3054	|3517	|3187	|2855	|2838	|2755	|2788	|
________________________________________________________
62	|557	|443	|1733	|419	|466	|584	|362	|406	|333	|486	|381	|594	|389	|412	|416	|446	|3262	|2497	|0	|2862	|2600	|1823	|2563	|2462	|2505	|1585	|1962	|2548	|2153	|1620	|2537	|2404	|0	|2244	|3241	|2862	|2805	|2783	|2130	|3074	|2559	|2427	|2507	|2549	|2475	|1733	|1633	|2506	|1983	|1497	|2536	|2423	|3391	|2503	|2030	|2883	|2558	|1736	|2503	|2513	|2820	|14897	|2853	|2362	|2755	|2859	|1923	|2781	|2621	|2502	|2534	|2520	|
________________________________________________________
63	|503	|742	|304	|2835	|666	|462	|362	|548	|384	|0	|455	|658	|444	|400	|515	|531	|3609	|2758	|0	|3306	|2905	|2006	|2834	|2799	|2774	|1766	|2503	|2854	|2562	|1912	|2851	|2729	|3630	|3255	|2941	|0	|2976	|3060	|2963	|2559	|3697	|2364	|2715	|2824	|2795	|1899	|1895	|2835	|2242	|1894	|2693	|2731	|3797	|2786	|2522	|3041	|2880	|2180	|2794	|2749	|3142	|2853	|16666	|2653	|3112	|3133	|3094	|2678	|3246	|3205	|2750	|2834	|
________________________________________________________
64	|0	|608	|315	|462	|378	|436	|285	|261	|323	|328	|2316	|490	|326	|499	|469	|381	|3048	|2354	|2093	|2874	|2498	|1935	|2369	|2359	|2382	|1518	|0	|2384	|1960	|1598	|2283	|2314	|2949	|2623	|0	|2162	|2716	|2657	|2549	|2166	|1917	|3193	|2333	|2363	|2352	|1618	|2013	|2390	|1741	|1655	|2334	|2334	|3234	|2316	|1683	|2730	|2422	|1567	|2292	|2361	|2692	|2362	|2653	|14127	|2693	|2653	|2493	|2296	|1479	|2742	|2405	|2324	|
________________________________________________________
65	|625	|702	|346	|549	|475	|432	|360	|510	|264	|617	|366	|3446	|567	|435	|491	|547	|3598	|2739	|2268	|3416	|2836	|2010	|2809	|2757	|2772	|1737	|0	|2802	|2464	|1809	|2741	|2713	|3496	|3208	|3623	|3336	|2453	|0	|2964	|2492	|2831	|2788	|3671	|2446	|2850	|2020	|2158	|2794	|2130	|1935	|2811	|2743	|3743	|2811	|2078	|3446	|2855	|1933	|2774	|2776	|3134	|2755	|3112	|2693	|16684	|3061	|3072	|2709	|2776	|2879	|3206	|3230	|
________________________________________________________
66	|613	|682	|352	|568	|490	|447	|348	|458	|0	|547	|457	|605	|332	|549	|478	|291	|3671	|2835	|2188	|3364	|2801	|1929	|2782	|2759	|2773	|1785	|2432	|2820	|2418	|2122	|2705	|2753	|3389	|3225	|3583	|3140	|0	|2459	|3000	|2509	|2840	|2832	|2352	|3695	|2815	|1910	|2074	|2779	|2143	|1916	|2735	|2782	|3606	|2659	|2429	|2989	|2737	|2033	|2711	|2790	|3054	|2859	|3133	|2653	|3061	|16612	|3011	|2680	|2766	|2859	|1877	|3197	|
________________________________________________________
67	|687	|592	|216	|536	|681	|0	|454	|643	|350	|530	|415	|660	|536	|604	|566	|622	|4054	|3135	|2467	|3727	|3151	|2733	|2970	|2948	|3130	|1974	|2238	|3098	|2720	|2274	|3120	|3044	|4298	|2747	|3523	|3031	|3086	|3079	|3087	|0	|3645	|3529	|3537	|3508	|3099	|2078	|2074	|3148	|2458	|2624	|3135	|2970	|4199	|3100	|2243	|3454	|3166	|2459	|3109	|3068	|3517	|1923	|3094	|2493	|3072	|3011	|18408	|3402	|3486	|3455	|3464	|3419	|
________________________________________________________
68	|495	|738	|318	|458	|580	|386	|2150	|499	|292	|425	|392	|546	|491	|517	|560	|554	|3487	|2691	|1918	|3123	|2764	|0	|2686	|2628	|2729	|1707	|1888	|2704	|2386	|1962	|2657	|2676	|2599	|3609	|3050	|2733	|2638	|2665	|0	|2032	|3025	|3058	|3077	|3141	|2787	|1865	|1801	|2702	|2150	|1996	|2705	|2734	|3690	|2756	|1956	|3027	|2845	|2172	|2705	|2684	|3187	|2781	|2678	|2296	|2709	|2680	|3402	|16140	|3042	|3091	|3007	|3061	|
________________________________________________________
69	|672	|595	|261	|542	|482	|557	|336	|2941	|367	|393	|240	|613	|530	|0	|573	|573	|3779	|2768	|2057	|3426	|2941	|0	|2788	|2794	|2790	|1752	|2290	|2930	|2461	|2325	|2787	|2823	|3129	|2938	|4058	|2417	|2700	|2784	|3476	|2971	|2498	|0	|3126	|3137	|2900	|1906	|1610	|2794	|2172	|1987	|2941	|2760	|3780	|2743	|2035	|3194	|2894	|2343	|2748	|2809	|2855	|2621	|3246	|1479	|2776	|2766	|3486	|3042	|16829	|3243	|3131	|3165	|
________________________________________________________
70	|485	|620	|322	|562	|0	|578	|455	|576	|323	|595	|422	|590	|519	|381	|2933	|538	|3650	|2781	|2098	|3480	|2838	|2470	|2847	|2763	|2770	|1774	|2023	|2801	|2461	|0	|2843	|2867	|3197	|2864	|2771	|3827	|2833	|2755	|3324	|2863	|0	|2344	|3256	|3238	|2861	|1894	|2137	|2914	|2233	|2421	|2809	|2805	|3875	|2859	|2093	|3285	|2933	|1996	|2829	|2866	|2838	|2502	|3205	|2742	|2879	|2859	|3455	|3091	|3243	|16937	|3215	|3261	|
________________________________________________________
71	|532	|618	|311	|484	|567	|552	|371	|530	|419	|477	|359	|689	|364	|559	|489	|2967	|3609	|2750	|2009	|3344	|2838	|2333	|2825	|2703	|2780	|1793	|2064	|2803	|2349	|0	|2750	|2724	|3086	|2797	|3242	|2775	|3484	|2330	|3379	|2835	|3189	|3157	|2426	|0	|2801	|1910	|1801	|2882	|2169	|2191	|2707	|2737	|3739	|2754	|1871	|3207	|2876	|2021	|2967	|2727	|2755	|2534	|2750	|2405	|3206	|1877	|3464	|3007	|3131	|3215	|16572	|3173	|
________________________________________________________
72	|532	|639	|283	|483	|577	|543	|407	|539	|303	|474	|443	|658	|0	|587	|548	|564	|3570	|2760	|2000	|3421	|2875	|2209	|2848	|2698	|2738	|1747	|1981	|2877	|2522	|2277	|2755	|2603	|3105	|2826	|3219	|2883	|2332	|3587	|3359	|2879	|3231	|3209	|0	|2432	|2833	|1885	|1810	|2842	|2167	|2193	|2795	|2698	|3745	|2730	|2151	|3069	|2729	|2439	|2714	|2764	|2788	|2520	|2834	|2324	|3230	|3197	|3419	|3061	|3165	|3261	|3173	|16602	|
________________________________________________________
