0	|1	|2	|3	|4	|5	|6	|7	|8	|9	|10	|11	|12	|13	|14	|15	|16	|17	|18	|19	|20	|21	|22	|23	|24	|25	|26	|27	|28	|29	|30	|31	|32	|33	|34	|35	|36	|37	|38	|39	|40	|41	|42	|43	|44	|45	|46	|47	|48	|49	|50	|51	|52	|53	|54	|55	|56	|57	|58	|59	|60	|61	|62	|63	|64	|65	|66	|67	|68	|69	|70	|71	|72	|
1	|3308	|95	|72	|98	|128	|94	|93	|153	|114	|91	|0	|117	|100	|69	|93	|133	|834	|3308	|409	|656	|666	|464	|636	|617	|679	|508	|449	|558	|495	|367	|551	|542	|695	|556	|3308	|586	|657	|590	|607	|470	|621	|381	|572	|553	|0	|316	|0	|669	|547	|457	|595	|615	|620	|706	|474	|581	|587	|461	|545	|522	|660	|613	|469	|0	|598	|570	|642	|554	|743	|507	|592	|561	|
________________________________________________________
2	|95	|3542	|76	|100	|114	|139	|0	|134	|60	|146	|102	|144	|76	|110	|96	|109	|861	|607	|425	|3542	|723	|523	|686	|693	|630	|315	|448	|661	|413	|379	|612	|612	|691	|3542	|679	|776	|665	|677	|736	|599	|597	|600	|554	|554	|678	|480	|0	|519	|0	|457	|653	|632	|871	|584	|455	|779	|537	|421	|576	|585	|0	|452	|694	|662	|672	|633	|600	|705	|617	|609	|613	|594	|
________________________________________________________
3	|72	|76	|1716	|35	|60	|84	|55	|43	|49	|65	|70	|61	|46	|62	|73	|54	|0	|255	|0	|439	|353	|251	|341	|360	|220	|250	|225	|292	|274	|184	|303	|289	|0	|278	|409	|354	|332	|310	|253	|350	|293	|328	|269	|302	|351	|1716	|164	|282	|267	|202	|339	|308	|290	|358	|237	|302	|316	|216	|301	|293	|314	|1716	|300	|321	|310	|327	|220	|298	|288	|330	|307	|283	|
________________________________________________________
4	|98	|100	|35	|2800	|0	|97	|80	|120	|65	|0	|88	|108	|51	|56	|109	|121	|785	|562	|0	|470	|0	|384	|551	|571	|453	|305	|400	|577	|367	|322	|485	|463	|622	|574	|477	|0	|517	|492	|463	|416	|595	|383	|444	|476	|569	|324	|305	|2800	|449	|377	|536	|532	|625	|473	|399	|564	|595	|478	|474	|479	|542	|424	|2800	|501	|472	|554	|528	|469	|545	|560	|427	|460	|
________________________________________________________
5	|128	|114	|60	|0	|2989	|64	|66	|106	|80	|124	|77	|80	|106	|76	|0	|97	|739	|544	|430	|722	|2989	|344	|515	|595	|502	|294	|510	|588	|496	|400	|528	|474	|492	|498	|646	|577	|468	|478	|658	|451	|2989	|559	|577	|585	|577	|379	|412	|0	|324	|0	|651	|608	|668	|538	|394	|492	|627	|429	|511	|546	|496	|459	|677	|359	|462	|503	|666	|542	|443	|0	|567	|567	|
________________________________________________________
6	|94	|139	|84	|97	|64	|2743	|67	|70	|48	|103	|75	|97	|73	|89	|126	|139	|651	|536	|345	|611	|473	|328	|2743	|558	|457	|291	|294	|484	|369	|341	|526	|319	|323	|570	|465	|534	|436	|440	|519	|2743	|428	|529	|525	|525	|513	|411	|365	|599	|449	|0	|367	|0	|641	|467	|357	|565	|511	|351	|588	|390	|363	|582	|413	|456	|433	|464	|0	|391	|564	|590	|532	|520	|
________________________________________________________
7	|93	|0	|55	|80	|66	|67	|2112	|49	|46	|57	|44	|57	|84	|75	|81	|71	|519	|405	|329	|0	|286	|0	|437	|464	|312	|232	|290	|290	|395	|256	|348	|414	|321	|470	|462	|410	|371	|331	|0	|280	|419	|438	|409	|386	|402	|307	|318	|429	|2112	|227	|340	|425	|462	|402	|252	|285	|425	|307	|338	|363	|402	|354	|343	|297	|368	|355	|436	|2112	|347	|434	|403	|397	|
________________________________________________________
8	|153	|134	|43	|120	|106	|70	|49	|3015	|65	|60	|39	|85	|86	|0	|112	|122	|791	|592	|437	|754	|658	|0	|395	|0	|509	|321	|399	|485	|472	|385	|659	|436	|631	|479	|725	|417	|499	|496	|690	|505	|443	|0	|522	|549	|595	|397	|354	|613	|393	|341	|3015	|628	|714	|499	|374	|534	|541	|422	|562	|589	|571	|408	|589	|294	|484	|494	|654	|471	|3015	|580	|541	|555	|
________________________________________________________
9	|114	|60	|49	|65	|80	|48	|46	|65	|1891	|39	|29	|77	|68	|46	|63	|81	|338	|434	|237	|359	|360	|257	|313	|321	|431	|1891	|238	|339	|352	|237	|386	|360	|374	|355	|410	|292	|1891	|351	|320	|272	|366	|288	|361	|200	|186	|272	|248	|315	|292	|229	|290	|300	|0	|202	|0	|431	|356	|260	|378	|375	|350	|354	|419	|306	|274	|0	|371	|291	|361	|299	|401	|278	|
________________________________________________________
10	|91	|146	|65	|0	|124	|103	|57	|60	|39	|2906	|91	|110	|89	|96	|0	|108	|631	|448	|453	|685	|611	|522	|466	|493	|573	|286	|310	|2906	|549	|424	|552	|576	|576	|549	|607	|2906	|485	|578	|519	|407	|565	|518	|488	|512	|478	|341	|421	|589	|269	|333	|448	|462	|798	|602	|0	|455	|0	|402	|525	|591	|513	|465	|0	|358	|589	|602	|545	|437	|459	|643	|477	|494	|
________________________________________________________
11	|0	|102	|70	|88	|77	|75	|44	|39	|29	|91	|2355	|70	|72	|82	|97	|62	|413	|472	|341	|469	|413	|315	|395	|404	|0	|156	|0	|488	|383	|345	|446	|438	|486	|448	|0	|378	|466	|496	|412	|344	|353	|518	|383	|437	|423	|341	|330	|431	|310	|258	|408	|408	|615	|2355	|249	|487	|445	|304	|444	|446	|429	|419	|424	|2355	|378	|493	|439	|381	|257	|454	|342	|449	|
________________________________________________________
12	|117	|144	|61	|108	|80	|97	|57	|85	|77	|110	|70	|3422	|0	|92	|136	|141	|797	|552	|459	|830	|491	|450	|558	|540	|679	|445	|0	|463	|0	|437	|644	|669	|752	|656	|750	|756	|557	|0	|603	|533	|561	|554	|715	|469	|566	|392	|416	|657	|327	|376	|579	|558	|841	|570	|418	|3422	|732	|463	|637	|668	|646	|566	|631	|522	|3422	|640	|680	|517	|570	|589	|691	|671	|
________________________________________________________
13	|100	|76	|46	|51	|106	|73	|84	|86	|68	|89	|72	|0	|2464	|59	|65	|83	|558	|412	|310	|362	|514	|322	|381	|448	|493	|290	|351	|497	|2464	|265	|413	|495	|433	|386	|497	|446	|470	|450	|474	|431	|530	|405	|2464	|474	|384	|279	|320	|302	|429	|298	|367	|485	|633	|460	|371	|0	|275	|0	|477	|539	|391	|370	|442	|346	|552	|331	|534	|436	|544	|488	|343	|0	|
________________________________________________________
14	|69	|110	|62	|56	|76	|89	|75	|0	|46	|96	|82	|92	|59	|2747	|73	|86	|593	|469	|330	|579	|484	|401	|486	|462	|485	|345	|315	|559	|412	|296	|2747	|596	|486	|443	|364	|521	|373	|535	|518	|481	|497	|2747	|460	|530	|433	|316	|347	|462	|357	|377	|613	|393	|647	|490	|403	|596	|526	|0	|319	|0	|475	|413	|402	|527	|409	|554	|534	|499	|0	|393	|559	|559	|
________________________________________________________
15	|93	|96	|73	|109	|0	|126	|81	|112	|63	|0	|97	|136	|65	|73	|2990	|83	|659	|481	|369	|492	|640	|439	|539	|459	|565	|372	|444	|0	|302	|0	|600	|619	|546	|461	|494	|725	|489	|479	|588	|525	|0	|386	|611	|626	|494	|323	|527	|577	|462	|422	|521	|485	|735	|536	|414	|659	|2990	|398	|513	|617	|481	|420	|567	|466	|469	|476	|624	|531	|599	|2990	|506	|606	|
________________________________________________________
16	|133	|109	|54	|121	|97	|139	|71	|122	|81	|108	|62	|141	|83	|86	|83	|3021	|666	|516	|366	|669	|532	|410	|653	|448	|555	|369	|412	|614	|536	|0	|394	|0	|529	|471	|646	|496	|632	|394	|618	|546	|633	|625	|423	|0	|485	|350	|337	|560	|378	|377	|565	|339	|793	|565	|409	|655	|550	|354	|3021	|637	|492	|499	|555	|376	|563	|331	|612	|541	|638	|525	|3021	|598	|
________________________________________________________
17	|834	|861	|0	|785	|739	|651	|519	|791	|338	|631	|413	|797	|558	|593	|659	|666	|22117	|4062	|3068	|5105	|4317	|3116	|4186	|4131	|4092	|1820	|2687	|3717	|3252	|2504	|3636	|3732	|3979	|3617	|4239	|3902	|3600	|3673	|3854	|3259	|3750	|3679	|3763	|3688	|3298	|0	|3042	|4216	|3242	|2828	|4186	|4164	|5538	|3279	|2862	|4170	|3731	|2640	|3644	|3726	|3749	|3411	|3706	|3079	|3597	|3694	|4107	|3515	|3881	|3684	|3686	|3690	|
________________________________________________________
18	|3308	|607	|255	|562	|544	|536	|405	|592	|434	|448	|472	|552	|412	|469	|481	|516	|4062	|16702	|2045	|3846	|3206	|2393	|3223	|3093	|3354	|2420	|1894	|2887	|2464	|1852	|2780	|2744	|3047	|2771	|3308	|2757	|2841	|2709	|2850	|2538	|2819	|2757	|2762	|2774	|0	|1517	|0	|3226	|2529	|2107	|3174	|3212	|3170	|3401	|1972	|3194	|2763	|2019	|2822	|2797	|2783	|2591	|2720	|2359	|2730	|2732	|3118	|2631	|2937	|2813	|2843	|2780	|
________________________________________________________
19	|409	|425	|0	|0	|430	|345	|329	|437	|237	|453	|341	|459	|310	|330	|369	|366	|3068	|2045	|12264	|2485	|2608	|1827	|2289	|2245	|2141	|1058	|1783	|2031	|1815	|1350	|2077	|2013	|2751	|2025	|2343	|2581	|2264	|2314	|2396	|1603	|1992	|2029	|2150	|2024	|2431	|0	|1233	|0	|1978	|1596	|2247	|2301	|3016	|2034	|1669	|2302	|2124	|1409	|1986	|2071	|2583	|0	|0	|2080	|2182	|2259	|2532	|1983	|2126	|2073	|2098	|1964	|
________________________________________________________
20	|656	|3542	|439	|470	|722	|611	|0	|754	|359	|685	|469	|830	|362	|579	|492	|669	|5105	|3846	|2485	|20106	|4008	|2809	|3789	|3759	|3368	|2095	|2180	|3888	|2350	|2259	|3477	|3349	|3577	|3542	|3786	|3480	|3437	|3338	|3550	|2960	|3477	|3258	|3317	|3312	|3850	|2718	|0	|2813	|0	|2739	|3790	|3711	|4567	|3401	|2408	|4403	|2975	|2507	|3283	|3364	|3250	|2938	|3388	|2923	|3393	|3303	|3792	|3163	|3517	|3451	|3396	|3408	|
________________________________________________________
21	|666	|723	|353	|0	|2989	|473	|286	|658	|360	|611	|413	|491	|514	|484	|640	|532	|4317	|3206	|2608	|4008	|17322	|2092	|3347	|3299	|2938	|1891	|2191	|3486	|3011	|1981	|3015	|2885	|3079	|2866	|3280	|3028	|2792	|2867	|3109	|2583	|2989	|2860	|2881	|2973	|3257	|2261	|2398	|0	|1795	|0	|3305	|3259	|3958	|2953	|2107	|2855	|3580	|2089	|2945	|2947	|2871	|2602	|2895	|2437	|2775	|2828	|3213	|2690	|3092	|2847	|2886	|2957	|
________________________________________________________
22	|464	|523	|251	|384	|344	|328	|0	|0	|257	|522	|315	|450	|322	|401	|439	|410	|3116	|2393	|1827	|2809	|2092	|12289	|2138	|2448	|2041	|1327	|1497	|2283	|1608	|1662	|2081	|2001	|2178	|1981	|2068	|2374	|2089	|2046	|2660	|1865	|2039	|2476	|2225	|2271	|2282	|1581	|1661	|2457	|0	|1230	|0	|2493	|2765	|2006	|1480	|2500	|2078	|1622	|1999	|2060	|2005	|1837	|1981	|1926	|2031	|2039	|2706	|0	|0	|2519	|2328	|2271	|
________________________________________________________
23	|636	|686	|341	|551	|515	|2743	|437	|395	|313	|466	|395	|558	|381	|486	|539	|653	|4186	|3223	|2289	|3789	|3347	|2138	|16764	|3320	|2783	|1847	|1990	|2775	|2499	|1672	|3316	|2058	|3103	|2753	|3301	|2874	|2764	|2758	|2918	|2743	|2862	|2692	|2892	|2810	|3165	|2248	|2105	|3160	|2533	|0	|2285	|0	|3779	|2851	|2085	|3229	|2922	|1966	|3489	|2472	|2843	|2553	|2796	|2379	|2669	|2814	|3021	|2718	|2891	|2804	|2945	|2842	|
________________________________________________________
24	|617	|693	|360	|571	|595	|558	|464	|0	|321	|493	|404	|540	|448	|462	|459	|448	|4131	|3093	|2245	|3759	|3299	|2448	|3320	|16604	|2736	|1755	|2011	|2806	|2436	|2168	|3124	|3133	|2991	|2715	|3158	|2827	|2859	|2789	|2796	|2507	|2796	|2609	|2754	|2751	|3163	|2145	|2020	|3076	|2471	|2296	|0	|1317	|3733	|2769	|2030	|3120	|2711	|1996	|2416	|3567	|2728	|2608	|2800	|2406	|2613	|2738	|3018	|2675	|2838	|2776	|2778	|2789	|
________________________________________________________
25	|679	|630	|220	|453	|502	|457	|312	|509	|431	|573	|0	|679	|493	|485	|565	|555	|4092	|3354	|2141	|3368	|2938	|2041	|2783	|2736	|16603	|2364	|2352	|3200	|2780	|2128	|3182	|3176	|3028	|2722	|3154	|2877	|2665	|2713	|2950	|2480	|2868	|2630	|2729	|2713	|3343	|1505	|1821	|2684	|2166	|1929	|2772	|2687	|3157	|0	|2360	|3591	|3120	|2248	|3080	|3201	|2653	|2511	|2762	|2412	|2607	|2727	|3162	|2615	|2923	|2845	|2763	|2753	|
________________________________________________________
26	|508	|315	|250	|305	|294	|291	|232	|321	|1891	|286	|156	|445	|290	|345	|372	|369	|1820	|2420	|1058	|2095	|1891	|1327	|1847	|1755	|2364	|10659	|1260	|2010	|1708	|1376	|2110	|2068	|1903	|1773	|2043	|1771	|1891	|1768	|1865	|1599	|1795	|1763	|1764	|1756	|1109	|1713	|1197	|1789	|1439	|1210	|1757	|1742	|0	|1148	|0	|2400	|2108	|1476	|2038	|2034	|1752	|1589	|1804	|1513	|1734	|1745	|1987	|1664	|1798	|1770	|1743	|1756	|
________________________________________________________
27	|449	|448	|225	|400	|510	|294	|290	|399	|238	|310	|0	|0	|351	|315	|444	|412	|2687	|1894	|1783	|2180	|2191	|1497	|1990	|2011	|2352	|1260	|11745	|1971	|2103	|1609	|2106	|2084	|2403	|2184	|2607	|2010	|1963	|2372	|2080	|1691	|2205	|1649	|1957	|2048	|1921	|1329	|1516	|1928	|1788	|1324	|1925	|1925	|3306	|0	|1259	|0	|2386	|1639	|2129	|2189	|2299	|1942	|2388	|0	|0	|2469	|2265	|1890	|2342	|2076	|1911	|1985	|
________________________________________________________
28	|558	|661	|292	|577	|588	|484	|290	|485	|339	|2906	|488	|463	|497	|559	|0	|614	|3717	|2887	|2031	|3888	|3486	|2283	|2775	|2806	|3200	|2010	|1971	|16810	|3075	|2308	|3194	|3172	|3007	|2754	|3186	|2906	|2817	|2734	|3001	|2439	|2836	|2715	|2784	|2873	|2756	|1945	|1894	|3426	|1777	|1876	|2750	|2848	|4237	|3155	|0	|2586	|0	|2369	|3189	|3260	|2839	|2521	|2729	|2385	|2712	|2780	|3082	|2688	|2969	|2880	|2725	|2894	|
________________________________________________________
29	|495	|413	|274	|367	|496	|369	|395	|472	|352	|549	|383	|0	|2464	|412	|302	|536	|3252	|2464	|1815	|2350	|3011	|1608	|2499	|2436	|2780	|1708	|2103	|3075	|14752	|1700	|2952	|2858	|2633	|2365	|2934	|2560	|2335	|2333	|2546	|2195	|2463	|2411	|2464	|2549	|2458	|1587	|1814	|1928	|2623	|1661	|2429	|2529	|3724	|2807	|2196	|0	|1672	|0	|2761	|2742	|2421	|2238	|2631	|1993	|2329	|2436	|2759	|2279	|2630	|2472	|2368	|2533	|
________________________________________________________
30	|367	|379	|184	|322	|400	|341	|256	|385	|237	|424	|345	|437	|265	|296	|0	|0	|2504	|1852	|1350	|2259	|1981	|1662	|1672	|2168	|2128	|1376	|1609	|2308	|1700	|11240	|2003	|2309	|1960	|1817	|2133	|1955	|1623	|2048	|2184	|1947	|2317	|1826	|1836	|2247	|1916	|1263	|1314	|1910	|1520	|1448	|1858	|2056	|2898	|2163	|1605	|2529	|0	|1194	|0	|2318	|1920	|1688	|1874	|1668	|1838	|2120	|2352	|1995	|2336	|0	|0	|2261	|
________________________________________________________
31	|551	|612	|303	|485	|528	|526	|348	|659	|386	|552	|446	|644	|413	|2747	|600	|394	|3636	|2780	|2077	|3477	|3015	|2081	|3316	|3124	|3182	|2110	|2106	|3194	|2952	|2003	|16952	|3621	|3157	|2811	|3217	|2888	|2841	|2744	|2972	|2556	|2894	|2747	|2774	|2803	|2787	|1945	|1876	|2826	|2248	|1930	|3651	|2407	|4292	|3229	|2357	|3594	|3273	|0	|2040	|0	|2860	|2589	|2884	|2436	|2726	|2887	|3109	|2675	|2934	|2841	|2767	|2764	|
________________________________________________________
32	|542	|612	|289	|463	|474	|319	|414	|436	|360	|576	|438	|669	|495	|596	|619	|0	|3732	|2744	|2013	|3349	|2885	|2001	|2058	|3133	|3176	|2068	|2084	|3172	|2858	|2309	|3621	|16717	|3125	|2786	|3164	|2962	|2756	|2787	|2877	|2528	|2788	|2675	|2734	|2737	|2823	|1929	|1876	|2788	|2222	|2042	|2389	|3619	|4406	|3143	|2287	|3543	|3171	|2414	|0	|1436	|2795	|2514	|2775	|2416	|2748	|2823	|3048	|2680	|2938	|2876	|2759	|2797	|
________________________________________________________
33	|695	|691	|0	|622	|492	|323	|321	|631	|374	|576	|486	|752	|433	|486	|546	|529	|3979	|3047	|2751	|3577	|3079	|2178	|3103	|2991	|3028	|1903	|2403	|3007	|2633	|1960	|3157	|3125	|18193	|3352	|3888	|3553	|3421	|3439	|3804	|1889	|2963	|2999	|3054	|3056	|3065	|2112	|2445	|2953	|2341	|2341	|2995	|3059	|4150	|3022	|2432	|3493	|3038	|2148	|2978	|3039	|2743	|0	|3448	|2953	|3472	|3459	|4230	|2524	|3160	|3158	|2995	|3032	|
________________________________________________________
34	|556	|3542	|278	|574	|498	|570	|470	|479	|355	|549	|448	|656	|386	|443	|461	|471	|3617	|2771	|2025	|3542	|2866	|1981	|2753	|2715	|2722	|1773	|2184	|2754	|2365	|1817	|2811	|2786	|3352	|16588	|3651	|3237	|3047	|3147	|3318	|2844	|2828	|2665	|2651	|2738	|2765	|1895	|0	|2786	|2144	|1802	|2706	|2724	|3731	|2776	|2242	|3211	|2813	|1998	|2731	|2801	|0	|2245	|3214	|2703	|3149	|3102	|2730	|3424	|2851	|2758	|2773	|2856	|
________________________________________________________
35	|3308	|679	|409	|477	|646	|465	|462	|725	|410	|607	|0	|750	|497	|364	|494	|646	|4239	|3308	|2343	|3786	|3280	|2068	|3301	|3158	|3154	|2043	|2607	|3186	|2934	|2133	|3217	|3164	|3888	|3651	|19144	|3589	|3548	|3545	|3321	|2832	|3715	|2225	|3126	|3160	|3228	|2182	|0	|3154	|2637	|2193	|3214	|3158	|4341	|3267	|2901	|3489	|3339	|2581	|3213	|3182	|3676	|3301	|2888	|0	|3543	|3619	|3591	|3116	|4118	|2788	|3205	|3270	|
________________________________________________________
36	|586	|776	|354	|0	|577	|534	|410	|417	|292	|2906	|378	|756	|446	|521	|725	|496	|3902	|2757	|2581	|3480	|3028	|2374	|2874	|2827	|2877	|1771	|2010	|2906	|2560	|1955	|2888	|2962	|3553	|3237	|3589	|17282	|3364	|3296	|3073	|2580	|3261	|3268	|2859	|2876	|2892	|1918	|2408	|2931	|2288	|1983	|2836	|2832	|3937	|2921	|0	|3333	|2965	|2102	|2871	|2885	|3202	|2877	|0	|2185	|3291	|3335	|3303	|2711	|2536	|3910	|2882	|2928	|
________________________________________________________
37	|657	|665	|332	|517	|468	|436	|371	|499	|1891	|485	|466	|557	|470	|373	|489	|632	|3600	|2841	|2264	|3437	|2792	|2089	|2764	|2859	|2665	|1891	|1963	|2817	|2335	|1623	|2841	|2756	|3421	|3047	|3548	|3364	|16579	|2984	|2907	|2551	|2835	|2689	|3214	|1908	|2738	|1964	|2069	|2728	|2153	|1882	|2710	|2747	|3669	|2728	|0	|3152	|2801	|2027	|2915	|2854	|3162	|2867	|3067	|2728	|2493	|0	|3123	|2585	|2826	|2750	|3517	|2333	|
________________________________________________________
38	|590	|677	|310	|492	|478	|440	|331	|496	|351	|578	|496	|0	|450	|535	|479	|394	|3673	|2709	|2314	|3338	|2867	|2046	|2758	|2789	|2713	|1768	|2372	|2734	|2333	|2048	|2744	|2787	|3439	|3147	|3545	|3296	|2984	|16655	|2906	|2518	|2736	|2717	|3141	|3191	|2795	|1869	|2076	|2747	|2128	|1856	|2718	|2719	|3709	|2713	|2461	|3060	|2810	|2022	|2730	|2714	|3099	|2802	|3090	|2770	|0	|2521	|3099	|2602	|2830	|2768	|2298	|3691	|
________________________________________________________
39	|607	|736	|253	|463	|658	|519	|0	|690	|320	|519	|412	|603	|474	|518	|588	|618	|3854	|2850	|2396	|3550	|3109	|2660	|2918	|2796	|2950	|1865	|2080	|3001	|2546	|2184	|2972	|2877	|3804	|3318	|3321	|3073	|2907	|2906	|17589	|2869	|3331	|3356	|3381	|3316	|2933	|1994	|1993	|2932	|2315	|2399	|2930	|2851	|4010	|2987	|2081	|3333	|2951	|2412	|3001	|2931	|3878	|2155	|2901	|2532	|2898	|2935	|3149	|0	|3514	|3421	|3338	|3387	|
________________________________________________________
40	|470	|599	|350	|416	|451	|2743	|280	|505	|272	|407	|344	|533	|431	|481	|525	|546	|3259	|2538	|1603	|2960	|2583	|1865	|2743	|2507	|2480	|1599	|1691	|2439	|2195	|1947	|2556	|2528	|1889	|2844	|2832	|2580	|2551	|2518	|2869	|15059	|2879	|2824	|2800	|2848	|2526	|1775	|1706	|2514	|2091	|0	|2498	|2423	|3434	|2541	|1805	|2886	|2641	|2046	|2564	|2394	|2012	|3128	|2429	|2187	|2472	|2458	|0	|1960	|2964	|2915	|2889	|2891	|
________________________________________________________
41	|621	|597	|293	|595	|2989	|428	|419	|443	|366	|565	|353	|561	|530	|497	|0	|633	|3750	|2819	|1992	|3477	|2989	|2039	|2862	|2796	|2868	|1795	|2205	|2836	|2463	|2317	|2894	|2788	|2963	|2828	|3715	|3261	|2835	|2736	|3331	|2879	|17024	|3137	|3250	|3208	|2825	|1946	|1963	|2804	|2247	|0	|2828	|2858	|3784	|2898	|2125	|3181	|2965	|2487	|2828	|2922	|2881	|2591	|3740	|2031	|2770	|2807	|3564	|3059	|2583	|0	|3255	|3215	|
________________________________________________________
42	|381	|600	|328	|383	|559	|529	|438	|0	|288	|518	|518	|554	|405	|2747	|386	|625	|3679	|2757	|2029	|3258	|2860	|2476	|2692	|2609	|2630	|1763	|1649	|2715	|2411	|1826	|2747	|2675	|2999	|2665	|2225	|3268	|2689	|2717	|3356	|2824	|3137	|16338	|3171	|3162	|2645	|1875	|2099	|2784	|2165	|2200	|2752	|2723	|3736	|2691	|1990	|3066	|2827	|0	|2709	|2653	|2687	|2446	|2241	|3193	|2736	|2826	|3407	|2971	|0	|2346	|3175	|3208	|
________________________________________________________
43	|572	|554	|269	|444	|577	|525	|409	|522	|361	|488	|383	|715	|2464	|460	|611	|423	|3763	|2762	|2150	|3317	|2881	|2225	|2892	|2754	|2729	|1764	|1957	|2784	|2464	|1836	|2774	|2734	|3054	|2651	|3126	|2859	|3214	|3141	|3381	|2800	|3250	|3171	|16611	|3253	|2744	|1911	|1942	|2732	|2161	|2192	|2659	|2749	|3667	|2691	|1985	|3156	|2886	|0	|2728	|2761	|2806	|2459	|2773	|2352	|3529	|2346	|3488	|3029	|3267	|3195	|2307	|0	|
________________________________________________________
44	|553	|554	|302	|476	|585	|525	|386	|549	|200	|512	|437	|469	|474	|530	|626	|0	|3688	|2774	|2024	|3312	|2973	|2271	|2810	|2751	|2713	|1756	|2048	|2873	|2549	|2247	|2803	|2737	|3056	|2738	|3160	|2876	|1908	|3191	|3316	|2848	|3208	|3162	|3253	|16645	|2758	|1931	|1879	|2791	|2244	|2177	|2770	|2744	|3746	|2774	|2221	|3114	|2861	|2370	|2694	|2766	|2827	|2536	|2764	|2366	|2252	|3632	|3556	|3021	|3284	|3202	|0	|2391	|
________________________________________________________
45	|0	|678	|351	|569	|577	|513	|402	|595	|186	|478	|423	|566	|384	|433	|494	|485	|3298	|0	|2431	|3850	|3257	|2282	|3165	|3163	|3343	|1109	|1921	|2756	|2458	|1916	|2787	|2823	|3065	|2765	|3228	|2892	|2738	|2795	|2933	|2526	|2825	|2645	|2744	|2758	|16565	|2238	|2216	|3129	|2446	|2094	|3171	|3086	|4469	|3330	|2265	|3095	|2831	|2029	|2784	|2719	|2779	|2481	|2761	|2311	|2579	|2754	|3077	|2658	|2980	|2797	|2684	|2792	|
________________________________________________________
46	|316	|480	|1716	|324	|379	|411	|307	|397	|272	|341	|341	|392	|279	|316	|323	|350	|0	|1517	|0	|2718	|2261	|1581	|2248	|2145	|1505	|1713	|1329	|1945	|1587	|1263	|1945	|1929	|2112	|1895	|2182	|1918	|1964	|1869	|1994	|1775	|1946	|1875	|1911	|1931	|2238	|11478	|1293	|2081	|1666	|1431	|2175	|2171	|2017	|2323	|1252	|2226	|1962	|1382	|1910	|1918	|1880	|1716	|2029	|1705	|1947	|1976	|2085	|1832	|2066	|1951	|1929	|1941	|
________________________________________________________
47	|0	|0	|164	|305	|412	|365	|318	|354	|248	|421	|330	|416	|320	|347	|527	|337	|3042	|0	|1233	|0	|2398	|1661	|2105	|2020	|1821	|1197	|1516	|1894	|1814	|1314	|1876	|1876	|2445	|0	|0	|2408	|2069	|2076	|1993	|1706	|1963	|2099	|1942	|1879	|2216	|1293	|11210	|1837	|1826	|1503	|2012	|2006	|2514	|1917	|1630	|1994	|2101	|1386	|1842	|1794	|2309	|1680	|1866	|2023	|1946	|2073	|2094	|1779	|1737	|2135	|1803	|1821	|
________________________________________________________
48	|669	|519	|282	|2800	|0	|599	|429	|613	|315	|589	|431	|657	|302	|462	|577	|560	|4216	|3226	|0	|2813	|0	|2457	|3160	|3076	|2684	|1789	|1928	|3426	|1928	|1910	|2826	|2788	|2953	|2786	|3154	|2931	|2728	|2747	|2932	|2514	|2804	|2784	|2732	|2791	|3129	|2081	|1837	|16602	|2638	|2312	|3167	|3031	|3675	|2814	|1997	|3656	|3308	|2188	|2781	|2720	|2693	|2554	|2800	|2439	|2714	|2783	|3086	|2679	|2761	|2858	|2703	|2858	|
________________________________________________________
49	|547	|0	|267	|449	|324	|449	|2112	|393	|292	|269	|310	|327	|429	|357	|462	|378	|3242	|2529	|1978	|0	|1795	|0	|2533	|2471	|2166	|1439	|1788	|1777	|2623	|1520	|2248	|2222	|2341	|2144	|2637	|2288	|2153	|2128	|2315	|2091	|2247	|2165	|2161	|2244	|2446	|1666	|1826	|2638	|13250	|1439	|2477	|2473	|3048	|2286	|1601	|1848	|2708	|1556	|2245	|2163	|2135	|1967	|2174	|1820	|2127	|2176	|2436	|2112	|2272	|2216	|2182	|2185	|
________________________________________________________
50	|457	|457	|202	|377	|0	|0	|227	|341	|229	|333	|258	|376	|298	|377	|422	|377	|2828	|2107	|1596	|2739	|0	|1230	|0	|2296	|1929	|1210	|1324	|1876	|1661	|1448	|1930	|2042	|2341	|1802	|2193	|1983	|1882	|1856	|2399	|0	|0	|2200	|2192	|2177	|2094	|1431	|1503	|2312	|1439	|11327	|1980	|2341	|2493	|1845	|1366	|2084	|1925	|1580	|1712	|2076	|2159	|1492	|1853	|1647	|1843	|1931	|2544	|1794	|1947	|2417	|2121	|2097	|
________________________________________________________
51	|595	|653	|339	|536	|651	|367	|340	|3015	|290	|448	|408	|579	|367	|613	|521	|565	|4186	|3174	|2247	|3790	|3305	|0	|2285	|0	|2772	|1757	|1925	|2750	|2429	|1858	|3651	|2389	|2995	|2706	|3214	|2836	|2710	|2718	|2930	|2498	|2828	|2752	|2659	|2770	|3171	|2175	|2012	|3167	|2477	|1980	|16597	|3302	|3835	|2761	|2046	|3167	|2872	|2019	|3165	|3089	|2755	|2605	|2772	|2380	|2744	|2736	|3023	|2674	|3015	|2809	|2747	|2760	|
________________________________________________________
52	|615	|632	|308	|532	|608	|0	|425	|628	|300	|462	|408	|558	|485	|393	|485	|339	|4164	|3212	|2301	|3711	|3259	|2493	|0	|1317	|2687	|1742	|1925	|2848	|2529	|2056	|2407	|3619	|3059	|2724	|3158	|2832	|2747	|2719	|2851	|2423	|2858	|2723	|2749	|2744	|3086	|2171	|2006	|3031	|2473	|2341	|3302	|16629	|3698	|2804	|1973	|3044	|2822	|1984	|1912	|3132	|2763	|2520	|2813	|2399	|2743	|2717	|2947	|2631	|2896	|2786	|2726	|2713	|
________________________________________________________
53	|620	|871	|290	|625	|668	|641	|462	|714	|0	|798	|615	|841	|633	|647	|735	|793	|5538	|3170	|3016	|4567	|3958	|2765	|3779	|3733	|3157	|0	|3306	|4237	|3724	|2898	|4292	|4406	|4150	|3731	|4341	|3937	|3669	|3709	|4010	|3434	|3784	|3736	|3667	|3746	|4469	|2017	|2514	|3675	|3048	|2493	|3835	|3698	|22516	|4461	|3116	|4885	|4418	|3090	|4250	|4352	|3751	|3366	|3709	|3191	|3634	|3672	|4199	|3576	|3969	|3751	|3783	|3728	|
________________________________________________________
54	|706	|584	|358	|473	|538	|467	|402	|499	|202	|602	|2355	|570	|460	|490	|536	|565	|3279	|3401	|2034	|3401	|2953	|2006	|2851	|2769	|0	|1148	|0	|3155	|2807	|2163	|3229	|3143	|3022	|2776	|3267	|2921	|2728	|2713	|2987	|2541	|2898	|2691	|2691	|2774	|3330	|2323	|1917	|2814	|2286	|1845	|2761	|2804	|4461	|16740	|2088	|3681	|3180	|2313	|3193	|3143	|2831	|2593	|2771	|2355	|2768	|2769	|3139	|2680	|2954	|2768	|2819	|2824	|
________________________________________________________
55	|474	|455	|237	|399	|394	|357	|252	|374	|0	|0	|249	|418	|371	|403	|414	|409	|2862	|1972	|1669	|2408	|2107	|1480	|2085	|2030	|2360	|0	|1259	|0	|2196	|1605	|2357	|2287	|2432	|2242	|2901	|0	|0	|2461	|2081	|1805	|2125	|1990	|1985	|2221	|2265	|1252	|1630	|1997	|1601	|1366	|2046	|1973	|3116	|2088	|12160	|2327	|2442	|1746	|2229	|2325	|2277	|2054	|2469	|1723	|1984	|2434	|2259	|1933	|2119	|1961	|1822	|2308	|
________________________________________________________
56	|581	|779	|302	|564	|492	|565	|285	|534	|431	|455	|487	|3422	|0	|596	|659	|655	|4170	|3194	|2302	|4403	|2855	|2500	|3229	|3120	|3591	|2400	|0	|2586	|0	|2529	|3594	|3543	|3493	|3211	|3489	|3333	|3152	|3060	|3333	|2886	|3181	|3066	|3156	|3114	|3095	|2226	|1994	|3656	|1848	|2084	|3167	|3044	|4885	|3681	|2327	|18840	|3949	|2608	|3577	|3655	|3208	|2865	|2971	|2867	|3422	|3028	|3473	|2956	|3186	|3198	|3204	|3138	|
________________________________________________________
57	|587	|537	|316	|595	|627	|511	|425	|541	|356	|0	|445	|732	|275	|526	|2990	|550	|3731	|2763	|2124	|2975	|3580	|2078	|2922	|2711	|3120	|2108	|2386	|0	|1672	|0	|3273	|3171	|3038	|2813	|3339	|2965	|2801	|2810	|2951	|2641	|2965	|2827	|2886	|2861	|2831	|1962	|2101	|3308	|2708	|1925	|2872	|2822	|4418	|3180	|2442	|3949	|17092	|2203	|3300	|3122	|2757	|2506	|2953	|2401	|2744	|2768	|3170	|2807	|3005	|2990	|2830	|2782	|
________________________________________________________
58	|461	|421	|216	|478	|429	|351	|307	|422	|260	|402	|304	|463	|0	|0	|398	|354	|2640	|2019	|1409	|2507	|2089	|1622	|1966	|1996	|2248	|1476	|1639	|2369	|0	|1194	|0	|2414	|2148	|1998	|2581	|2102	|2027	|2022	|2412	|2046	|2487	|0	|0	|2370	|2029	|1382	|1386	|2188	|1556	|1580	|2019	|1984	|3090	|2313	|1746	|2608	|2203	|12057	|2218	|2504	|2036	|1799	|2191	|1484	|1915	|1878	|2533	|2086	|2455	|2074	|2012	|2500	|
________________________________________________________
59	|545	|576	|301	|474	|511	|588	|338	|562	|378	|525	|444	|637	|477	|319	|513	|3021	|3644	|2822	|1986	|3283	|2945	|1999	|3489	|2416	|3080	|2038	|2129	|3189	|2761	|0	|2040	|0	|2978	|2731	|3213	|2871	|2915	|2730	|3001	|2564	|2828	|2709	|2728	|2694	|2784	|1910	|1842	|2781	|2245	|1712	|3165	|1912	|4250	|3193	|2229	|3577	|3300	|2218	|16643	|3534	|2792	|2627	|2817	|2407	|2654	|2633	|3087	|2669	|2805	|2883	|3021	|2789	|
________________________________________________________
60	|522	|585	|293	|479	|546	|390	|363	|589	|375	|591	|446	|668	|539	|0	|617	|637	|3726	|2797	|2071	|3364	|2947	|2060	|2472	|3567	|3201	|2034	|2189	|3260	|2742	|2318	|0	|1436	|3039	|2801	|3182	|2885	|2854	|2714	|2931	|2394	|2922	|2653	|2761	|2766	|2719	|1918	|1794	|2720	|2163	|2076	|3089	|3132	|4352	|3143	|2325	|3655	|3122	|2504	|3534	|16655	|2733	|2479	|2840	|2411	|2696	|2734	|3128	|2539	|2940	|2811	|2738	|2703	|
________________________________________________________
61	|660	|0	|314	|542	|496	|363	|402	|571	|350	|513	|429	|646	|391	|475	|481	|492	|3749	|2783	|2583	|3250	|2871	|2005	|2843	|2728	|2653	|1752	|2299	|2839	|2421	|1920	|2860	|2795	|2743	|0	|3676	|3202	|3162	|3099	|3878	|2012	|2881	|2687	|2806	|2827	|2779	|1880	|2309	|2693	|2135	|2159	|2755	|2763	|3751	|2831	|2277	|3208	|2757	|2036	|2792	|2733	|16690	|2749	|3168	|2638	|3044	|3164	|3682	|3150	|2938	|2778	|2724	|2771	|
________________________________________________________
62	|613	|452	|1716	|424	|459	|582	|354	|408	|354	|465	|419	|566	|370	|413	|420	|499	|3411	|2591	|0	|2938	|2602	|1837	|2553	|2608	|2511	|1589	|1942	|2521	|2238	|1688	|2589	|2514	|0	|2245	|3301	|2877	|2867	|2802	|2155	|3128	|2591	|2446	|2459	|2536	|2481	|1716	|1680	|2554	|1967	|1492	|2605	|2520	|3366	|2593	|2054	|2865	|2506	|1799	|2627	|2479	|2749	|15087	|2908	|2488	|2780	|2834	|1945	|2718	|2646	|2539	|2568	|2541	|
________________________________________________________
63	|469	|694	|300	|2800	|677	|413	|343	|589	|419	|0	|424	|631	|442	|402	|567	|555	|3706	|2720	|0	|3388	|2895	|1981	|2796	|2800	|2762	|1804	|2388	|2729	|2631	|1874	|2884	|2775	|3448	|3214	|2888	|0	|3067	|3090	|2901	|2429	|3740	|2241	|2773	|2764	|2761	|2029	|1866	|2800	|2174	|1853	|2772	|2813	|3709	|2771	|2469	|2971	|2953	|2191	|2817	|2840	|3168	|2908	|16669	|2733	|2993	|3070	|3090	|2613	|3343	|3177	|2770	|2825	|
________________________________________________________
64	|0	|662	|321	|501	|359	|456	|297	|294	|306	|358	|2355	|522	|346	|527	|466	|376	|3079	|2359	|2080	|2923	|2437	|1926	|2379	|2406	|2412	|1513	|0	|2385	|1993	|1668	|2436	|2416	|2953	|2703	|0	|2185	|2728	|2770	|2532	|2187	|2031	|3193	|2352	|2366	|2311	|1705	|2023	|2439	|1820	|1647	|2380	|2399	|3191	|2355	|1723	|2867	|2401	|1484	|2407	|2411	|2638	|2488	|2733	|14291	|2640	|2720	|2666	|2258	|1664	|2832	|2389	|2411	|
________________________________________________________
65	|598	|672	|310	|472	|462	|433	|368	|484	|274	|589	|378	|3422	|552	|409	|469	|563	|3597	|2730	|2182	|3393	|2775	|2031	|2669	|2613	|2607	|1734	|0	|2712	|2329	|1838	|2726	|2748	|3472	|3149	|3543	|3291	|2493	|0	|2898	|2472	|2770	|2736	|3529	|2252	|2579	|1947	|1946	|2714	|2127	|1843	|2744	|2743	|3634	|2768	|1984	|3422	|2744	|1915	|2654	|2696	|3044	|2780	|2993	|2640	|16343	|3000	|3075	|2556	|2735	|2767	|3129	|3112	|
________________________________________________________
66	|570	|633	|327	|554	|503	|464	|355	|494	|0	|602	|493	|640	|331	|554	|476	|331	|3694	|2732	|2259	|3303	|2828	|2039	|2814	|2738	|2727	|1745	|2469	|2780	|2436	|2120	|2887	|2823	|3459	|3102	|3619	|3335	|0	|2521	|2935	|2458	|2807	|2826	|2346	|3632	|2754	|1976	|2073	|2783	|2176	|1931	|2736	|2717	|3672	|2769	|2434	|3028	|2768	|1878	|2633	|2734	|3164	|2834	|3070	|2720	|3000	|16575	|3113	|2648	|2793	|2817	|1902	|3224	|
________________________________________________________
67	|642	|600	|220	|528	|666	|0	|436	|654	|371	|545	|439	|680	|534	|534	|624	|612	|4107	|3118	|2532	|3792	|3213	|2706	|3021	|3018	|3162	|1987	|2265	|3082	|2759	|2352	|3109	|3048	|4230	|2730	|3591	|3303	|3123	|3099	|3149	|0	|3564	|3407	|3488	|3556	|3077	|2085	|2094	|3086	|2436	|2544	|3023	|2947	|4199	|3139	|2259	|3473	|3170	|2533	|3087	|3128	|3682	|1945	|3090	|2666	|3075	|3113	|18572	|3382	|3718	|3567	|3474	|3465	|
________________________________________________________
68	|554	|705	|298	|469	|542	|391	|2112	|471	|291	|437	|381	|517	|436	|499	|531	|541	|3515	|2631	|1983	|3163	|2690	|0	|2718	|2675	|2615	|1664	|1890	|2688	|2279	|1995	|2675	|2680	|2524	|3424	|3116	|2711	|2585	|2602	|0	|1960	|3059	|2971	|3029	|3021	|2658	|1832	|1779	|2679	|2112	|1794	|2674	|2631	|3576	|2680	|1933	|2956	|2807	|2086	|2669	|2539	|3150	|2718	|2613	|2258	|2556	|2648	|3382	|15833	|3123	|2993	|2949	|2990	|
________________________________________________________
69	|743	|617	|288	|545	|443	|564	|347	|3015	|361	|459	|257	|570	|544	|0	|599	|638	|3881	|2937	|2126	|3517	|3092	|0	|2891	|2838	|2923	|1798	|2342	|2969	|2630	|2336	|2934	|2938	|3160	|2851	|4118	|2536	|2826	|2830	|3514	|2964	|2583	|0	|3267	|3284	|2980	|2066	|1737	|2761	|2272	|1947	|3015	|2896	|3969	|2954	|2119	|3186	|3005	|2455	|2805	|2940	|2938	|2646	|3343	|1664	|2735	|2793	|3718	|3123	|17218	|3332	|3206	|3210	|
________________________________________________________
70	|507	|609	|330	|560	|0	|590	|434	|580	|299	|643	|454	|589	|488	|393	|2990	|525	|3684	|2813	|2073	|3451	|2847	|2519	|2804	|2776	|2845	|1770	|2076	|2880	|2472	|0	|2841	|2876	|3158	|2758	|2788	|3910	|2750	|2768	|3421	|2915	|0	|2346	|3195	|3202	|2797	|1951	|2135	|2858	|2216	|2417	|2809	|2786	|3751	|2768	|1961	|3198	|2990	|2074	|2883	|2811	|2778	|2539	|3177	|2832	|2767	|2817	|3567	|2993	|3332	|16984	|3287	|3283	|
________________________________________________________
71	|592	|613	|307	|427	|567	|532	|403	|541	|401	|477	|342	|691	|343	|559	|506	|3021	|3686	|2843	|2098	|3396	|2886	|2328	|2945	|2778	|2763	|1743	|1911	|2725	|2368	|0	|2767	|2759	|2995	|2773	|3205	|2882	|3517	|2298	|3338	|2889	|3255	|3175	|2307	|0	|2684	|1929	|1803	|2703	|2182	|2121	|2747	|2726	|3783	|2819	|1822	|3204	|2830	|2012	|3021	|2738	|2724	|2568	|2770	|2389	|3129	|1902	|3474	|2949	|3206	|3287	|16613	|3190	|
________________________________________________________
72	|561	|594	|283	|460	|567	|520	|397	|555	|278	|494	|449	|671	|0	|559	|606	|598	|3690	|2780	|1964	|3408	|2957	|2271	|2842	|2789	|2753	|1756	|1985	|2894	|2533	|2261	|2764	|2797	|3032	|2856	|3270	|2928	|2333	|3691	|3387	|2891	|3215	|3208	|0	|2391	|2792	|1941	|1821	|2858	|2185	|2097	|2760	|2713	|3728	|2824	|2308	|3138	|2782	|2500	|2789	|2703	|2771	|2541	|2825	|2411	|3112	|3224	|3465	|2990	|3210	|3283	|3190	|16799	|
________________________________________________________
