0	|1	|2	|3	|4	|5	|6	|7	|8	|9	|10	|11	|12	|13	|14	|15	|16	|17	|18	|19	|20	|21	|22	|23	|24	|25	|26	|27	|28	|29	|30	|31	|32	|33	|34	|35	|36	|37	|38	|39	|40	|41	|42	|43	|44	|45	|46	|47	|48	|49	|50	|51	|52	|53	|54	|55	|56	|57	|58	|59	|60	|61	|62	|63	|64	|65	|66	|67	|68	|69	|70	|71	|72	|
1	|3255	|128	|47	|108	|112	|89	|75	|130	|117	|112	|0	|112	|83	|65	|86	|108	|806	|3255	|391	|655	|699	|456	|617	|611	|668	|517	|472	|549	|527	|352	|513	|552	|730	|553	|3255	|617	|586	|601	|664	|439	|569	|388	|499	|546	|0	|273	|0	|652	|523	|408	|605	|634	|605	|650	|503	|517	|551	|445	|537	|535	|745	|592	|489	|0	|591	|621	|630	|510	|689	|500	|510	|530	|
________________________________________________________
2	|128	|3708	|66	|101	|119	|124	|0	|131	|59	|146	|101	|191	|64	|101	|88	|121	|953	|614	|465	|3708	|692	|545	|677	|691	|660	|356	|529	|716	|406	|410	|635	|643	|703	|3708	|756	|793	|707	|672	|733	|614	|631	|572	|621	|571	|745	|478	|0	|514	|0	|514	|684	|684	|885	|650	|461	|833	|538	|466	|624	|620	|0	|515	|725	|636	|716	|716	|607	|727	|610	|597	|595	|671	|
________________________________________________________
3	|47	|66	|1743	|40	|59	|70	|56	|58	|58	|66	|61	|57	|46	|58	|72	|52	|0	|231	|0	|450	|353	|255	|342	|313	|222	|263	|210	|305	|275	|192	|291	|304	|0	|258	|390	|355	|349	|325	|230	|342	|320	|308	|297	|269	|380	|1743	|182	|302	|281	|215	|344	|352	|295	|396	|235	|299	|316	|221	|277	|290	|336	|1743	|312	|327	|344	|354	|251	|346	|278	|323	|308	|258	|
________________________________________________________
4	|108	|101	|40	|2792	|0	|79	|80	|141	|70	|0	|68	|133	|48	|50	|114	|101	|768	|570	|0	|486	|0	|424	|535	|517	|473	|320	|409	|589	|343	|317	|444	|474	|611	|534	|489	|0	|502	|549	|514	|400	|610	|386	|470	|485	|530	|336	|319	|2792	|469	|408	|557	|550	|623	|432	|414	|632	|558	|504	|449	|479	|626	|434	|2792	|446	|533	|560	|523	|462	|539	|549	|451	|461	|
________________________________________________________
5	|112	|119	|59	|0	|3015	|77	|56	|102	|84	|90	|56	|97	|115	|89	|0	|116	|708	|541	|434	|684	|3015	|331	|531	|631	|524	|322	|528	|537	|486	|415	|527	|510	|514	|492	|628	|585	|488	|474	|665	|451	|3015	|536	|589	|553	|545	|393	|409	|0	|308	|0	|585	|609	|680	|491	|385	|535	|653	|462	|490	|483	|459	|472	|655	|382	|480	|467	|651	|526	|454	|0	|561	|551	|
________________________________________________________
6	|89	|124	|70	|79	|77	|2658	|62	|74	|57	|106	|61	|95	|62	|113	|87	|103	|657	|525	|333	|601	|495	|337	|2658	|487	|434	|263	|307	|469	|333	|308	|512	|331	|312	|489	|449	|521	|482	|411	|530	|2658	|442	|531	|509	|481	|483	|335	|351	|494	|417	|0	|357	|0	|600	|444	|297	|553	|456	|333	|543	|379	|346	|557	|431	|469	|427	|438	|0	|339	|518	|551	|493	|516	|
________________________________________________________
7	|75	|0	|56	|80	|56	|62	|2145	|51	|42	|57	|49	|44	|99	|81	|93	|64	|560	|390	|317	|0	|286	|0	|472	|419	|385	|236	|272	|280	|421	|268	|379	|389	|325	|472	|407	|374	|377	|335	|0	|267	|464	|441	|423	|404	|411	|259	|304	|444	|2145	|213	|358	|414	|495	|369	|255	|278	|429	|297	|357	|367	|435	|371	|344	|326	|348	|349	|485	|2145	|369	|441	|415	|386	|
________________________________________________________
8	|130	|131	|58	|141	|102	|74	|51	|2989	|58	|78	|55	|89	|89	|0	|92	|127	|718	|560	|416	|711	|605	|0	|373	|0	|485	|300	|393	|509	|426	|390	|664	|406	|622	|472	|735	|442	|459	|517	|684	|485	|441	|0	|534	|532	|582	|390	|350	|584	|403	|354	|2989	|607	|666	|501	|375	|551	|508	|446	|579	|584	|593	|410	|601	|281	|445	|502	|674	|468	|2989	|541	|559	|534	|
________________________________________________________
9	|117	|59	|58	|70	|84	|57	|42	|58	|1925	|43	|32	|72	|69	|46	|57	|95	|348	|431	|218	|356	|362	|239	|328	|330	|435	|1925	|236	|302	|350	|225	|378	|384	|392	|368	|424	|328	|1925	|326	|363	|310	|369	|256	|383	|245	|219	|324	|254	|340	|286	|220	|317	|325	|0	|205	|0	|454	|389	|267	|354	|378	|377	|344	|399	|333	|290	|0	|357	|301	|357	|328	|410	|278	|
________________________________________________________
10	|112	|146	|66	|0	|90	|106	|57	|78	|43	|2901	|83	|100	|80	|108	|0	|102	|592	|464	|455	|649	|581	|505	|472	|454	|551	|297	|326	|2901	|532	|391	|581	|519	|624	|542	|640	|2901	|491	|629	|532	|425	|576	|518	|498	|512	|452	|334	|400	|583	|320	|307	|466	|434	|801	|601	|0	|419	|0	|420	|517	|534	|532	|478	|0	|344	|603	|637	|556	|434	|458	|645	|443	|478	|
________________________________________________________
11	|0	|101	|61	|68	|56	|61	|49	|55	|32	|83	|2304	|77	|60	|87	|96	|89	|452	|431	|391	|469	|381	|331	|371	|385	|0	|159	|0	|456	|377	|290	|432	|440	|517	|441	|0	|340	|483	|480	|404	|352	|346	|514	|353	|418	|463	|311	|349	|375	|289	|254	|393	|351	|577	|2304	|290	|430	|473	|318	|454	|387	|432	|361	|434	|2304	|397	|448	|422	|378	|273	|480	|347	|442	|
________________________________________________________
12	|112	|191	|57	|133	|97	|95	|44	|89	|72	|100	|77	|3422	|0	|105	|128	|135	|788	|542	|488	|817	|497	|478	|594	|579	|686	|390	|0	|444	|0	|465	|671	|639	|697	|643	|736	|728	|513	|0	|572	|499	|575	|516	|699	|540	|629	|372	|420	|694	|319	|393	|563	|581	|904	|588	|385	|3422	|749	|524	|637	|646	|621	|571	|667	|540	|3422	|610	|658	|507	|555	|557	|620	|639	|
________________________________________________________
13	|83	|64	|46	|48	|115	|62	|99	|89	|69	|80	|60	|0	|2415	|52	|54	|81	|508	|401	|290	|364	|496	|296	|384	|434	|420	|294	|337	|493	|2415	|245	|385	|494	|442	|393	|480	|419	|485	|447	|457	|414	|516	|385	|2415	|494	|385	|274	|277	|303	|460	|289	|411	|436	|588	|456	|337	|0	|294	|0	|530	|494	|422	|336	|431	|340	|521	|313	|496	|449	|514	|506	|331	|0	|
________________________________________________________
14	|65	|101	|58	|50	|89	|113	|81	|0	|46	|108	|87	|105	|52	|2719	|85	|75	|552	|442	|347	|563	|489	|401	|530	|547	|518	|331	|341	|547	|383	|317	|2719	|585	|464	|436	|367	|535	|420	|482	|574	|435	|534	|2719	|433	|557	|450	|322	|336	|451	|358	|364	|570	|350	|655	|495	|386	|596	|546	|0	|357	|0	|465	|395	|364	|536	|449	|526	|562	|492	|0	|427	|502	|564	|
________________________________________________________
15	|86	|88	|72	|114	|0	|87	|93	|92	|57	|0	|96	|128	|54	|85	|2918	|81	|673	|466	|348	|529	|562	|454	|472	|481	|545	|350	|419	|0	|290	|0	|556	|627	|497	|472	|519	|703	|479	|434	|584	|476	|0	|392	|563	|602	|493	|328	|486	|570	|478	|418	|459	|489	|745	|545	|392	|646	|2918	|384	|491	|605	|460	|416	|541	|476	|493	|482	|637	|538	|605	|2918	|502	|617	|
________________________________________________________
16	|108	|121	|52	|101	|116	|103	|64	|127	|95	|102	|89	|135	|81	|75	|81	|3016	|653	|509	|370	|633	|518	|406	|643	|438	|581	|391	|383	|584	|548	|0	|385	|0	|556	|521	|644	|542	|699	|416	|620	|483	|646	|585	|415	|0	|522	|336	|343	|550	|422	|353	|573	|341	|791	|583	|376	|654	|529	|375	|3016	|608	|496	|463	|492	|383	|585	|326	|610	|534	|620	|545	|3016	|550	|
________________________________________________________
17	|806	|953	|0	|768	|708	|657	|560	|718	|348	|592	|452	|788	|508	|552	|673	|653	|22082	|4067	|3035	|5123	|4220	|3068	|4193	|4116	|4038	|1812	|2577	|3673	|3215	|2448	|3657	|3704	|4063	|3705	|4325	|3734	|3615	|3583	|3971	|3189	|3727	|3507	|3694	|3682	|3162	|0	|2973	|4233	|3327	|2893	|4129	|4104	|5465	|3255	|2796	|4147	|3733	|2682	|3668	|3679	|3707	|3334	|3654	|3073	|3693	|3649	|4141	|3592	|3837	|3772	|3605	|3598	|
________________________________________________________
18	|3255	|614	|231	|570	|541	|525	|390	|560	|431	|464	|431	|542	|401	|442	|466	|509	|4067	|16463	|1968	|3789	|3223	|2309	|3103	|3041	|3298	|2367	|1964	|2767	|2393	|1819	|2739	|2763	|3076	|2742	|3255	|2800	|2739	|2690	|2927	|2500	|2775	|2556	|2744	|2761	|0	|1487	|0	|3108	|2447	|2100	|3067	|3142	|3139	|3285	|1995	|3040	|2773	|2080	|2808	|2693	|2863	|2510	|2722	|2276	|2784	|2754	|2975	|2645	|2830	|2754	|2633	|2683	|
________________________________________________________
19	|391	|465	|0	|0	|434	|333	|317	|416	|218	|455	|391	|488	|290	|347	|348	|370	|3035	|1968	|12262	|2505	|2573	|1808	|2292	|2236	|2201	|1083	|1719	|1997	|1815	|1367	|2034	|2070	|2690	|2104	|2350	|2572	|2234	|2170	|2486	|1523	|2080	|2088	|1987	|2069	|2476	|0	|1268	|0	|1987	|1524	|2259	|2311	|2986	|2160	|1670	|2269	|1989	|1505	|2032	|2072	|2491	|0	|0	|2154	|2302	|2326	|2566	|1910	|2051	|2051	|1992	|2018	|
________________________________________________________
20	|655	|3708	|450	|486	|684	|601	|0	|711	|356	|649	|469	|817	|364	|563	|529	|633	|5123	|3789	|2505	|20124	|3889	|2921	|3720	|3704	|3353	|2215	|2237	|3830	|2334	|2267	|3444	|3404	|3635	|3708	|3803	|3557	|3419	|3390	|3554	|2965	|3435	|3280	|3370	|3305	|3781	|2670	|0	|2892	|0	|2753	|3688	|3820	|4560	|3468	|2437	|4408	|3008	|2633	|3359	|3308	|3208	|3024	|3292	|2852	|3446	|3391	|3790	|3129	|3442	|3398	|3225	|3360	|
________________________________________________________
21	|699	|692	|353	|0	|3015	|495	|286	|605	|362	|581	|381	|497	|496	|489	|562	|518	|4220	|3223	|2573	|3889	|17232	|2097	|3154	|3234	|2890	|1849	|2265	|3259	|2940	|1915	|2920	|2877	|3048	|2791	|3271	|2985	|2821	|2797	|3090	|2603	|3015	|2765	|2922	|2887	|3193	|2231	|2306	|0	|1803	|0	|3240	|3367	|3832	|2878	|2081	|2711	|3520	|2128	|2866	|2889	|2773	|2519	|2872	|2461	|2837	|2836	|3228	|2687	|2963	|2863	|2863	|2795	|
________________________________________________________
22	|456	|545	|255	|424	|331	|337	|0	|0	|239	|505	|331	|478	|296	|401	|454	|406	|3068	|2309	|1808	|2921	|2097	|12436	|2160	|2484	|2012	|1322	|1505	|2281	|1631	|1641	|2058	|2169	|2255	|2081	|2176	|2380	|2115	|2074	|2739	|1875	|2074	|2367	|2343	|2320	|2288	|1638	|1581	|2509	|0	|1272	|0	|2539	|2826	|2175	|1486	|2541	|2156	|1699	|2042	|2118	|2126	|1900	|2070	|1959	|2083	|2014	|2793	|0	|0	|2529	|2238	|2235	|
________________________________________________________
23	|617	|677	|342	|535	|531	|2658	|472	|373	|328	|472	|371	|594	|384	|530	|472	|643	|4193	|3103	|2292	|3720	|3154	|2160	|16490	|3164	|2719	|1729	|1923	|2763	|2379	|1571	|3205	|2032	|2982	|2673	|3215	|2848	|2782	|2643	|2843	|2658	|2900	|2705	|2837	|2820	|3077	|2132	|2032	|3139	|2528	|0	|2136	|0	|3717	|2780	|1993	|3114	|2820	|1983	|3447	|2352	|2747	|2535	|2675	|2357	|2761	|2767	|3021	|2594	|2718	|2793	|2783	|2739	|
________________________________________________________
24	|611	|691	|313	|517	|631	|487	|419	|0	|330	|454	|385	|579	|434	|547	|481	|438	|4116	|3041	|2236	|3704	|3234	|2484	|3164	|16405	|2746	|1783	|1969	|2720	|2391	|2044	|3163	|3116	|3023	|2692	|3189	|2770	|2789	|2644	|2811	|2318	|2820	|2650	|2697	|2693	|3086	|2060	|1998	|3018	|2443	|2255	|0	|1340	|3733	|2754	|2029	|3064	|2818	|1944	|2414	|3561	|2742	|2551	|2699	|2300	|2774	|2684	|2978	|2647	|2739	|2741	|2614	|2668	|
________________________________________________________
25	|668	|660	|222	|473	|524	|434	|385	|485	|435	|551	|0	|686	|420	|518	|545	|581	|4038	|3298	|2201	|3353	|2890	|2012	|2719	|2746	|16638	|2469	|2420	|3176	|2736	|2051	|3169	|3185	|3109	|2782	|3282	|2815	|2650	|2769	|2921	|2426	|2809	|2633	|2728	|2746	|3249	|1518	|1780	|2738	|2294	|1914	|2812	|2791	|3153	|0	|2420	|3499	|3203	|2396	|3223	|3173	|2750	|2404	|2786	|2406	|2793	|2726	|3097	|2604	|2808	|2779	|2705	|2782	|
________________________________________________________
26	|517	|356	|263	|320	|322	|263	|236	|300	|1925	|297	|159	|390	|294	|331	|350	|391	|1812	|2367	|1083	|2215	|1849	|1322	|1729	|1783	|2469	|10707	|1326	|1965	|1753	|1342	|2097	|2067	|1927	|1857	|2107	|1788	|1925	|1730	|1956	|1615	|1854	|1668	|1851	|1823	|1208	|1822	|1164	|1779	|1381	|1204	|1750	|1840	|0	|1178	|0	|2309	|2071	|1472	|1985	|2046	|1776	|1611	|1801	|1538	|1762	|1736	|1989	|1692	|1834	|1806	|1781	|1752	|
________________________________________________________
27	|472	|529	|210	|409	|528	|307	|272	|393	|236	|326	|0	|0	|337	|341	|419	|383	|2577	|1964	|1719	|2237	|2265	|1505	|1923	|1969	|2420	|1326	|11877	|1994	|2091	|1566	|2166	|2169	|2498	|2265	|2713	|1924	|2015	|2485	|2180	|1658	|2309	|1713	|1943	|2037	|1958	|1332	|1518	|1999	|1809	|1313	|1930	|1979	|3271	|0	|1195	|0	|2383	|1672	|2123	|2198	|2198	|1972	|2497	|0	|0	|2484	|2228	|1887	|2217	|2045	|1920	|2037	|
________________________________________________________
28	|549	|716	|305	|589	|537	|469	|280	|509	|302	|2901	|456	|444	|493	|547	|0	|584	|3673	|2767	|1997	|3830	|3259	|2281	|2763	|2720	|3176	|1965	|1994	|16716	|3062	|2244	|3126	|3188	|3097	|2826	|3223	|2901	|2767	|2810	|3038	|2492	|2882	|2620	|2798	|2834	|2737	|2009	|1827	|3445	|1741	|1876	|2711	|2699	|4197	|3196	|0	|2555	|0	|2452	|3158	|3126	|2809	|2476	|2847	|2305	|2765	|2886	|3088	|2650	|2940	|2812	|2674	|2771	|
________________________________________________________
29	|527	|406	|275	|343	|486	|333	|421	|426	|350	|532	|377	|0	|2415	|383	|290	|548	|3215	|2393	|1815	|2334	|2940	|1631	|2379	|2391	|2736	|1753	|2091	|3062	|14554	|1594	|2800	|2874	|2685	|2399	|2939	|2431	|2417	|2371	|2631	|2167	|2500	|2344	|2415	|2517	|2363	|1637	|1778	|1922	|2618	|1595	|2431	|2432	|3630	|2751	|2057	|0	|1683	|0	|2813	|2844	|2389	|2086	|2577	|1924	|2343	|2315	|2715	|2292	|2502	|2439	|2363	|2456	|
________________________________________________________
30	|352	|410	|192	|317	|415	|308	|268	|390	|225	|391	|290	|465	|245	|317	|0	|0	|2448	|1819	|1367	|2267	|1915	|1641	|1571	|2044	|2051	|1342	|1566	|2244	|1594	|10999	|1911	|2166	|2008	|1855	|2216	|1879	|1638	|2130	|2122	|1836	|2291	|1790	|1839	|2160	|1834	|1285	|1224	|1775	|1448	|1449	|1782	|2082	|2833	|2060	|1553	|2504	|0	|1166	|0	|2172	|1886	|1598	|1853	|1568	|1737	|2035	|2262	|1973	|2239	|0	|0	|2188	|
________________________________________________________
31	|513	|635	|291	|444	|527	|512	|379	|664	|378	|581	|432	|671	|385	|2719	|556	|385	|3657	|2739	|2034	|3444	|2920	|2058	|3205	|3163	|3169	|2097	|2166	|3126	|2800	|1911	|16734	|3618	|3017	|2785	|3192	|2907	|2865	|2693	|2998	|2465	|2932	|2719	|2799	|2706	|2744	|1968	|1836	|2722	|2238	|1862	|3643	|2412	|4344	|3124	|2327	|3564	|3205	|0	|2063	|0	|2834	|2516	|2663	|2374	|2761	|2702	|2981	|2685	|2794	|2832	|2787	|2773	|
________________________________________________________
32	|552	|643	|304	|474	|510	|331	|389	|406	|384	|519	|440	|639	|494	|585	|627	|0	|3704	|2763	|2070	|3404	|2877	|2169	|2032	|3116	|3185	|2067	|2169	|3188	|2874	|2166	|3618	|16757	|3055	|2895	|3187	|2819	|2931	|2698	|2951	|2434	|2888	|2660	|2760	|2793	|2751	|1923	|1764	|2756	|2153	|2121	|2333	|3704	|4228	|3194	|2250	|3460	|3318	|2510	|0	|1484	|2780	|2528	|2814	|2321	|2718	|2735	|3022	|2604	|2821	|2934	|2728	|2684	|
________________________________________________________
33	|730	|703	|0	|611	|514	|312	|325	|622	|392	|624	|517	|697	|442	|464	|497	|556	|4063	|3076	|2690	|3635	|3048	|2255	|2982	|3023	|3109	|1927	|2498	|3097	|2685	|2008	|3017	|3055	|18361	|3347	|4009	|3514	|3505	|3422	|3822	|1859	|3236	|2880	|3123	|3066	|3078	|2143	|2503	|3032	|2394	|2365	|3043	|3055	|4119	|3048	|2405	|3449	|2968	|2258	|3104	|3120	|2800	|0	|3485	|2879	|3460	|3403	|4279	|2519	|3180	|3094	|3020	|2946	|
________________________________________________________
34	|553	|3708	|258	|534	|492	|489	|472	|472	|368	|542	|441	|643	|393	|436	|472	|521	|3705	|2742	|2104	|3708	|2791	|2081	|2673	|2692	|2782	|1857	|2265	|2826	|2399	|1855	|2785	|2895	|3347	|16782	|3707	|3250	|3216	|3154	|3326	|2817	|2951	|2650	|2774	|2823	|2719	|1907	|0	|2764	|2115	|1910	|2769	|2735	|3723	|2829	|2232	|3196	|2817	|2026	|2823	|2803	|0	|2250	|3164	|2652	|3112	|3216	|2739	|3503	|2838	|2748	|2734	|2836	|
________________________________________________________
35	|3255	|756	|390	|489	|628	|449	|407	|735	|424	|640	|0	|736	|480	|367	|519	|644	|4325	|3255	|2350	|3803	|3271	|2176	|3215	|3189	|3282	|2107	|2713	|3223	|2939	|2216	|3192	|3187	|4009	|3707	|19315	|3707	|3640	|3598	|3518	|2870	|3643	|2271	|3178	|3234	|3138	|2203	|0	|3263	|2623	|2228	|3283	|3210	|4315	|3272	|2910	|3385	|3298	|2611	|3257	|3276	|3732	|3388	|2925	|0	|3620	|3595	|3593	|3118	|4073	|2801	|3073	|3098	|
________________________________________________________
36	|617	|793	|355	|0	|585	|521	|374	|442	|328	|2901	|340	|728	|419	|535	|703	|542	|3734	|2800	|2572	|3557	|2985	|2380	|2848	|2770	|2815	|1788	|1924	|2901	|2431	|1879	|2907	|2819	|3514	|3250	|3707	|17119	|3307	|3269	|3051	|2537	|3308	|3150	|2872	|2863	|2861	|1902	|2351	|2909	|2211	|1954	|2878	|2818	|3895	|2848	|0	|3229	|2929	|2102	|2901	|2890	|3114	|2919	|0	|2082	|3388	|3266	|3193	|2658	|2507	|3784	|2798	|2802	|
________________________________________________________
37	|586	|707	|349	|502	|488	|482	|377	|459	|1925	|491	|483	|513	|485	|420	|479	|699	|3615	|2739	|2234	|3419	|2821	|2115	|2782	|2789	|2650	|1925	|2015	|2767	|2417	|1638	|2865	|2931	|3505	|3216	|3640	|3307	|16747	|3073	|3041	|2509	|2809	|2734	|3216	|1967	|2786	|1996	|2041	|2857	|2165	|1969	|2707	|2792	|3706	|2864	|0	|3213	|2836	|2094	|2895	|2826	|3190	|2887	|3104	|2738	|2549	|0	|3091	|2725	|2802	|2817	|3532	|2296	|
________________________________________________________
38	|601	|672	|325	|549	|474	|411	|335	|517	|326	|629	|480	|0	|447	|482	|434	|416	|3583	|2690	|2170	|3390	|2797	|2074	|2643	|2644	|2769	|1730	|2485	|2810	|2371	|2130	|2693	|2698	|3422	|3154	|3598	|3269	|3073	|16500	|2922	|2503	|2821	|2681	|3192	|3218	|2665	|1919	|1979	|2813	|2115	|1837	|2775	|2691	|3728	|2704	|2333	|2975	|2682	|1982	|2761	|2753	|3173	|2879	|3060	|2628	|0	|2482	|3070	|2692	|2784	|2726	|2240	|3504	|
________________________________________________________
39	|664	|733	|230	|514	|665	|530	|0	|684	|363	|532	|404	|572	|457	|574	|584	|620	|3971	|2927	|2486	|3554	|3090	|2739	|2843	|2811	|2921	|1956	|2180	|3038	|2631	|2122	|2998	|2951	|3822	|3326	|3518	|3051	|3041	|2922	|17899	|2872	|3408	|3256	|3307	|3431	|2956	|2081	|1985	|3005	|2370	|2536	|2961	|2852	|4068	|2906	|2108	|3329	|3084	|2521	|3113	|2846	|3948	|2116	|2963	|2488	|2940	|2948	|3164	|0	|3476	|3486	|3299	|3384	|
________________________________________________________
40	|439	|614	|342	|400	|451	|2658	|267	|485	|310	|425	|352	|499	|414	|435	|476	|483	|3189	|2500	|1523	|2965	|2603	|1875	|2658	|2318	|2426	|1615	|1658	|2492	|2167	|1836	|2465	|2434	|1859	|2817	|2870	|2537	|2509	|2503	|2872	|14819	|2869	|2722	|2786	|2799	|2495	|1691	|1589	|2456	|1972	|0	|2400	|2431	|3318	|2517	|1770	|2789	|2494	|2029	|2479	|2478	|1956	|3100	|2468	|2161	|2513	|2421	|0	|2015	|2884	|2847	|2747	|2789	|
________________________________________________________
41	|569	|631	|320	|610	|3015	|442	|464	|441	|369	|576	|346	|575	|516	|534	|0	|646	|3727	|2775	|2080	|3435	|3015	|2074	|2900	|2820	|2809	|1854	|2309	|2882	|2500	|2291	|2932	|2888	|3236	|2951	|3643	|3308	|2809	|2821	|3408	|2869	|17047	|3157	|3261	|3268	|2863	|1996	|1886	|2817	|2277	|0	|2886	|2839	|3899	|2912	|2055	|3180	|2972	|2504	|2886	|2834	|2827	|2606	|3622	|2053	|2797	|2801	|3516	|3067	|2484	|0	|3201	|3234	|
________________________________________________________
42	|388	|572	|308	|386	|536	|531	|441	|0	|256	|518	|514	|516	|385	|2719	|392	|585	|3507	|2556	|2088	|3280	|2765	|2367	|2705	|2650	|2633	|1668	|1713	|2620	|2344	|1790	|2719	|2660	|2880	|2650	|2271	|3150	|2734	|2681	|3256	|2722	|3157	|16112	|3066	|3097	|2632	|1745	|1966	|2763	|2099	|2168	|2596	|2589	|3602	|2671	|1959	|3007	|2594	|0	|2738	|2720	|2613	|2392	|2204	|3206	|2724	|2784	|3398	|2872	|0	|2351	|3029	|3080	|
________________________________________________________
43	|499	|621	|297	|470	|589	|509	|423	|534	|383	|498	|353	|699	|2415	|433	|563	|415	|3694	|2744	|1987	|3370	|2922	|2343	|2837	|2697	|2728	|1851	|1943	|2798	|2415	|1839	|2799	|2760	|3123	|2774	|3178	|2872	|3216	|3192	|3307	|2786	|3261	|3066	|16641	|3232	|2733	|1915	|1796	|2773	|2272	|2094	|2762	|2710	|3739	|2757	|2018	|3105	|2820	|0	|2795	|2757	|2836	|2483	|2706	|2381	|3548	|2327	|3501	|3003	|3118	|3217	|2333	|0	|
________________________________________________________
44	|546	|571	|269	|485	|553	|481	|404	|532	|245	|512	|418	|540	|494	|557	|602	|0	|3682	|2761	|2069	|3305	|2887	|2320	|2820	|2693	|2746	|1823	|2037	|2834	|2517	|2160	|2706	|2793	|3066	|2823	|3234	|2863	|1967	|3218	|3431	|2799	|3268	|3097	|3232	|16722	|2757	|1920	|1824	|2800	|2244	|2192	|2761	|2796	|3721	|2729	|2199	|3168	|2852	|2593	|2748	|2738	|2799	|2486	|2822	|2357	|2348	|3725	|3525	|3002	|3170	|3250	|0	|2376	|
________________________________________________________
45	|0	|745	|380	|530	|545	|483	|411	|582	|219	|452	|463	|629	|385	|450	|493	|522	|3162	|0	|2476	|3781	|3193	|2288	|3077	|3086	|3249	|1208	|1958	|2737	|2363	|1834	|2744	|2751	|3078	|2719	|3138	|2861	|2786	|2665	|2956	|2495	|2863	|2632	|2733	|2757	|16598	|2360	|2212	|3171	|2549	|2115	|3132	|3124	|4297	|3311	|2179	|3198	|2863	|2088	|2741	|2725	|2816	|2470	|2674	|2314	|2697	|2750	|3122	|2574	|2908	|2812	|2761	|2666	|
________________________________________________________
46	|273	|478	|1743	|336	|393	|335	|259	|390	|324	|334	|311	|372	|274	|322	|328	|336	|0	|1487	|0	|2670	|2231	|1638	|2132	|2060	|1518	|1822	|1332	|2009	|1637	|1285	|1968	|1923	|2143	|1907	|2203	|1902	|1996	|1919	|2081	|1691	|1996	|1745	|1915	|1920	|2360	|11480	|1283	|2205	|1698	|1472	|2168	|2155	|1973	|2359	|1277	|2187	|1941	|1467	|1874	|1883	|1937	|1743	|1996	|1599	|1981	|1995	|2151	|1795	|1941	|1863	|1923	|1838	|
________________________________________________________
47	|0	|0	|182	|319	|409	|351	|304	|350	|254	|400	|349	|420	|277	|336	|486	|343	|2973	|0	|1268	|0	|2306	|1581	|2032	|1998	|1780	|1164	|1518	|1827	|1778	|1224	|1836	|1764	|2503	|0	|0	|2351	|2041	|1979	|1985	|1589	|1886	|1966	|1796	|1824	|2212	|1283	|11077	|1908	|1806	|1558	|2048	|2037	|2528	|1859	|1509	|1929	|2061	|1392	|1851	|1911	|2294	|1620	|1780	|1986	|2060	|2048	|2031	|1778	|1661	|2123	|1814	|1783	|
________________________________________________________
48	|652	|514	|302	|2792	|0	|494	|444	|584	|340	|583	|375	|694	|303	|451	|570	|550	|4233	|3108	|0	|2892	|0	|2509	|3139	|3018	|2738	|1779	|1999	|3445	|1922	|1775	|2722	|2756	|3032	|2764	|3263	|2909	|2857	|2813	|3005	|2456	|2817	|2763	|2773	|2800	|3171	|2205	|1908	|16730	|2674	|2372	|3134	|3224	|3787	|2779	|1946	|3748	|3465	|2177	|2858	|2800	|2853	|2631	|2792	|2325	|2879	|2743	|3092	|2678	|2664	|2869	|2709	|2775	|
________________________________________________________
49	|523	|0	|281	|469	|308	|417	|2145	|403	|286	|320	|289	|319	|460	|358	|478	|422	|3327	|2447	|1987	|0	|1803	|0	|2528	|2443	|2294	|1381	|1809	|1741	|2618	|1448	|2238	|2153	|2394	|2115	|2623	|2211	|2165	|2115	|2370	|1972	|2277	|2099	|2272	|2244	|2549	|1698	|1806	|2674	|13323	|1460	|2498	|2485	|3002	|2202	|1632	|1921	|2715	|1496	|2322	|2191	|2207	|1992	|2217	|1838	|2176	|2181	|2508	|2145	|2286	|2238	|2247	|2140	|
________________________________________________________
50	|408	|514	|215	|408	|0	|0	|213	|354	|220	|307	|254	|393	|289	|364	|418	|353	|2893	|2100	|1524	|2753	|0	|1272	|0	|2255	|1914	|1204	|1313	|1876	|1595	|1449	|1862	|2121	|2365	|1910	|2228	|1954	|1969	|1837	|2536	|0	|0	|2168	|2094	|2192	|2115	|1472	|1558	|2372	|1460	|11458	|2005	|2265	|2625	|1909	|1369	|2143	|1940	|1770	|1653	|2119	|2216	|1511	|1947	|1611	|1927	|1868	|2545	|1803	|1969	|2403	|2077	|2156	|
________________________________________________________
51	|605	|684	|344	|557	|585	|357	|358	|2989	|317	|466	|393	|563	|411	|570	|459	|573	|4129	|3067	|2259	|3688	|3240	|0	|2136	|0	|2812	|1750	|1930	|2711	|2431	|1782	|3643	|2333	|3043	|2769	|3283	|2878	|2707	|2775	|2961	|2400	|2886	|2596	|2762	|2761	|3132	|2168	|2048	|3134	|2498	|2005	|16635	|3360	|3716	|2713	|1999	|3135	|2853	|2032	|3279	|3067	|2765	|2511	|2767	|2363	|2779	|2741	|3041	|2689	|2989	|2634	|2660	|2687	|
________________________________________________________
52	|634	|684	|352	|550	|609	|0	|414	|607	|325	|434	|351	|581	|436	|350	|489	|341	|4104	|3142	|2311	|3820	|3367	|2539	|0	|1340	|2791	|1840	|1979	|2699	|2432	|2082	|2412	|3704	|3055	|2735	|3210	|2818	|2792	|2691	|2852	|2431	|2839	|2589	|2710	|2796	|3124	|2155	|2037	|3224	|2485	|2265	|3360	|16692	|3685	|2793	|1999	|3161	|2795	|2093	|1947	|3156	|2786	|2569	|2827	|2205	|2753	|2767	|2938	|2640	|2846	|2851	|2647	|2612	|
________________________________________________________
53	|605	|885	|295	|623	|680	|600	|495	|666	|0	|801	|577	|904	|588	|655	|745	|791	|5465	|3139	|2986	|4560	|3832	|2826	|3717	|3733	|3153	|0	|3271	|4197	|3630	|2833	|4344	|4228	|4119	|3723	|4315	|3895	|3706	|3728	|4068	|3318	|3899	|3602	|3739	|3721	|4297	|1973	|2528	|3787	|3002	|2625	|3716	|3685	|22542	|4298	|3123	|4909	|4360	|3082	|4299	|4318	|3875	|3315	|3735	|3159	|3722	|3780	|4166	|3577	|3894	|3777	|3757	|3738	|
________________________________________________________
54	|650	|650	|396	|432	|491	|444	|369	|501	|205	|601	|2304	|588	|456	|495	|545	|583	|3255	|3285	|2160	|3468	|2878	|2175	|2780	|2754	|0	|1178	|0	|3196	|2751	|2060	|3124	|3194	|3048	|2829	|3272	|2848	|2864	|2704	|2906	|2517	|2912	|2671	|2757	|2729	|3311	|2359	|1859	|2779	|2202	|1909	|2713	|2793	|4298	|16672	|2022	|3554	|3237	|2304	|3202	|3127	|2856	|2556	|2707	|2304	|2809	|2689	|3130	|2634	|2853	|2803	|2829	|2715	|
________________________________________________________
55	|503	|461	|235	|414	|385	|297	|255	|375	|0	|0	|290	|385	|337	|386	|392	|376	|2796	|1995	|1670	|2437	|2081	|1486	|1993	|2029	|2420	|0	|1195	|0	|2057	|1553	|2327	|2250	|2405	|2232	|2910	|0	|0	|2333	|2108	|1770	|2055	|1959	|2018	|2199	|2179	|1277	|1509	|1946	|1632	|1369	|1999	|1999	|3123	|2022	|11994	|2341	|2450	|1752	|2174	|2297	|2257	|2032	|2377	|1719	|1982	|2399	|2261	|1866	|2079	|1927	|1767	|2142	|
________________________________________________________
56	|517	|833	|299	|632	|535	|553	|278	|551	|454	|419	|430	|3422	|0	|596	|646	|654	|4147	|3040	|2269	|4408	|2711	|2541	|3114	|3064	|3499	|2309	|0	|2555	|0	|2504	|3564	|3460	|3449	|3196	|3385	|3229	|3213	|2975	|3329	|2789	|3180	|3007	|3105	|3168	|3198	|2187	|1929	|3748	|1921	|2143	|3135	|3161	|4909	|3554	|2341	|18680	|3897	|2695	|3580	|3520	|3155	|2869	|2902	|2816	|3422	|2950	|3480	|2961	|3137	|3213	|3015	|3065	|
________________________________________________________
57	|551	|538	|316	|558	|653	|456	|429	|508	|389	|0	|473	|749	|294	|546	|2918	|529	|3733	|2773	|1989	|3008	|3520	|2156	|2820	|2818	|3203	|2071	|2383	|0	|1683	|0	|3205	|3318	|2968	|2817	|3298	|2929	|2836	|2682	|3084	|2494	|2972	|2594	|2820	|2852	|2863	|1941	|2061	|3465	|2715	|1940	|2853	|2795	|4360	|3237	|2450	|3897	|17042	|2277	|3335	|3350	|2806	|2490	|2795	|2380	|2899	|2740	|3225	|2710	|2965	|2918	|2826	|2786	|
________________________________________________________
58	|445	|466	|221	|504	|462	|333	|297	|446	|267	|420	|318	|524	|0	|0	|384	|375	|2682	|2080	|1505	|2633	|2128	|1699	|1983	|1944	|2396	|1472	|1672	|2452	|0	|1166	|0	|2510	|2258	|2026	|2611	|2102	|2094	|1982	|2521	|2029	|2504	|0	|0	|2593	|2088	|1467	|1392	|2177	|1496	|1770	|2032	|2093	|3082	|2304	|1752	|2695	|2277	|12297	|2150	|2414	|2061	|1825	|2245	|1537	|2025	|2016	|2548	|2232	|2501	|2077	|2031	|2435	|
________________________________________________________
59	|537	|624	|277	|449	|490	|543	|357	|579	|354	|517	|454	|637	|530	|357	|491	|3016	|3668	|2808	|2032	|3359	|2866	|2042	|3447	|2414	|3223	|1985	|2123	|3158	|2813	|0	|2063	|0	|3104	|2823	|3257	|2901	|2895	|2761	|3113	|2479	|2886	|2738	|2795	|2748	|2741	|1874	|1851	|2858	|2322	|1653	|3279	|1947	|4299	|3202	|2174	|3580	|3335	|2150	|16674	|3429	|2862	|2456	|2681	|2400	|2708	|2797	|3122	|2656	|2768	|2794	|3016	|2587	|
________________________________________________________
60	|535	|620	|290	|479	|483	|379	|367	|584	|378	|534	|387	|646	|494	|0	|605	|608	|3679	|2693	|2072	|3308	|2889	|2118	|2352	|3561	|3173	|2046	|2198	|3126	|2844	|2172	|0	|1484	|3120	|2803	|3276	|2890	|2826	|2753	|2846	|2478	|2834	|2720	|2757	|2738	|2725	|1883	|1911	|2800	|2191	|2119	|3067	|3156	|4318	|3127	|2297	|3520	|3350	|2414	|3429	|16785	|2802	|2493	|2860	|2385	|2829	|2797	|3039	|2632	|2917	|2811	|2688	|2775	|
________________________________________________________
61	|745	|0	|336	|626	|459	|346	|435	|593	|377	|532	|432	|621	|422	|465	|460	|496	|3707	|2863	|2491	|3208	|2773	|2126	|2747	|2742	|2750	|1776	|2198	|2809	|2389	|1886	|2834	|2780	|2800	|0	|3732	|3114	|3190	|3173	|3948	|1956	|2827	|2613	|2836	|2799	|2816	|1937	|2294	|2853	|2207	|2216	|2765	|2786	|3875	|2856	|2257	|3155	|2806	|2061	|2862	|2802	|16773	|2867	|3217	|2658	|3170	|3117	|3628	|3146	|2856	|2790	|2686	|2725	|
________________________________________________________
62	|592	|515	|1743	|434	|472	|557	|371	|410	|344	|478	|361	|571	|336	|395	|416	|463	|3334	|2510	|0	|3024	|2519	|1900	|2535	|2551	|2404	|1611	|1972	|2476	|2086	|1598	|2516	|2528	|0	|2250	|3388	|2919	|2887	|2879	|2116	|3100	|2606	|2392	|2483	|2486	|2470	|1743	|1620	|2631	|1992	|1511	|2511	|2569	|3315	|2556	|2032	|2869	|2490	|1825	|2456	|2493	|2867	|15069	|2919	|2438	|2872	|2914	|1917	|2813	|2612	|2480	|2495	|2430	|
________________________________________________________
63	|489	|725	|312	|2792	|655	|431	|344	|601	|399	|0	|434	|667	|431	|364	|541	|492	|3654	|2722	|0	|3292	|2872	|2070	|2675	|2699	|2786	|1801	|2497	|2847	|2577	|1853	|2663	|2814	|3485	|3164	|2925	|0	|3104	|3060	|2963	|2468	|3622	|2204	|2706	|2822	|2674	|1996	|1780	|2792	|2217	|1947	|2767	|2827	|3735	|2707	|2377	|2902	|2795	|2245	|2681	|2860	|3217	|2919	|16491	|2662	|3102	|3194	|3031	|2663	|3279	|3212	|2668	|2710	|
________________________________________________________
64	|0	|636	|327	|446	|382	|469	|326	|281	|333	|344	|2304	|540	|340	|536	|476	|383	|3073	|2276	|2154	|2852	|2461	|1959	|2357	|2300	|2406	|1538	|0	|2305	|1924	|1568	|2374	|2321	|2879	|2652	|0	|2082	|2738	|2628	|2488	|2161	|2053	|3206	|2381	|2357	|2314	|1599	|1986	|2325	|1838	|1611	|2363	|2205	|3159	|2304	|1719	|2816	|2380	|1537	|2400	|2385	|2658	|2438	|2662	|14154	|2753	|2714	|2624	|2295	|1608	|2802	|2361	|2396	|
________________________________________________________
65	|591	|716	|344	|533	|480	|427	|348	|445	|290	|603	|397	|3422	|521	|449	|493	|585	|3693	|2784	|2302	|3446	|2837	|2083	|2761	|2774	|2793	|1762	|0	|2765	|2343	|1737	|2761	|2718	|3460	|3112	|3620	|3388	|2549	|0	|2940	|2513	|2797	|2724	|3548	|2348	|2697	|1981	|2060	|2879	|2176	|1927	|2779	|2753	|3722	|2809	|1982	|3422	|2899	|2025	|2708	|2829	|3170	|2872	|3102	|2753	|16737	|3085	|3111	|2590	|2741	|2791	|3127	|3158	|
________________________________________________________
66	|621	|716	|354	|560	|467	|438	|349	|502	|0	|637	|448	|610	|313	|526	|482	|326	|3649	|2754	|2326	|3391	|2836	|2014	|2767	|2684	|2726	|1736	|2484	|2886	|2315	|2035	|2702	|2735	|3403	|3216	|3595	|3266	|0	|2482	|2948	|2421	|2801	|2784	|2327	|3725	|2750	|1995	|2048	|2743	|2181	|1868	|2741	|2767	|3780	|2689	|2399	|2950	|2740	|2016	|2797	|2797	|3117	|2914	|3194	|2714	|3085	|16634	|3059	|2660	|2853	|2922	|1905	|3151	|
________________________________________________________
67	|630	|607	|251	|523	|651	|0	|485	|674	|357	|556	|422	|658	|496	|562	|637	|610	|4141	|2975	|2566	|3790	|3228	|2793	|3021	|2978	|3097	|1989	|2228	|3088	|2715	|2262	|2981	|3022	|4279	|2739	|3593	|3193	|3091	|3070	|3164	|0	|3516	|3398	|3501	|3525	|3122	|2151	|2031	|3092	|2508	|2545	|3041	|2938	|4166	|3130	|2261	|3480	|3225	|2548	|3122	|3039	|3628	|1917	|3031	|2624	|3111	|3059	|18457	|3358	|3690	|3555	|3414	|3533	|
________________________________________________________
68	|510	|727	|346	|462	|526	|339	|2145	|468	|301	|434	|378	|507	|449	|492	|538	|534	|3592	|2645	|1910	|3129	|2687	|0	|2594	|2647	|2604	|1692	|1887	|2650	|2292	|1973	|2685	|2604	|2519	|3503	|3118	|2658	|2725	|2692	|0	|2015	|3067	|2872	|3003	|3002	|2574	|1795	|1778	|2678	|2145	|1803	|2689	|2640	|3577	|2634	|1866	|2961	|2710	|2232	|2656	|2632	|3146	|2813	|2663	|2295	|2590	|2660	|3358	|15847	|3113	|3028	|2911	|2957	|
________________________________________________________
69	|689	|610	|278	|539	|454	|518	|369	|2989	|357	|458	|273	|555	|514	|0	|605	|620	|3837	|2830	|2051	|3442	|2963	|0	|2718	|2739	|2808	|1834	|2217	|2940	|2502	|2239	|2794	|2821	|3180	|2838	|4073	|2507	|2802	|2784	|3476	|2884	|2484	|0	|3118	|3170	|2908	|1941	|1661	|2664	|2286	|1969	|2989	|2846	|3894	|2853	|2079	|3137	|2965	|2501	|2768	|2917	|2856	|2612	|3279	|1608	|2741	|2853	|3690	|3113	|17034	|3344	|3143	|3100	|
________________________________________________________
70	|500	|597	|323	|549	|0	|551	|441	|541	|328	|645	|480	|557	|506	|427	|2918	|545	|3772	|2754	|2051	|3398	|2863	|2529	|2793	|2741	|2779	|1806	|2045	|2812	|2439	|0	|2832	|2934	|3094	|2748	|2801	|3784	|2817	|2726	|3486	|2847	|0	|2351	|3217	|3250	|2812	|1863	|2123	|2869	|2238	|2403	|2634	|2851	|3777	|2803	|1927	|3213	|2918	|2077	|2794	|2811	|2790	|2480	|3212	|2802	|2791	|2922	|3555	|3028	|3344	|16845	|3183	|3262	|
________________________________________________________
71	|510	|595	|308	|451	|561	|493	|415	|559	|410	|443	|347	|620	|331	|502	|502	|3016	|3605	|2633	|1992	|3225	|2863	|2238	|2783	|2614	|2705	|1781	|1920	|2674	|2363	|0	|2787	|2728	|3020	|2734	|3073	|2798	|3532	|2240	|3299	|2747	|3201	|3029	|2333	|0	|2761	|1923	|1814	|2709	|2247	|2077	|2660	|2647	|3757	|2829	|1767	|3015	|2826	|2031	|3016	|2688	|2686	|2495	|2668	|2361	|3127	|1905	|3414	|2911	|3143	|3183	|16332	|3140	|
________________________________________________________
72	|530	|671	|258	|461	|551	|516	|386	|534	|278	|478	|442	|639	|0	|564	|617	|550	|3598	|2683	|2018	|3360	|2795	|2235	|2739	|2668	|2782	|1752	|2037	|2771	|2456	|2188	|2773	|2684	|2946	|2836	|3098	|2802	|2296	|3504	|3384	|2789	|3234	|3080	|0	|2376	|2666	|1838	|1783	|2775	|2140	|2156	|2687	|2612	|3738	|2715	|2142	|3065	|2786	|2435	|2587	|2775	|2725	|2430	|2710	|2396	|3158	|3151	|3533	|2957	|3100	|3262	|3140	|16407	|
________________________________________________________
