0	|1	|2	|3	|4	|5	|6	|7	|8	|9	|10	|11	|12	|13	|14	|15	|16	|17	|18	|19	|20	|21	|22	|23	|24	|25	|26	|27	|28	|29	|30	|31	|32	|33	|34	|35	|36	|37	|38	|39	|40	|41	|42	|43	|44	|45	|46	|47	|48	|49	|50	|51	|52	|53	|54	|55	|56	|57	|58	|59	|60	|61	|62	|63	|64	|65	|66	|67	|68	|69	|70	|71	|72	|
1	|100	|2,87	|2,18	|2,96	|3,87	|2,84	|2,81	|4,63	|3,45	|2,75	|0	|3,54	|3,02	|2,09	|2,81	|4,02	|25,21	|100	|12,36	|19,83	|20,13	|14,03	|19,23	|18,65	|20,53	|15,36	|13,57	|16,87	|14,96	|11,09	|16,66	|16,38	|21,01	|16,81	|100	|17,71	|19,86	|17,84	|18,35	|14,21	|18,77	|11,52	|17,29	|16,72	|0	|9,55	|0	|20,22	|16,54	|13,81	|17,99	|18,59	|18,74	|21,34	|14,33	|17,56	|17,74	|13,94	|16,48	|15,78	|19,95	|18,53	|14,18	|0	|18,08	|17,23	|19,41	|16,75	|22,46	|15,33	|17,9	|16,96	|
________________________________________________________
2	|2,68	|100	|2,15	|2,82	|3,22	|3,92	|0	|3,78	|1,69	|4,12	|2,88	|4,07	|2,15	|3,11	|2,71	|3,08	|24,31	|17,14	|12	|100	|20,41	|14,77	|19,37	|19,57	|17,79	|8,89	|12,65	|18,66	|11,66	|10,7	|17,28	|17,28	|19,51	|100	|19,17	|21,91	|18,77	|19,11	|20,78	|16,91	|16,85	|16,94	|15,64	|15,64	|19,14	|13,55	|0	|14,65	|0	|12,9	|18,44	|17,84	|24,59	|16,49	|12,85	|21,99	|15,16	|11,89	|16,26	|16,52	|0	|12,76	|19,59	|18,69	|18,97	|17,87	|16,94	|19,9	|17,42	|17,19	|17,31	|16,77	|
________________________________________________________
3	|4,2	|4,43	|100	|2,04	|3,5	|4,9	|3,21	|2,51	|2,86	|3,79	|4,08	|3,55	|2,68	|3,61	|4,25	|3,15	|0	|14,86	|0	|25,58	|20,57	|14,63	|19,87	|20,98	|12,82	|14,57	|13,11	|17,02	|15,97	|10,72	|17,66	|16,84	|0	|16,2	|23,83	|20,63	|19,35	|18,07	|14,74	|20,4	|17,07	|19,11	|15,68	|17,6	|20,45	|100	|9,56	|16,43	|15,56	|11,77	|19,76	|17,95	|16,9	|20,86	|13,81	|17,6	|18,41	|12,59	|17,54	|17,07	|18,3	|100	|17,48	|18,71	|18,07	|19,06	|12,82	|17,37	|16,78	|19,23	|17,89	|16,49	|
________________________________________________________
4	|3,5	|3,57	|1,25	|100	|0	|3,46	|2,86	|4,29	|2,32	|0	|3,14	|3,86	|1,82	|2	|3,89	|4,32	|28,04	|20,07	|0	|16,79	|0	|13,71	|19,68	|20,39	|16,18	|10,89	|14,29	|20,61	|13,11	|11,5	|17,32	|16,54	|22,21	|20,5	|17,04	|0	|18,46	|17,57	|16,54	|14,86	|21,25	|13,68	|15,86	|17	|20,32	|11,57	|10,89	|100	|16,04	|13,46	|19,14	|19	|22,32	|16,89	|14,25	|20,14	|21,25	|17,07	|16,93	|17,11	|19,36	|15,14	|100	|17,89	|16,86	|19,79	|18,86	|16,75	|19,46	|20	|15,25	|16,43	|
________________________________________________________
5	|4,28	|3,81	|2,01	|0	|100	|2,14	|2,21	|3,55	|2,68	|4,15	|2,58	|2,68	|3,55	|2,54	|0	|3,25	|24,72	|18,2	|14,39	|24,16	|100	|11,51	|17,23	|19,91	|16,79	|9,84	|17,06	|19,67	|16,59	|13,38	|17,66	|15,86	|16,46	|16,66	|21,61	|19,3	|15,66	|15,99	|22,01	|15,09	|100	|18,7	|19,3	|19,57	|19,3	|12,68	|13,78	|0	|10,84	|0	|21,78	|20,34	|22,35	|18	|13,18	|16,46	|20,98	|14,35	|17,1	|18,27	|16,59	|15,36	|22,65	|12,01	|15,46	|16,83	|22,28	|18,13	|14,82	|0	|18,97	|18,97	|
________________________________________________________
6	|3,43	|5,07	|3,06	|3,54	|2,33	|100	|2,44	|2,55	|1,75	|3,76	|2,73	|3,54	|2,66	|3,24	|4,59	|5,07	|23,73	|19,54	|12,58	|22,27	|17,24	|11,96	|100	|20,34	|16,66	|10,61	|10,72	|17,64	|13,45	|12,43	|19,18	|11,63	|11,78	|20,78	|16,95	|19,47	|15,9	|16,04	|18,92	|100	|15,6	|19,29	|19,14	|19,14	|18,7	|14,98	|13,31	|21,84	|16,37	|0	|13,38	|0	|23,37	|17,03	|13,01	|20,6	|18,63	|12,8	|21,44	|14,22	|13,23	|21,22	|15,06	|16,62	|15,79	|16,92	|0	|14,25	|20,56	|21,51	|19,39	|18,96	|
________________________________________________________
7	|4,4	|0	|2,6	|3,79	|3,12	|3,17	|100	|2,32	|2,18	|2,7	|2,08	|2,7	|3,98	|3,55	|3,84	|3,36	|24,57	|19,18	|15,58	|0	|13,54	|0	|20,69	|21,97	|14,77	|10,98	|13,73	|13,73	|18,7	|12,12	|16,48	|19,6	|15,2	|22,25	|21,88	|19,41	|17,57	|15,67	|0	|13,26	|19,84	|20,74	|19,37	|18,28	|19,03	|14,54	|15,06	|20,31	|100	|10,75	|16,1	|20,12	|21,88	|19,03	|11,93	|13,49	|20,12	|14,54	|16	|17,19	|19,03	|16,76	|16,24	|14,06	|17,42	|16,81	|20,64	|100	|16,43	|20,55	|19,08	|18,8	|
________________________________________________________
8	|5,07	|4,44	|1,43	|3,98	|3,52	|2,32	|1,63	|100	|2,16	|1,99	|1,29	|2,82	|2,85	|0	|3,71	|4,05	|26,24	|19,64	|14,49	|25,01	|21,82	|0	|13,1	|0	|16,88	|10,65	|13,23	|16,09	|15,66	|12,77	|21,86	|14,46	|20,93	|15,89	|24,05	|13,83	|16,55	|16,45	|22,89	|16,75	|14,69	|0	|17,31	|18,21	|19,73	|13,17	|11,74	|20,33	|13,03	|11,31	|100	|20,83	|23,68	|16,55	|12,4	|17,71	|17,94	|14	|18,64	|19,54	|18,94	|13,53	|19,54	|9,75	|16,05	|16,38	|21,69	|15,62	|100	|19,24	|17,94	|18,41	|
________________________________________________________
9	|6,03	|3,17	|2,59	|3,44	|4,23	|2,54	|2,43	|3,44	|100	|2,06	|1,53	|4,07	|3,6	|2,43	|3,33	|4,28	|17,87	|22,95	|12,53	|18,98	|19,04	|13,59	|16,55	|16,98	|22,79	|100	|12,59	|17,93	|18,61	|12,53	|20,41	|19,04	|19,78	|18,77	|21,68	|15,44	|100	|18,56	|16,92	|14,38	|19,35	|15,23	|19,09	|10,58	|9,84	|14,38	|13,11	|16,66	|15,44	|12,11	|15,34	|15,86	|0	|10,68	|0	|22,79	|18,83	|13,75	|19,99	|19,83	|18,51	|18,72	|22,16	|16,18	|14,49	|0	|19,62	|15,39	|19,09	|15,81	|21,21	|14,7	|
________________________________________________________
10	|3,13	|5,02	|2,24	|0	|4,27	|3,54	|1,96	|2,06	|1,34	|100	|3,13	|3,79	|3,06	|3,3	|0	|3,72	|21,71	|15,42	|15,59	|23,57	|21,03	|17,96	|16,04	|16,96	|19,72	|9,84	|10,67	|100	|18,89	|14,59	|19	|19,82	|19,82	|18,89	|20,89	|100	|16,69	|19,89	|17,86	|14,01	|19,44	|17,83	|16,79	|17,62	|16,45	|11,73	|14,49	|20,27	|9,26	|11,46	|15,42	|15,9	|27,46	|20,72	|0	|15,66	|0	|13,83	|18,07	|20,34	|17,65	|16	|0	|12,32	|20,27	|20,72	|18,75	|15,04	|15,79	|22,13	|16,41	|17	|
________________________________________________________
11	|0	|4,33	|2,97	|3,74	|3,27	|3,18	|1,87	|1,66	|1,23	|3,86	|100	|2,97	|3,06	|3,48	|4,12	|2,63	|17,54	|20,04	|14,48	|19,92	|17,54	|13,38	|16,77	|17,15	|0	|6,62	|0	|20,72	|16,26	|14,65	|18,94	|18,6	|20,64	|19,02	|0	|16,05	|19,79	|21,06	|17,49	|14,61	|14,99	|22	|16,26	|18,56	|17,96	|14,48	|14,01	|18,3	|13,16	|10,96	|17,32	|17,32	|26,11	|100	|10,57	|20,68	|18,9	|12,91	|18,85	|18,94	|18,22	|17,79	|18	|100	|16,05	|20,93	|18,64	|16,18	|10,91	|19,28	|14,52	|19,07	|
________________________________________________________
12	|3,42	|4,21	|1,78	|3,16	|2,34	|2,83	|1,67	|2,48	|2,25	|3,21	|2,05	|100	|0	|2,69	|3,97	|4,12	|23,29	|16,13	|13,41	|24,25	|14,35	|13,15	|16,31	|15,78	|19,84	|13	|0	|13,53	|0	|12,77	|18,82	|19,55	|21,98	|19,17	|21,92	|22,09	|16,28	|0	|17,62	|15,58	|16,39	|16,19	|20,89	|13,71	|16,54	|11,46	|12,16	|19,2	|9,56	|10,99	|16,92	|16,31	|24,58	|16,66	|12,22	|100	|21,39	|13,53	|18,61	|19,52	|18,88	|16,54	|18,44	|15,25	|100	|18,7	|19,87	|15,11	|16,66	|17,21	|20,19	|19,61	|
________________________________________________________
13	|4,06	|3,08	|1,87	|2,07	|4,3	|2,96	|3,41	|3,49	|2,76	|3,61	|2,92	|0	|100	|2,39	|2,64	|3,37	|22,65	|16,72	|12,58	|14,69	|20,86	|13,07	|15,46	|18,18	|20,01	|11,77	|14,25	|20,17	|100	|10,75	|16,76	|20,09	|17,57	|15,67	|20,17	|18,1	|19,07	|18,26	|19,24	|17,49	|21,51	|16,44	|100	|19,24	|15,58	|11,32	|12,99	|12,26	|17,41	|12,09	|14,89	|19,68	|25,69	|18,67	|15,06	|0	|11,16	|0	|19,36	|21,88	|15,87	|15,02	|17,94	|14,04	|22,4	|13,43	|21,67	|17,69	|22,08	|19,81	|13,92	|0	|
________________________________________________________
14	|2,51	|4	|2,26	|2,04	|2,77	|3,24	|2,73	|0	|1,67	|3,49	|2,99	|3,35	|2,15	|100	|2,66	|3,13	|21,59	|17,07	|12,01	|21,08	|17,62	|14,6	|17,69	|16,82	|17,66	|12,56	|11,47	|20,35	|15	|10,78	|100	|21,7	|17,69	|16,13	|13,25	|18,97	|13,58	|19,48	|18,86	|17,51	|18,09	|100	|16,75	|19,29	|15,76	|11,5	|12,63	|16,82	|13	|13,72	|22,32	|14,31	|23,55	|17,84	|14,67	|21,7	|19,15	|0	|11,61	|0	|17,29	|15,03	|14,63	|19,18	|14,89	|20,17	|19,44	|18,17	|0	|14,31	|20,35	|20,35	|
________________________________________________________
15	|3,11	|3,21	|2,44	|3,65	|0	|4,21	|2,71	|3,75	|2,11	|0	|3,24	|4,55	|2,17	|2,44	|100	|2,78	|22,04	|16,09	|12,34	|16,45	|21,4	|14,68	|18,03	|15,35	|18,9	|12,44	|14,85	|0	|10,1	|0	|20,07	|20,7	|18,26	|15,42	|16,52	|24,25	|16,35	|16,02	|19,67	|17,56	|0	|12,91	|20,43	|20,94	|16,52	|10,8	|17,63	|19,3	|15,45	|14,11	|17,42	|16,22	|24,58	|17,93	|13,85	|22,04	|100	|13,31	|17,16	|20,64	|16,09	|14,05	|18,96	|15,59	|15,69	|15,92	|20,87	|17,76	|20,03	|100	|16,92	|20,27	|
________________________________________________________
16	|4,4	|3,61	|1,79	|4,01	|3,21	|4,6	|2,35	|4,04	|2,68	|3,57	|2,05	|4,67	|2,75	|2,85	|2,75	|100	|22,05	|17,08	|12,12	|22,14	|17,61	|13,57	|21,62	|14,83	|18,37	|12,21	|13,64	|20,32	|17,74	|0	|13,04	|0	|17,51	|15,59	|21,38	|16,42	|20,92	|13,04	|20,46	|18,07	|20,95	|20,69	|14	|0	|16,05	|11,59	|11,16	|18,54	|12,51	|12,48	|18,7	|11,22	|26,25	|18,7	|13,54	|21,68	|18,21	|11,72	|100	|21,09	|16,29	|16,52	|18,37	|12,45	|18,64	|10,96	|20,26	|17,91	|21,12	|17,38	|100	|19,79	|
________________________________________________________
17	|3,77	|3,89	|0	|3,55	|3,34	|2,94	|2,35	|3,58	|1,53	|2,85	|1,87	|3,6	|2,52	|2,68	|2,98	|3,01	|100	|18,37	|13,87	|23,08	|19,52	|14,09	|18,93	|18,68	|18,5	|8,23	|12,15	|16,81	|14,7	|11,32	|16,44	|16,87	|17,99	|16,35	|19,17	|17,64	|16,28	|16,61	|17,43	|14,74	|16,96	|16,63	|17,01	|16,67	|14,91	|0	|13,75	|19,06	|14,66	|12,79	|18,93	|18,83	|25,04	|14,83	|12,94	|18,85	|16,87	|11,94	|16,48	|16,85	|16,95	|15,42	|16,76	|13,92	|16,26	|16,7	|18,57	|15,89	|17,55	|16,66	|16,67	|16,68	|
________________________________________________________
18	|19,81	|3,63	|1,53	|3,36	|3,26	|3,21	|2,42	|3,54	|2,6	|2,68	|2,83	|3,3	|2,47	|2,81	|2,88	|3,09	|24,32	|100	|12,24	|23,03	|19,2	|14,33	|19,3	|18,52	|20,08	|14,49	|11,34	|17,29	|14,75	|11,09	|16,64	|16,43	|18,24	|16,59	|19,81	|16,51	|17,01	|16,22	|17,06	|15,2	|16,88	|16,51	|16,54	|16,61	|0	|9,08	|0	|19,32	|15,14	|12,62	|19	|19,23	|18,98	|20,36	|11,81	|19,12	|16,54	|12,09	|16,9	|16,75	|16,66	|15,51	|16,29	|14,12	|16,35	|16,36	|18,67	|15,75	|17,58	|16,84	|17,02	|16,64	|
________________________________________________________
19	|3,33	|3,47	|0	|0	|3,51	|2,81	|2,68	|3,56	|1,93	|3,69	|2,78	|3,74	|2,53	|2,69	|3,01	|2,98	|25,02	|16,67	|100	|20,26	|21,27	|14,9	|18,66	|18,31	|17,46	|8,63	|14,54	|16,56	|14,8	|11,01	|16,94	|16,41	|22,43	|16,51	|19,1	|21,05	|18,46	|18,87	|19,54	|13,07	|16,24	|16,54	|17,53	|16,5	|19,82	|0	|10,05	|0	|16,13	|13,01	|18,32	|18,76	|24,59	|16,59	|13,61	|18,77	|17,32	|11,49	|16,19	|16,89	|21,06	|0	|0	|16,96	|17,79	|18,42	|20,65	|16,17	|17,34	|16,9	|17,11	|16,01	|
________________________________________________________
20	|3,26	|17,62	|2,18	|2,34	|3,59	|3,04	|0	|3,75	|1,79	|3,41	|2,33	|4,13	|1,8	|2,88	|2,45	|3,33	|25,39	|19,13	|12,36	|100	|19,93	|13,97	|18,85	|18,7	|16,75	|10,42	|10,84	|19,34	|11,69	|11,24	|17,29	|16,66	|17,79	|17,62	|18,83	|17,31	|17,09	|16,6	|17,66	|14,72	|17,29	|16,2	|16,5	|16,47	|19,15	|13,52	|0	|13,99	|0	|13,62	|18,85	|18,46	|22,71	|16,92	|11,98	|21,9	|14,8	|12,47	|16,33	|16,73	|16,16	|14,61	|16,85	|14,54	|16,88	|16,43	|18,86	|15,73	|17,49	|17,16	|16,89	|16,95	|
________________________________________________________
21	|3,84	|4,17	|2,04	|0	|17,26	|2,73	|1,65	|3,8	|2,08	|3,53	|2,38	|2,83	|2,97	|2,79	|3,69	|3,07	|24,92	|18,51	|15,06	|23,14	|100	|12,08	|19,32	|19,05	|16,96	|10,92	|12,65	|20,12	|17,38	|11,44	|17,41	|16,66	|17,78	|16,55	|18,94	|17,48	|16,12	|16,55	|17,95	|14,91	|17,26	|16,51	|16,63	|17,16	|18,8	|13,05	|13,84	|0	|10,36	|0	|19,08	|18,81	|22,85	|17,05	|12,16	|16,48	|20,67	|12,06	|17	|17,01	|16,57	|15,02	|16,71	|14,07	|16,02	|16,33	|18,55	|15,53	|17,85	|16,44	|16,66	|17,07	|
________________________________________________________
22	|3,78	|4,26	|2,04	|3,12	|2,8	|2,67	|0	|0	|2,09	|4,25	|2,56	|3,66	|2,62	|3,26	|3,57	|3,34	|25,36	|19,47	|14,87	|22,86	|17,02	|100	|17,4	|19,92	|16,61	|10,8	|12,18	|18,58	|13,08	|13,52	|16,93	|16,28	|17,72	|16,12	|16,83	|19,32	|17	|16,65	|21,65	|15,18	|16,59	|20,15	|18,11	|18,48	|18,57	|12,87	|13,52	|19,99	|0	|10,01	|0	|20,29	|22,5	|16,32	|12,04	|20,34	|16,91	|13,2	|16,27	|16,76	|16,32	|14,95	|16,12	|15,67	|16,53	|16,59	|22,02	|0	|0	|20,5	|18,94	|18,48	|
________________________________________________________
23	|3,79	|4,09	|2,03	|3,29	|3,07	|16,36	|2,61	|2,36	|1,87	|2,78	|2,36	|3,33	|2,27	|2,9	|3,22	|3,9	|24,97	|19,23	|13,65	|22,6	|19,97	|12,75	|100	|19,8	|16,6	|11,02	|11,87	|16,55	|14,91	|9,97	|19,78	|12,28	|18,51	|16,42	|19,69	|17,14	|16,49	|16,45	|17,41	|16,36	|17,07	|16,06	|17,25	|16,76	|18,88	|13,41	|12,56	|18,85	|15,11	|0	|13,63	|0	|22,54	|17,01	|12,44	|19,26	|17,43	|11,73	|20,81	|14,75	|16,96	|15,23	|16,68	|14,19	|15,92	|16,79	|18,02	|16,21	|17,25	|16,73	|17,57	|16,95	|
________________________________________________________
24	|3,72	|4,17	|2,17	|3,44	|3,58	|3,36	|2,79	|0	|1,93	|2,97	|2,43	|3,25	|2,7	|2,78	|2,76	|2,7	|24,88	|18,63	|13,52	|22,64	|19,87	|14,74	|20	|100	|16,48	|10,57	|12,11	|16,9	|14,67	|13,06	|18,81	|18,87	|18,01	|16,35	|19,02	|17,03	|17,22	|16,8	|16,84	|15,1	|16,84	|15,71	|16,59	|16,57	|19,05	|12,92	|12,17	|18,53	|14,88	|13,83	|0	|7,93	|22,48	|16,68	|12,23	|18,79	|16,33	|12,02	|14,55	|21,48	|16,43	|15,71	|16,86	|14,49	|15,74	|16,49	|18,18	|16,11	|17,09	|16,72	|16,73	|16,8	|
________________________________________________________
25	|4,09	|3,79	|1,33	|2,73	|3,02	|2,75	|1,88	|3,07	|2,6	|3,45	|0	|4,09	|2,97	|2,92	|3,4	|3,34	|24,65	|20,2	|12,9	|20,29	|17,7	|12,29	|16,76	|16,48	|100	|14,24	|14,17	|19,27	|16,74	|12,82	|19,17	|19,13	|18,24	|16,39	|19	|17,33	|16,05	|16,34	|17,77	|14,94	|17,27	|15,84	|16,44	|16,34	|20,13	|9,06	|10,97	|16,17	|13,05	|11,62	|16,7	|16,18	|19,01	|0	|14,21	|21,63	|18,79	|13,54	|18,55	|19,28	|15,98	|15,12	|16,64	|14,53	|15,7	|16,42	|19,04	|15,75	|17,61	|17,14	|16,64	|16,58	|
________________________________________________________
26	|4,77	|2,96	|2,35	|2,86	|2,76	|2,73	|2,18	|3,01	|17,74	|2,68	|1,46	|4,17	|2,72	|3,24	|3,49	|3,46	|17,07	|22,7	|9,93	|19,65	|17,74	|12,45	|17,33	|16,46	|22,18	|100	|11,82	|18,86	|16,02	|12,91	|19,8	|19,4	|17,85	|16,63	|19,17	|16,62	|17,74	|16,59	|17,5	|15	|16,84	|16,54	|16,55	|16,47	|10,4	|16,07	|11,23	|16,78	|13,5	|11,35	|16,48	|16,34	|0	|10,77	|0	|22,52	|19,78	|13,85	|19,12	|19,08	|16,44	|14,91	|16,92	|14,19	|16,27	|16,37	|18,64	|15,61	|16,87	|16,61	|16,35	|16,47	|
________________________________________________________
27	|3,82	|3,81	|1,92	|3,41	|4,34	|2,5	|2,47	|3,4	|2,03	|2,64	|0	|0	|2,99	|2,68	|3,78	|3,51	|22,88	|16,13	|15,18	|18,56	|18,65	|12,75	|16,94	|17,12	|20,03	|10,73	|100	|16,78	|17,91	|13,7	|17,93	|17,74	|20,46	|18,6	|22,2	|17,11	|16,71	|20,2	|17,71	|14,4	|18,77	|14,04	|16,66	|17,44	|16,36	|11,32	|12,91	|16,42	|15,22	|11,27	|16,39	|16,39	|28,15	|0	|10,72	|0	|20,32	|13,95	|18,13	|18,64	|19,57	|16,53	|20,33	|0	|0	|21,02	|19,28	|16,09	|19,94	|17,68	|16,27	|16,9	|
________________________________________________________
28	|3,32	|3,93	|1,74	|3,43	|3,5	|2,88	|1,73	|2,89	|2,02	|17,29	|2,9	|2,75	|2,96	|3,33	|0	|3,65	|22,11	|17,17	|12,08	|23,13	|20,74	|13,58	|16,51	|16,69	|19,04	|11,96	|11,73	|100	|18,29	|13,73	|19	|18,87	|17,89	|16,38	|18,95	|17,29	|16,76	|16,26	|17,85	|14,51	|16,87	|16,15	|16,56	|17,09	|16,4	|11,57	|11,27	|20,38	|10,57	|11,16	|16,36	|16,94	|25,21	|18,77	|0	|15,38	|0	|14,09	|18,97	|19,39	|16,89	|15	|16,23	|14,19	|16,13	|16,54	|18,33	|15,99	|17,66	|17,13	|16,21	|17,22	|
________________________________________________________
29	|3,36	|2,8	|1,86	|2,49	|3,36	|2,5	|2,68	|3,2	|2,39	|3,72	|2,6	|0	|16,7	|2,79	|2,05	|3,63	|22,04	|16,7	|12,3	|15,93	|20,41	|10,9	|16,94	|16,51	|18,84	|11,58	|14,26	|20,84	|100	|11,52	|20,01	|19,37	|17,85	|16,03	|19,89	|17,35	|15,83	|15,81	|17,26	|14,88	|16,7	|16,34	|16,7	|17,28	|16,66	|10,76	|12,3	|13,07	|17,78	|11,26	|16,47	|17,14	|25,24	|19,03	|14,89	|0	|11,33	|0	|18,72	|18,59	|16,41	|15,17	|17,83	|13,51	|15,79	|16,51	|18,7	|15,45	|17,83	|16,76	|16,05	|17,17	|
________________________________________________________
30	|3,27	|3,37	|1,64	|2,86	|3,56	|3,03	|2,28	|3,43	|2,11	|3,77	|3,07	|3,89	|2,36	|2,63	|0	|0	|22,28	|16,48	|12,01	|20,1	|17,62	|14,79	|14,88	|19,29	|18,93	|12,24	|14,31	|20,53	|15,12	|100	|17,82	|20,54	|17,44	|16,17	|18,98	|17,39	|14,44	|18,22	|19,43	|17,32	|20,61	|16,25	|16,33	|19,99	|17,05	|11,24	|11,69	|16,99	|13,52	|12,88	|16,53	|18,29	|25,78	|19,24	|14,28	|22,5	|0	|10,62	|0	|20,62	|17,08	|15,02	|16,67	|14,84	|16,35	|18,86	|20,93	|17,75	|20,78	|0	|0	|20,12	|
________________________________________________________
31	|3,25	|3,61	|1,79	|2,86	|3,11	|3,1	|2,05	|3,89	|2,28	|3,26	|2,63	|3,8	|2,44	|16,2	|3,54	|2,32	|21,45	|16,4	|12,25	|20,51	|17,79	|12,28	|19,56	|18,43	|18,77	|12,45	|12,42	|18,84	|17,41	|11,82	|100	|21,36	|18,62	|16,58	|18,98	|17,04	|16,76	|16,19	|17,53	|15,08	|17,07	|16,2	|16,36	|16,53	|16,44	|11,47	|11,07	|16,67	|13,26	|11,39	|21,54	|14,2	|25,32	|19,05	|13,9	|21,2	|19,31	|0	|12,03	|0	|16,87	|15,27	|17,01	|14,37	|16,08	|17,03	|18,34	|15,78	|17,31	|16,76	|16,32	|16,3	|
________________________________________________________
32	|3,24	|3,66	|1,73	|2,77	|2,84	|1,91	|2,48	|2,61	|2,15	|3,45	|2,62	|4	|2,96	|3,57	|3,7	|0	|22,32	|16,41	|12,04	|20,03	|17,26	|11,97	|12,31	|18,74	|19	|12,37	|12,47	|18,97	|17,1	|13,81	|21,66	|100	|18,69	|16,67	|18,93	|17,72	|16,49	|16,67	|17,21	|15,12	|16,68	|16	|16,35	|16,37	|16,89	|11,54	|11,22	|16,68	|13,29	|12,22	|14,29	|21,65	|26,36	|18,8	|13,68	|21,19	|18,97	|14,44	|0	|8,59	|16,72	|15,04	|16,6	|14,45	|16,44	|16,89	|18,23	|16,03	|17,57	|17,2	|16,5	|16,73	|
________________________________________________________
33	|3,82	|3,8	|0	|3,42	|2,7	|1,78	|1,76	|3,47	|2,06	|3,17	|2,67	|4,13	|2,38	|2,67	|3	|2,91	|21,87	|16,75	|15,12	|19,66	|16,92	|11,97	|17,06	|16,44	|16,64	|10,46	|13,21	|16,53	|14,47	|10,77	|17,35	|17,18	|100	|18,42	|21,37	|19,53	|18,8	|18,9	|20,91	|10,38	|16,29	|16,48	|16,79	|16,8	|16,85	|11,61	|13,44	|16,23	|12,87	|12,87	|16,46	|16,81	|22,81	|16,61	|13,37	|19,2	|16,7	|11,81	|16,37	|16,7	|15,08	|0	|18,95	|16,23	|19,08	|19,01	|23,25	|13,87	|17,37	|17,36	|16,46	|16,67	|
________________________________________________________
34	|3,35	|21,35	|1,68	|3,46	|3	|3,44	|2,83	|2,89	|2,14	|3,31	|2,7	|3,95	|2,33	|2,67	|2,78	|2,84	|21,8	|16,7	|12,21	|21,35	|17,28	|11,94	|16,6	|16,37	|16,41	|10,69	|13,17	|16,6	|14,26	|10,95	|16,95	|16,8	|20,21	|100	|22,01	|19,51	|18,37	|18,97	|20	|17,14	|17,05	|16,07	|15,98	|16,51	|16,67	|11,42	|0	|16,8	|12,93	|10,86	|16,31	|16,42	|22,49	|16,73	|13,52	|19,36	|16,96	|12,04	|16,46	|16,89	|0	|13,53	|19,38	|16,29	|18,98	|18,7	|16,46	|20,64	|17,19	|16,63	|16,72	|17,22	|
________________________________________________________
35	|17,28	|3,55	|2,14	|2,49	|3,37	|2,43	|2,41	|3,79	|2,14	|3,17	|0	|3,92	|2,6	|1,9	|2,58	|3,37	|22,14	|17,28	|12,24	|19,78	|17,13	|10,8	|17,24	|16,5	|16,48	|10,67	|13,62	|16,64	|15,33	|11,14	|16,8	|16,53	|20,31	|19,07	|100	|18,75	|18,53	|18,52	|17,35	|14,79	|19,41	|11,62	|16,33	|16,51	|16,86	|11,4	|0	|16,48	|13,77	|11,46	|16,79	|16,5	|22,68	|17,07	|15,15	|18,23	|17,44	|13,48	|16,78	|16,62	|19,2	|17,24	|15,09	|0	|18,51	|18,9	|18,76	|16,28	|21,51	|14,56	|16,74	|17,08	|
________________________________________________________
36	|3,39	|4,49	|2,05	|0	|3,34	|3,09	|2,37	|2,41	|1,69	|16,82	|2,19	|4,37	|2,58	|3,01	|4,2	|2,87	|22,58	|15,95	|14,93	|20,14	|17,52	|13,74	|16,63	|16,36	|16,65	|10,25	|11,63	|16,82	|14,81	|11,31	|16,71	|17,14	|20,56	|18,73	|20,77	|100	|19,47	|19,07	|17,78	|14,93	|18,87	|18,91	|16,54	|16,64	|16,73	|11,1	|13,93	|16,96	|13,24	|11,47	|16,41	|16,39	|22,78	|16,9	|0	|19,29	|17,16	|12,16	|16,61	|16,69	|18,53	|16,65	|0	|12,64	|19,04	|19,3	|19,11	|15,69	|14,67	|22,62	|16,68	|16,94	|
________________________________________________________
37	|3,96	|4,01	|2	|3,12	|2,82	|2,63	|2,24	|3,01	|11,41	|2,93	|2,81	|3,36	|2,83	|2,25	|2,95	|3,81	|21,71	|17,14	|13,66	|20,73	|16,84	|12,6	|16,67	|17,24	|16,07	|11,41	|11,84	|16,99	|14,08	|9,79	|17,14	|16,62	|20,63	|18,38	|21,4	|20,29	|100	|18	|17,53	|15,39	|17,1	|16,22	|19,39	|11,51	|16,51	|11,85	|12,48	|16,45	|12,99	|11,35	|16,35	|16,57	|22,13	|16,45	|0	|19,01	|16,89	|12,23	|17,58	|17,21	|19,07	|17,29	|18,5	|16,45	|15,04	|0	|18,84	|15,59	|17,05	|16,59	|21,21	|14,07	|
________________________________________________________
38	|3,54	|4,06	|1,86	|2,95	|2,87	|2,64	|1,99	|2,98	|2,11	|3,47	|2,98	|0	|2,7	|3,21	|2,88	|2,37	|22,05	|16,27	|13,89	|20,04	|17,21	|12,28	|16,56	|16,75	|16,29	|10,62	|14,24	|16,42	|14,01	|12,3	|16,48	|16,73	|20,65	|18,9	|21,28	|19,79	|17,92	|100	|17,45	|15,12	|16,43	|16,31	|18,86	|19,16	|16,78	|11,22	|12,46	|16,49	|12,78	|11,14	|16,32	|16,33	|22,27	|16,29	|14,78	|18,37	|16,87	|12,14	|16,39	|16,3	|18,61	|16,82	|18,55	|16,63	|0	|15,14	|18,61	|15,62	|16,99	|16,62	|13,8	|22,16	|
________________________________________________________
39	|3,45	|4,18	|1,44	|2,63	|3,74	|2,95	|0	|3,92	|1,82	|2,95	|2,34	|3,43	|2,69	|2,95	|3,34	|3,51	|21,91	|16,2	|13,62	|20,18	|17,68	|15,12	|16,59	|15,9	|16,77	|10,6	|11,83	|17,06	|14,47	|12,42	|16,9	|16,36	|21,63	|18,86	|18,88	|17,47	|16,53	|16,52	|100	|16,31	|18,94	|19,08	|19,22	|18,85	|16,68	|11,34	|11,33	|16,67	|13,16	|13,64	|16,66	|16,21	|22,8	|16,98	|11,83	|18,95	|16,78	|13,71	|17,06	|16,66	|22,05	|12,25	|16,49	|14,4	|16,48	|16,69	|17,9	|0	|19,98	|19,45	|18,98	|19,26	|
________________________________________________________
40	|3,12	|3,98	|2,32	|2,76	|2,99	|18,22	|1,86	|3,35	|1,81	|2,7	|2,28	|3,54	|2,86	|3,19	|3,49	|3,63	|21,64	|16,85	|10,64	|19,66	|17,15	|12,38	|18,22	|16,65	|16,47	|10,62	|11,23	|16,2	|14,58	|12,93	|16,97	|16,79	|12,54	|18,89	|18,81	|17,13	|16,94	|16,72	|19,05	|100	|19,12	|18,75	|18,59	|18,91	|16,77	|11,79	|11,33	|16,69	|13,89	|0	|16,59	|16,09	|22,8	|16,87	|11,99	|19,16	|17,54	|13,59	|17,03	|15,9	|13,36	|20,77	|16,13	|14,52	|16,42	|16,32	|0	|13,02	|19,68	|19,36	|19,18	|19,2	|
________________________________________________________
41	|3,65	|3,51	|1,72	|3,5	|17,56	|2,51	|2,46	|2,6	|2,15	|3,32	|2,07	|3,3	|3,11	|2,92	|0	|3,72	|22,03	|16,56	|11,7	|20,42	|17,56	|11,98	|16,81	|16,42	|16,85	|10,54	|12,95	|16,66	|14,47	|13,61	|17	|16,38	|17,4	|16,61	|21,82	|19,16	|16,65	|16,07	|19,57	|16,91	|100	|18,43	|19,09	|18,84	|16,59	|11,43	|11,53	|16,47	|13,2	|0	|16,61	|16,79	|22,23	|17,02	|12,48	|18,69	|17,42	|14,61	|16,61	|17,16	|16,92	|15,22	|21,97	|11,93	|16,27	|16,49	|20,94	|17,97	|15,17	|0	|19,12	|18,89	|
________________________________________________________
42	|2,33	|3,67	|2,01	|2,34	|3,42	|3,24	|2,68	|0	|1,76	|3,17	|3,17	|3,39	|2,48	|16,81	|2,36	|3,83	|22,52	|16,87	|12,42	|19,94	|17,51	|15,15	|16,48	|15,97	|16,1	|10,79	|10,09	|16,62	|14,76	|11,18	|16,81	|16,37	|18,36	|16,31	|13,62	|20	|16,46	|16,63	|20,54	|17,28	|19,2	|100	|19,41	|19,35	|16,19	|11,48	|12,85	|17,04	|13,25	|13,47	|16,84	|16,67	|22,87	|16,47	|12,18	|18,77	|17,3	|0	|16,58	|16,24	|16,45	|14,97	|13,72	|19,54	|16,75	|17,3	|20,85	|18,18	|0	|14,36	|19,43	|19,64	|
________________________________________________________
43	|3,44	|3,34	|1,62	|2,67	|3,47	|3,16	|2,46	|3,14	|2,17	|2,94	|2,31	|4,3	|14,83	|2,77	|3,68	|2,55	|22,65	|16,63	|12,94	|19,97	|17,34	|13,39	|17,41	|16,58	|16,43	|10,62	|11,78	|16,76	|14,83	|11,05	|16,7	|16,46	|18,39	|15,96	|18,82	|17,21	|19,35	|18,91	|20,35	|16,86	|19,57	|19,09	|100	|19,58	|16,52	|11,5	|11,69	|16,45	|13,01	|13,2	|16,01	|16,55	|22,08	|16,2	|11,95	|19	|17,37	|0	|16,42	|16,62	|16,89	|14,8	|16,69	|14,16	|21,24	|14,12	|21	|18,23	|19,67	|19,23	|13,89	|0	|
________________________________________________________
44	|3,32	|3,33	|1,81	|2,86	|3,51	|3,15	|2,32	|3,3	|1,2	|3,08	|2,63	|2,82	|2,85	|3,18	|3,76	|0	|22,16	|16,67	|12,16	|19,9	|17,86	|13,64	|16,88	|16,53	|16,3	|10,55	|12,3	|17,26	|15,31	|13,5	|16,84	|16,44	|18,36	|16,45	|18,98	|17,28	|11,46	|19,17	|19,92	|17,11	|19,27	|19	|19,54	|100	|16,57	|11,6	|11,29	|16,77	|13,48	|13,08	|16,64	|16,49	|22,51	|16,67	|13,34	|18,71	|17,19	|14,24	|16,19	|16,62	|16,98	|15,24	|16,61	|14,21	|13,53	|21,82	|21,36	|18,15	|19,73	|19,24	|0	|14,36	|
________________________________________________________
45	|0	|4,09	|2,12	|3,43	|3,48	|3,1	|2,43	|3,59	|1,12	|2,89	|2,55	|3,42	|2,32	|2,61	|2,98	|2,93	|19,91	|0	|14,68	|23,24	|19,66	|13,78	|19,11	|19,09	|20,18	|6,69	|11,6	|16,64	|14,84	|11,57	|16,82	|17,04	|18,5	|16,69	|19,49	|17,46	|16,53	|16,87	|17,71	|15,25	|17,05	|15,97	|16,57	|16,65	|100	|13,51	|13,38	|18,89	|14,77	|12,64	|19,14	|18,63	|26,98	|20,1	|13,67	|18,68	|17,09	|12,25	|16,81	|16,41	|16,78	|14,98	|16,67	|13,95	|15,57	|16,63	|18,58	|16,05	|17,99	|16,88	|16,2	|16,85	|
________________________________________________________
46	|2,75	|4,18	|14,95	|2,82	|3,3	|3,58	|2,67	|3,46	|2,37	|2,97	|2,97	|3,42	|2,43	|2,75	|2,81	|3,05	|0	|13,22	|0	|23,68	|19,7	|13,77	|19,59	|18,69	|13,11	|14,92	|11,58	|16,95	|13,83	|11	|16,95	|16,81	|18,4	|16,51	|19,01	|16,71	|17,11	|16,28	|17,37	|15,46	|16,95	|16,34	|16,65	|16,82	|19,5	|100	|11,27	|18,13	|14,51	|12,47	|18,95	|18,91	|17,57	|20,24	|10,91	|19,39	|17,09	|12,04	|16,64	|16,71	|16,38	|14,95	|17,68	|14,85	|16,96	|17,22	|18,17	|15,96	|18	|17	|16,81	|16,91	|
________________________________________________________
47	|0	|0	|1,46	|2,72	|3,68	|3,26	|2,84	|3,16	|2,21	|3,76	|2,94	|3,71	|2,85	|3,1	|4,7	|3,01	|27,14	|0	|11	|0	|21,39	|14,82	|18,78	|18,02	|16,24	|10,68	|13,52	|16,9	|16,18	|11,72	|16,74	|16,74	|21,81	|0	|0	|21,48	|18,46	|18,52	|17,78	|15,22	|17,51	|18,72	|17,32	|16,76	|19,77	|11,53	|100	|16,39	|16,29	|13,41	|17,95	|17,89	|22,43	|17,1	|14,54	|17,79	|18,74	|12,36	|16,43	|16	|20,6	|14,99	|16,65	|18,05	|17,36	|18,49	|18,68	|15,87	|15,5	|19,05	|16,08	|16,24	|
________________________________________________________
48	|4,03	|3,13	|1,7	|16,87	|0	|3,61	|2,58	|3,69	|1,9	|3,55	|2,6	|3,96	|1,82	|2,78	|3,48	|3,37	|25,39	|19,43	|0	|16,94	|0	|14,8	|19,03	|18,53	|16,17	|10,78	|11,61	|20,64	|11,61	|11,5	|17,02	|16,79	|17,79	|16,78	|19	|17,65	|16,43	|16,55	|17,66	|15,14	|16,89	|16,77	|16,46	|16,81	|18,85	|12,53	|11,06	|100	|15,89	|13,93	|19,08	|18,26	|22,14	|16,95	|12,03	|22,02	|19,93	|13,18	|16,75	|16,38	|16,22	|15,38	|16,87	|14,69	|16,35	|16,76	|18,59	|16,14	|16,63	|17,21	|16,28	|17,21	|
________________________________________________________
49	|4,13	|0	|2,02	|3,39	|2,45	|3,39	|15,94	|2,97	|2,2	|2,03	|2,34	|2,47	|3,24	|2,69	|3,49	|2,85	|24,47	|19,09	|14,93	|0	|13,55	|0	|19,12	|18,65	|16,35	|10,86	|13,49	|13,41	|19,8	|11,47	|16,97	|16,77	|17,67	|16,18	|19,9	|17,27	|16,25	|16,06	|17,47	|15,78	|16,96	|16,34	|16,31	|16,94	|18,46	|12,57	|13,78	|19,91	|100	|10,86	|18,69	|18,66	|23	|17,25	|12,08	|13,95	|20,44	|11,74	|16,94	|16,32	|16,11	|14,85	|16,41	|13,74	|16,05	|16,42	|18,38	|15,94	|17,15	|16,72	|16,47	|16,49	|
________________________________________________________
50	|4,03	|4,03	|1,78	|3,33	|0	|0	|2	|3,01	|2,02	|2,94	|2,28	|3,32	|2,63	|3,33	|3,73	|3,33	|24,97	|18,6	|14,09	|24,18	|0	|10,86	|0	|20,27	|17,03	|10,68	|11,69	|16,56	|14,66	|12,78	|17,04	|18,03	|20,67	|15,91	|19,36	|17,51	|16,62	|16,39	|21,18	|0	|0	|19,42	|19,35	|19,22	|18,49	|12,63	|13,27	|20,41	|12,7	|100	|17,48	|20,67	|22,01	|16,29	|12,06	|18,4	|16,99	|13,95	|15,11	|18,33	|19,06	|13,17	|16,36	|14,54	|16,27	|17,05	|22,46	|15,84	|17,19	|21,34	|18,73	|18,51	|
________________________________________________________
51	|3,58	|3,93	|2,04	|3,23	|3,92	|2,21	|2,05	|18,17	|1,75	|2,7	|2,46	|3,49	|2,21	|3,69	|3,14	|3,4	|25,22	|19,12	|13,54	|22,84	|19,91	|0	|13,77	|0	|16,7	|10,59	|11,6	|16,57	|14,64	|11,19	|22	|14,39	|18,05	|16,3	|19,36	|17,09	|16,33	|16,38	|17,65	|15,05	|17,04	|16,58	|16,02	|16,69	|19,11	|13,1	|12,12	|19,08	|14,92	|11,93	|100	|19,9	|23,11	|16,64	|12,33	|19,08	|17,3	|12,16	|19,07	|18,61	|16,6	|15,7	|16,7	|14,34	|16,53	|16,48	|18,21	|16,11	|18,17	|16,92	|16,55	|16,63	|
________________________________________________________
52	|3,7	|3,8	|1,85	|3,2	|3,66	|0	|2,56	|3,78	|1,8	|2,78	|2,45	|3,36	|2,92	|2,36	|2,92	|2,04	|25,04	|19,32	|13,84	|22,32	|19,6	|14,99	|0	|7,92	|16,16	|10,48	|11,58	|17,13	|15,21	|12,36	|14,47	|21,76	|18,4	|16,38	|18,99	|17,03	|16,52	|16,35	|17,14	|14,57	|17,19	|16,38	|16,53	|16,5	|18,56	|13,06	|12,06	|18,23	|14,87	|14,08	|19,86	|100	|22,24	|16,86	|11,86	|18,31	|16,97	|11,93	|11,5	|18,83	|16,62	|15,15	|16,92	|14,43	|16,5	|16,34	|17,72	|15,82	|17,42	|16,75	|16,39	|16,31	|
________________________________________________________
53	|2,75	|3,87	|1,29	|2,78	|2,97	|2,85	|2,05	|3,17	|0	|3,54	|2,73	|3,74	|2,81	|2,87	|3,26	|3,52	|24,6	|14,08	|13,39	|20,28	|17,58	|12,28	|16,78	|16,58	|14,02	|0	|14,68	|18,82	|16,54	|12,87	|19,06	|19,57	|18,43	|16,57	|19,28	|17,49	|16,3	|16,47	|17,81	|15,25	|16,81	|16,59	|16,29	|16,64	|19,85	|8,96	|11,17	|16,32	|13,54	|11,07	|17,03	|16,42	|100	|19,81	|13,84	|21,7	|19,62	|13,72	|18,88	|19,33	|16,66	|14,95	|16,47	|14,17	|16,14	|16,31	|18,65	|15,88	|17,63	|16,66	|16,8	|16,56	|
________________________________________________________
54	|4,22	|3,49	|2,14	|2,83	|3,21	|2,79	|2,4	|2,98	|1,21	|3,6	|14,07	|3,41	|2,75	|2,93	|3,2	|3,38	|19,59	|20,32	|12,15	|20,32	|17,64	|11,98	|17,03	|16,54	|0	|6,86	|0	|18,85	|16,77	|12,92	|19,29	|18,78	|18,05	|16,58	|19,52	|17,45	|16,3	|16,21	|17,84	|15,18	|17,31	|16,08	|16,08	|16,57	|19,89	|13,88	|11,45	|16,81	|13,66	|11,02	|16,49	|16,75	|26,65	|100	|12,47	|21,99	|19	|13,82	|19,07	|18,78	|16,91	|15,49	|16,55	|14,07	|16,54	|16,54	|18,75	|16,01	|17,65	|16,54	|16,84	|16,87	|
________________________________________________________
55	|3,9	|3,74	|1,95	|3,28	|3,24	|2,94	|2,07	|3,08	|0	|0	|2,05	|3,44	|3,05	|3,31	|3,4	|3,36	|23,54	|16,22	|13,73	|19,8	|17,33	|12,17	|17,15	|16,69	|19,41	|0	|10,35	|0	|18,06	|13,2	|19,38	|18,81	|20	|18,44	|23,86	|0	|0	|20,24	|17,11	|14,84	|17,48	|16,37	|16,32	|18,26	|18,63	|10,3	|13,4	|16,42	|13,17	|11,23	|16,83	|16,23	|25,62	|17,17	|100	|19,14	|20,08	|14,36	|18,33	|19,12	|18,73	|16,89	|20,3	|14,17	|16,32	|20,02	|18,58	|15,9	|17,43	|16,13	|14,98	|18,98	|
________________________________________________________
56	|3,08	|4,13	|1,6	|2,99	|2,61	|3	|1,51	|2,83	|2,29	|2,42	|2,58	|18,16	|0	|3,16	|3,5	|3,48	|22,13	|16,95	|12,22	|23,37	|15,15	|13,27	|17,14	|16,56	|19,06	|12,74	|0	|13,73	|0	|13,42	|19,08	|18,81	|18,54	|17,04	|18,52	|17,69	|16,73	|16,24	|17,69	|15,32	|16,88	|16,27	|16,75	|16,53	|16,43	|11,82	|10,58	|19,41	|9,81	|11,06	|16,81	|16,16	|25,93	|19,54	|12,35	|100	|20,96	|13,84	|18,99	|19,4	|17,03	|15,21	|15,77	|15,22	|18,16	|16,07	|18,43	|15,69	|16,91	|16,97	|17,01	|16,66	|
________________________________________________________
57	|3,43	|3,14	|1,85	|3,48	|3,67	|2,99	|2,49	|3,17	|2,08	|0	|2,6	|4,28	|1,61	|3,08	|17,49	|3,22	|21,83	|16,17	|12,43	|17,41	|20,95	|12,16	|17,1	|15,86	|18,25	|12,33	|13,96	|0	|9,78	|0	|19,15	|18,55	|17,77	|16,46	|19,54	|17,35	|16,39	|16,44	|17,27	|15,45	|17,35	|16,54	|16,89	|16,74	|16,56	|11,48	|12,29	|19,35	|15,84	|11,26	|16,8	|16,51	|25,85	|18,61	|14,29	|23,1	|100	|12,89	|19,31	|18,27	|16,13	|14,66	|17,28	|14,05	|16,05	|16,19	|18,55	|16,42	|17,58	|17,49	|16,56	|16,28	|
________________________________________________________
58	|3,82	|3,49	|1,79	|3,96	|3,56	|2,91	|2,55	|3,5	|2,16	|3,33	|2,52	|3,84	|0	|0	|3,3	|2,94	|21,9	|16,75	|11,69	|20,79	|17,33	|13,45	|16,31	|16,55	|18,64	|12,24	|13,59	|19,65	|0	|9,9	|0	|20,02	|17,82	|16,57	|21,41	|17,43	|16,81	|16,77	|20	|16,97	|20,63	|0	|0	|19,66	|16,83	|11,46	|11,5	|18,15	|12,91	|13,1	|16,75	|16,46	|25,63	|19,18	|14,48	|21,63	|18,27	|100	|18,4	|20,77	|16,89	|14,92	|18,17	|12,31	|15,88	|15,58	|21,01	|17,3	|20,36	|17,2	|16,69	|20,73	|
________________________________________________________
59	|3,27	|3,46	|1,81	|2,85	|3,07	|3,53	|2,03	|3,38	|2,27	|3,15	|2,67	|3,83	|2,87	|1,92	|3,08	|18,15	|21,9	|16,96	|11,93	|19,73	|17,7	|12,01	|20,96	|14,52	|18,51	|12,25	|12,79	|19,16	|16,59	|0	|12,26	|0	|17,89	|16,41	|19,31	|17,25	|17,51	|16,4	|18,03	|15,41	|16,99	|16,28	|16,39	|16,19	|16,73	|11,48	|11,07	|16,71	|13,49	|10,29	|19,02	|11,49	|25,54	|19,19	|13,39	|21,49	|19,83	|13,33	|100	|21,23	|16,78	|15,78	|16,93	|14,46	|15,95	|15,82	|18,55	|16,04	|16,85	|17,32	|18,15	|16,76	|
________________________________________________________
60	|3,13	|3,51	|1,76	|2,88	|3,28	|2,34	|2,18	|3,54	|2,25	|3,55	|2,68	|4,01	|3,24	|0	|3,7	|3,82	|22,37	|16,79	|12,43	|20,2	|17,69	|12,37	|14,84	|21,42	|19,22	|12,21	|13,14	|19,57	|16,46	|13,92	|0	|8,62	|18,25	|16,82	|19,11	|17,32	|17,14	|16,3	|17,6	|14,37	|17,54	|15,93	|16,58	|16,61	|16,33	|11,52	|10,77	|16,33	|12,99	|12,46	|18,55	|18,81	|26,13	|18,87	|13,96	|21,95	|18,75	|15,03	|21,22	|100	|16,41	|14,88	|17,05	|14,48	|16,19	|16,42	|18,78	|15,24	|17,65	|16,88	|16,44	|16,23	|
________________________________________________________
61	|3,95	|0	|1,88	|3,25	|2,97	|2,17	|2,41	|3,42	|2,1	|3,07	|2,57	|3,87	|2,34	|2,85	|2,88	|2,95	|22,46	|16,67	|15,48	|19,47	|17,2	|12,01	|17,03	|16,35	|15,9	|10,5	|13,77	|17,01	|14,51	|11,5	|17,14	|16,75	|16,43	|0	|22,03	|19,19	|18,95	|18,57	|23,24	|12,06	|17,26	|16,1	|16,81	|16,94	|16,65	|11,26	|13,83	|16,14	|12,79	|12,94	|16,51	|16,55	|22,47	|16,96	|13,64	|19,22	|16,52	|12,2	|16,73	|16,38	|100	|16,47	|18,98	|15,81	|18,24	|18,96	|22,06	|18,87	|17,6	|16,64	|16,32	|16,6	|
________________________________________________________
62	|4,06	|3	|11,37	|2,81	|3,04	|3,86	|2,35	|2,7	|2,35	|3,08	|2,78	|3,75	|2,45	|2,74	|2,78	|3,31	|22,61	|17,17	|0	|19,47	|17,25	|12,18	|16,92	|17,29	|16,64	|10,53	|12,87	|16,71	|14,83	|11,19	|17,16	|16,66	|0	|14,88	|21,88	|19,07	|19	|18,57	|14,28	|20,73	|17,17	|16,21	|16,3	|16,81	|16,44	|11,37	|11,14	|16,93	|13,04	|9,89	|17,27	|16,7	|22,31	|17,19	|13,61	|18,99	|16,61	|11,92	|17,41	|16,43	|18,22	|100	|19,27	|16,49	|18,43	|18,78	|12,89	|18,02	|17,54	|16,83	|17,02	|16,84	|
________________________________________________________
63	|2,81	|4,16	|1,8	|16,8	|4,06	|2,48	|2,06	|3,53	|2,51	|0	|2,54	|3,79	|2,65	|2,41	|3,4	|3,33	|22,23	|16,32	|0	|20,33	|17,37	|11,88	|16,77	|16,8	|16,57	|10,82	|14,33	|16,37	|15,78	|11,24	|17,3	|16,65	|20,69	|19,28	|17,33	|0	|18,4	|18,54	|17,4	|14,57	|22,44	|13,44	|16,64	|16,58	|16,56	|12,17	|11,19	|16,8	|13,04	|11,12	|16,63	|16,88	|22,25	|16,62	|14,81	|17,82	|17,72	|13,14	|16,9	|17,04	|19,01	|17,45	|100	|16,4	|17,96	|18,42	|18,54	|15,68	|20,06	|19,06	|16,62	|16,95	|
________________________________________________________
64	|0	|4,63	|2,25	|3,51	|2,51	|3,19	|2,08	|2,06	|2,14	|2,51	|16,48	|3,65	|2,42	|3,69	|3,26	|2,63	|21,55	|16,51	|14,55	|20,45	|17,05	|13,48	|16,65	|16,84	|16,88	|10,59	|0	|16,69	|13,95	|11,67	|17,05	|16,91	|20,66	|18,91	|0	|15,29	|19,09	|19,38	|17,72	|15,3	|14,21	|22,34	|16,46	|16,56	|16,17	|11,93	|14,16	|17,07	|12,74	|11,52	|16,65	|16,79	|22,33	|16,48	|12,06	|20,06	|16,8	|10,38	|16,84	|16,87	|18,46	|17,41	|19,12	|100	|18,47	|19,03	|18,66	|15,8	|11,64	|19,82	|16,72	|16,87	|
________________________________________________________
65	|3,66	|4,11	|1,9	|2,89	|2,83	|2,65	|2,25	|2,96	|1,68	|3,6	|2,31	|20,94	|3,38	|2,5	|2,87	|3,44	|22,01	|16,7	|13,35	|20,76	|16,98	|12,43	|16,33	|15,99	|15,95	|10,61	|0	|16,59	|14,25	|11,25	|16,68	|16,81	|21,24	|19,27	|21,68	|20,14	|15,25	|0	|17,73	|15,13	|16,95	|16,74	|21,59	|13,78	|15,78	|11,91	|11,91	|16,61	|13,01	|11,28	|16,79	|16,78	|22,24	|16,94	|12,14	|20,94	|16,79	|11,72	|16,24	|16,5	|18,63	|17,01	|18,31	|16,15	|100	|18,36	|18,82	|15,64	|16,73	|16,93	|19,15	|19,04	|
________________________________________________________
66	|3,44	|3,82	|1,97	|3,34	|3,03	|2,8	|2,14	|2,98	|0	|3,63	|2,97	|3,86	|2	|3,34	|2,87	|2	|22,29	|16,48	|13,63	|19,93	|17,06	|12,3	|16,98	|16,52	|16,45	|10,53	|14,9	|16,77	|14,7	|12,79	|17,42	|17,03	|20,87	|18,71	|21,83	|20,12	|0	|15,21	|17,71	|14,83	|16,94	|17,05	|14,15	|21,91	|16,62	|11,92	|12,51	|16,79	|13,13	|11,65	|16,51	|16,39	|22,15	|16,71	|14,68	|18,27	|16,7	|11,33	|15,89	|16,49	|19,09	|17,1	|18,52	|16,41	|18,1	|100	|18,78	|15,98	|16,85	|17	|11,48	|19,45	|
________________________________________________________
67	|3,46	|3,23	|1,18	|2,84	|3,59	|0	|2,35	|3,52	|2	|2,93	|2,36	|3,66	|2,88	|2,88	|3,36	|3,3	|22,11	|16,79	|13,63	|20,42	|17,3	|14,57	|16,27	|16,25	|17,03	|10,7	|12,2	|16,59	|14,86	|12,66	|16,74	|16,41	|22,78	|14,7	|19,34	|17,78	|16,82	|16,69	|16,96	|0	|19,19	|18,34	|18,78	|19,15	|16,57	|11,23	|11,28	|16,62	|13,12	|13,7	|16,28	|15,87	|22,61	|16,9	|12,16	|18,7	|17,07	|13,64	|16,62	|16,84	|19,83	|10,47	|16,64	|14,35	|16,56	|16,76	|100	|18,21	|20,02	|19,21	|18,71	|18,66	|
________________________________________________________
68	|3,5	|4,45	|1,88	|2,96	|3,42	|2,47	|13,34	|2,97	|1,84	|2,76	|2,41	|3,27	|2,75	|3,15	|3,35	|3,42	|22,2	|16,62	|12,52	|19,98	|16,99	|0	|17,17	|16,9	|16,52	|10,51	|11,94	|16,98	|14,39	|12,6	|16,9	|16,93	|15,94	|21,63	|19,68	|17,12	|16,33	|16,43	|0	|12,38	|19,32	|18,76	|19,13	|19,08	|16,79	|11,57	|11,24	|16,92	|13,34	|11,33	|16,89	|16,62	|22,59	|16,93	|12,21	|18,67	|17,73	|13,18	|16,86	|16,04	|19,9	|17,17	|16,5	|14,26	|16,14	|16,72	|21,36	|100	|19,72	|18,9	|18,63	|18,88	|
________________________________________________________
69	|4,32	|3,58	|1,67	|3,17	|2,57	|3,28	|2,02	|17,51	|2,1	|2,67	|1,49	|3,31	|3,16	|0	|3,48	|3,71	|22,54	|17,06	|12,35	|20,43	|17,96	|0	|16,79	|16,48	|16,98	|10,44	|13,6	|17,24	|15,27	|13,57	|17,04	|17,06	|18,35	|16,56	|23,92	|14,73	|16,41	|16,44	|20,41	|17,21	|15	|0	|18,97	|19,07	|17,31	|12	|10,09	|16,04	|13,2	|11,31	|17,51	|16,82	|23,05	|17,16	|12,31	|18,5	|17,45	|14,26	|16,29	|17,08	|17,06	|15,37	|19,42	|9,66	|15,88	|16,22	|21,59	|18,14	|100	|19,35	|18,62	|18,64	|
________________________________________________________
70	|2,99	|3,59	|1,94	|3,3	|0	|3,47	|2,56	|3,41	|1,76	|3,79	|2,67	|3,47	|2,87	|2,31	|17,6	|3,09	|21,69	|16,56	|12,21	|20,32	|16,76	|14,83	|16,51	|16,34	|16,75	|10,42	|12,22	|16,96	|14,55	|0	|16,73	|16,93	|18,59	|16,24	|16,42	|23,02	|16,19	|16,3	|20,14	|17,16	|0	|13,81	|18,81	|18,85	|16,47	|11,49	|12,57	|16,83	|13,05	|14,23	|16,54	|16,4	|22,09	|16,3	|11,55	|18,83	|17,6	|12,21	|16,97	|16,55	|16,36	|14,95	|18,71	|16,67	|16,29	|16,59	|21	|17,62	|19,62	|100	|19,35	|19,33	|
________________________________________________________
71	|3,56	|3,69	|1,85	|2,57	|3,41	|3,2	|2,43	|3,26	|2,41	|2,87	|2,06	|4,16	|2,06	|3,36	|3,05	|18,18	|22,19	|17,11	|12,63	|20,44	|17,37	|14,01	|17,73	|16,72	|16,63	|10,49	|11,5	|16,4	|14,25	|0	|16,66	|16,61	|18,03	|16,69	|19,29	|17,35	|21,17	|13,83	|20,09	|17,39	|19,59	|19,11	|13,89	|0	|16,16	|11,61	|10,85	|16,27	|13,13	|12,77	|16,54	|16,41	|22,77	|16,97	|10,97	|19,29	|17,03	|12,11	|18,18	|16,48	|16,4	|15,46	|16,67	|14,38	|18,83	|11,45	|20,91	|17,75	|19,3	|19,79	|100	|19,2	|
________________________________________________________
72	|3,34	|3,54	|1,68	|2,74	|3,38	|3,1	|2,36	|3,3	|1,65	|2,94	|2,67	|3,99	|0	|3,33	|3,61	|3,56	|21,97	|16,55	|11,69	|20,29	|17,6	|13,52	|16,92	|16,6	|16,39	|10,45	|11,82	|17,23	|15,08	|13,46	|16,45	|16,65	|18,05	|17	|19,47	|17,43	|13,89	|21,97	|20,16	|17,21	|19,14	|19,1	|0	|14,23	|16,62	|11,55	|10,84	|17,01	|13,01	|12,48	|16,43	|16,15	|22,19	|16,81	|13,74	|18,68	|16,56	|14,88	|16,6	|16,09	|16,5	|15,13	|16,82	|14,35	|18,52	|19,19	|20,63	|17,8	|19,11	|19,54	|18,99	|100	|
________________________________________________________
