0	|1	|2	|3	|4	|5	|6	|7	|8	|9	|10	|11	|12	|13	|14	|15	|16	|17	|18	|19	|20	|21	|22	|23	|24	|25	|26	|27	|28	|29	|30	|31	|32	|33	|34	|35	|36	|37	|38	|39	|40	|41	|42	|43	|44	|45	|46	|47	|48	|49	|50	|51	|52	|53	|54	|55	|56	|57	|58	|59	|60	|61	|62	|63	|64	|65	|66	|67	|68	|69	|70	|71	|72	|
1	|3287	|104	|48	|119	|142	|79	|79	|140	|101	|109	|0	|125	|85	|77	|79	|102	|772	|3287	|400	|630	|686	|443	|613	|626	|625	|476	|451	|560	|530	|358	|575	|547	|787	|540	|3287	|634	|607	|601	|618	|461	|640	|393	|533	|552	|0	|308	|0	|666	|540	|426	|612	|601	|658	|670	|486	|582	|536	|466	|550	|505	|665	|543	|508	|0	|623	|577	|654	|541	|696	|503	|545	|561	|
________________________________________________________
2	|104	|3657	|88	|104	|125	|128	|0	|115	|54	|142	|114	|150	|68	|90	|103	|119	|917	|589	|475	|3657	|688	|464	|658	|674	|648	|326	|453	|710	|424	|408	|568	|605	|689	|3657	|647	|747	|679	|665	|709	|651	|589	|628	|607	|619	|782	|490	|0	|545	|0	|494	|659	|660	|882	|639	|462	|778	|545	|438	|654	|598	|0	|489	|709	|639	|685	|710	|612	|816	|601	|605	|594	|598	|
________________________________________________________
3	|48	|88	|1715	|36	|58	|92	|66	|53	|59	|55	|71	|47	|52	|45	|88	|50	|0	|235	|0	|446	|328	|227	|314	|329	|208	|286	|229	|260	|286	|194	|281	|312	|0	|258	|393	|361	|299	|335	|261	|377	|307	|296	|286	|286	|344	|1715	|192	|280	|303	|230	|340	|307	|311	|329	|237	|266	|377	|209	|272	|288	|323	|1715	|279	|332	|304	|350	|234	|331	|260	|333	|286	|263	|
________________________________________________________
4	|119	|104	|36	|2727	|0	|99	|70	|121	|57	|0	|96	|138	|53	|57	|116	|114	|782	|553	|0	|466	|0	|414	|527	|533	|453	|293	|359	|559	|314	|312	|467	|471	|606	|526	|485	|0	|450	|504	|448	|417	|564	|358	|430	|450	|590	|295	|322	|2727	|451	|365	|523	|490	|640	|486	|423	|590	|584	|479	|419	|422	|547	|401	|2727	|466	|540	|517	|476	|431	|505	|524	|445	|464	|
________________________________________________________
5	|142	|125	|58	|0	|2973	|74	|58	|108	|89	|109	|66	|75	|94	|92	|0	|99	|751	|591	|416	|642	|2973	|320	|494	|590	|480	|349	|476	|577	|498	|411	|506	|503	|510	|510	|642	|569	|490	|455	|613	|482	|2973	|548	|579	|527	|559	|396	|401	|0	|306	|0	|575	|585	|625	|506	|335	|496	|624	|415	|476	|517	|447	|435	|676	|358	|473	|492	|649	|559	|460	|0	|552	|557	|
________________________________________________________
6	|79	|128	|92	|99	|74	|2719	|55	|79	|63	|101	|58	|87	|57	|92	|118	|121	|704	|519	|345	|597	|449	|350	|2719	|560	|463	|305	|325	|474	|376	|332	|518	|343	|314	|529	|482	|496	|461	|446	|510	|2719	|420	|534	|513	|553	|503	|345	|334	|535	|446	|0	|325	|0	|647	|425	|332	|538	|484	|351	|602	|373	|354	|584	|458	|467	|441	|424	|0	|369	|589	|602	|528	|498	|
________________________________________________________
7	|79	|0	|66	|70	|58	|55	|2148	|46	|47	|62	|49	|43	|75	|55	|100	|65	|532	|387	|309	|0	|296	|0	|424	|413	|326	|227	|310	|301	|426	|257	|354	|408	|334	|452	|405	|374	|350	|353	|0	|266	|398	|400	|398	|400	|404	|276	|324	|428	|2148	|244	|332	|452	|494	|356	|279	|284	|445	|270	|309	|395	|441	|398	|362	|290	|322	|344	|451	|2148	|380	|462	|412	|391	|
________________________________________________________
8	|140	|115	|53	|121	|108	|79	|46	|2997	|60	|72	|51	|81	|97	|0	|119	|119	|741	|588	|412	|743	|648	|0	|389	|0	|495	|329	|377	|485	|422	|400	|655	|446	|586	|462	|706	|443	|496	|474	|675	|509	|434	|0	|562	|583	|576	|380	|328	|569	|367	|357	|2997	|580	|705	|523	|397	|506	|540	|449	|558	|542	|588	|417	|563	|265	|475	|503	|701	|518	|2997	|586	|560	|553	|
________________________________________________________
9	|101	|54	|59	|57	|89	|63	|47	|60	|1863	|47	|34	|70	|72	|54	|74	|78	|300	|429	|214	|353	|350	|227	|328	|320	|439	|1863	|252	|320	|345	|226	|391	|350	|380	|334	|397	|294	|1863	|340	|327	|272	|372	|272	|351	|239	|211	|287	|242	|324	|295	|203	|297	|287	|0	|182	|0	|449	|398	|245	|373	|347	|367	|315	|386	|316	|261	|0	|338	|284	|355	|315	|381	|251	|
________________________________________________________
10	|109	|142	|55	|0	|109	|101	|62	|72	|47	|2844	|81	|97	|74	|122	|0	|100	|606	|457	|452	|663	|558	|526	|428	|473	|559	|293	|318	|2844	|538	|411	|563	|549	|607	|555	|620	|2844	|473	|588	|527	|436	|571	|591	|466	|503	|443	|323	|411	|615	|314	|346	|425	|459	|820	|572	|0	|461	|0	|388	|549	|543	|559	|457	|0	|361	|597	|626	|538	|472	|415	|585	|430	|497	|
________________________________________________________
11	|0	|114	|71	|96	|66	|58	|49	|51	|34	|81	|2356	|72	|72	|101	|92	|68	|451	|499	|381	|454	|362	|328	|367	|383	|0	|144	|0	|472	|379	|327	|461	|445	|475	|486	|0	|371	|459	|436	|435	|348	|351	|530	|394	|473	|456	|309	|359	|424	|305	|291	|414	|354	|624	|2356	|254	|442	|487	|290	|420	|412	|423	|403	|443	|2356	|422	|463	|418	|373	|256	|450	|335	|394	|
________________________________________________________
12	|125	|150	|47	|138	|75	|87	|43	|81	|70	|97	|72	|3327	|0	|90	|118	|118	|787	|536	|447	|758	|463	|444	|542	|547	|641	|462	|0	|427	|0	|449	|602	|581	|712	|623	|730	|682	|490	|0	|551	|490	|605	|544	|676	|444	|597	|322	|423	|686	|306	|355	|555	|543	|835	|555	|416	|3327	|723	|479	|610	|635	|655	|535	|613	|523	|3327	|632	|641	|512	|517	|552	|589	|670	|
________________________________________________________
13	|85	|68	|52	|53	|94	|57	|75	|97	|72	|74	|72	|0	|2439	|55	|64	|75	|521	|387	|282	|375	|512	|312	|319	|448	|471	|297	|349	|520	|2439	|258	|400	|520	|441	|398	|479	|392	|415	|433	|518	|408	|508	|397	|2439	|505	|396	|266	|305	|298	|447	|302	|413	|487	|661	|458	|341	|0	|298	|0	|467	|516	|386	|412	|426	|343	|553	|339	|503	|409	|514	|481	|332	|0	|
________________________________________________________
14	|77	|90	|45	|57	|92	|92	|55	|0	|54	|122	|101	|90	|55	|2667	|95	|77	|599	|448	|305	|563	|462	|411	|512	|515	|531	|340	|333	|541	|394	|352	|2667	|566	|474	|406	|408	|550	|373	|484	|518	|463	|561	|2667	|454	|591	|422	|313	|337	|461	|344	|342	|559	|399	|683	|515	|374	|589	|505	|0	|318	|0	|415	|342	|378	|480	|426	|502	|563	|461	|0	|399	|522	|541	|
________________________________________________________
15	|79	|103	|88	|116	|0	|118	|100	|119	|74	|0	|92	|118	|64	|95	|3071	|79	|643	|483	|343	|548	|620	|451	|508	|526	|604	|361	|463	|0	|310	|0	|635	|646	|506	|488	|509	|678	|500	|475	|630	|530	|0	|383	|600	|633	|546	|379	|541	|609	|472	|451	|529	|486	|759	|554	|444	|692	|3071	|439	|459	|633	|479	|483	|581	|494	|455	|511	|638	|563	|625	|3071	|499	|604	|
________________________________________________________
16	|102	|119	|50	|114	|99	|121	|65	|119	|78	|100	|68	|118	|75	|77	|79	|2921	|631	|494	|367	|613	|488	|393	|613	|436	|569	|337	|402	|600	|529	|0	|364	|0	|528	|498	|632	|469	|610	|370	|555	|483	|612	|573	|399	|0	|486	|318	|334	|511	|359	|382	|566	|332	|773	|539	|396	|603	|505	|360	|2921	|604	|480	|438	|536	|360	|553	|318	|607	|543	|628	|505	|2921	|563	|
________________________________________________________
17	|772	|917	|0	|782	|751	|704	|532	|741	|300	|606	|451	|787	|521	|599	|643	|631	|21815	|4021	|2978	|4977	|4266	|2988	|4171	|4106	|3987	|1766	|2563	|3651	|3107	|2400	|3521	|3552	|3958	|3695	|4142	|3657	|3560	|3528	|3817	|3300	|3704	|3571	|3669	|3619	|3341	|0	|2969	|4138	|3279	|2879	|4146	|4051	|5498	|3201	|2832	|4099	|3738	|2592	|3621	|3620	|3615	|3309	|3687	|3147	|3642	|3663	|4048	|3518	|3781	|3666	|3647	|3672	|
________________________________________________________
18	|3287	|589	|235	|553	|591	|519	|387	|588	|429	|457	|499	|536	|387	|448	|483	|494	|4021	|16727	|2059	|3738	|3235	|2338	|3104	|3159	|3319	|2425	|1956	|2817	|2486	|1873	|2817	|2826	|3092	|2828	|3287	|2848	|2738	|2733	|2925	|2598	|2855	|2758	|2750	|2799	|0	|1498	|0	|3172	|2453	|2172	|3203	|3108	|3151	|3402	|1973	|3052	|2818	|2104	|2793	|2728	|2762	|2509	|2709	|2398	|2734	|2755	|3100	|2696	|2871	|2759	|2731	|2806	|
________________________________________________________
19	|400	|475	|0	|0	|416	|345	|309	|412	|214	|452	|381	|447	|282	|305	|343	|367	|2978	|2059	|12118	|2514	|2540	|1795	|2344	|2165	|2171	|1066	|1696	|2071	|1782	|1341	|2008	|1987	|2724	|2146	|2309	|2556	|2211	|2177	|2373	|1559	|2026	|2003	|2090	|2092	|2494	|0	|1212	|0	|1941	|1602	|2219	|2184	|3043	|2105	|1613	|2219	|2014	|1415	|2038	|1977	|2521	|0	|0	|2156	|2242	|2253	|2469	|1998	|2094	|2047	|2016	|2044	|
________________________________________________________
20	|630	|3657	|446	|466	|642	|597	|0	|743	|353	|663	|454	|758	|375	|563	|548	|613	|4977	|3738	|2514	|19969	|3796	|2700	|3700	|3756	|3314	|2222	|2096	|3810	|2366	|2232	|3296	|3328	|3492	|3657	|3714	|3454	|3358	|3333	|3458	|3025	|3364	|3381	|3325	|3417	|3908	|2617	|0	|2882	|0	|2797	|3707	|3753	|4538	|3319	|2343	|4365	|2996	|2501	|3344	|3370	|3194	|3041	|3213	|2862	|3336	|3416	|3670	|3291	|3458	|3400	|3252	|3392	|
________________________________________________________
21	|686	|688	|328	|0	|2973	|449	|296	|648	|350	|558	|362	|463	|512	|462	|620	|488	|4266	|3235	|2540	|3796	|17030	|2008	|3231	|3259	|2782	|1821	|2164	|3336	|3042	|1969	|2827	|2890	|3000	|2819	|3277	|2877	|2734	|2702	|2919	|2565	|2973	|2761	|2813	|2837	|3273	|2255	|2248	|0	|1739	|0	|3202	|3148	|3808	|2891	|2021	|2603	|3519	|2074	|2796	|2855	|2749	|2529	|2884	|2382	|2760	|2763	|3117	|2804	|2938	|2754	|2758	|2782	|
________________________________________________________
22	|443	|464	|227	|414	|320	|350	|0	|0	|227	|526	|328	|444	|312	|411	|451	|393	|2988	|2338	|1795	|2700	|2008	|12067	|2066	|2476	|1973	|1317	|1465	|2240	|1587	|1608	|2037	|2002	|2178	|1968	|2060	|2279	|1979	|1936	|2618	|1894	|2018	|2427	|2204	|2290	|2259	|1565	|1571	|2420	|0	|1215	|0	|2427	|2821	|2014	|1421	|2386	|2115	|1630	|1938	|1958	|1952	|1833	|1986	|1929	|2082	|2003	|2694	|0	|0	|2430	|2216	|2302	|
________________________________________________________
23	|613	|658	|314	|527	|494	|2719	|424	|389	|328	|428	|367	|542	|319	|512	|508	|613	|4171	|3104	|2344	|3700	|3231	|2066	|16543	|3336	|2763	|1745	|1977	|2694	|2453	|1680	|3137	|2076	|2968	|2771	|3116	|2807	|2724	|2667	|2894	|2719	|2779	|2637	|2713	|2816	|3170	|2113	|2054	|3085	|2540	|0	|2168	|0	|3825	|2694	|2033	|2940	|2827	|2036	|3430	|2437	|2768	|2522	|2740	|2313	|2758	|2789	|2926	|2623	|2923	|2805	|2794	|2825	|
________________________________________________________
24	|626	|674	|329	|533	|590	|560	|413	|0	|320	|473	|383	|547	|448	|515	|526	|436	|4106	|3159	|2165	|3756	|3259	|2476	|3336	|16660	|2731	|1813	|1973	|2848	|2427	|2056	|3163	|3179	|2977	|2722	|3297	|2802	|2741	|2741	|2864	|2452	|2785	|2728	|2746	|2751	|3047	|2166	|1998	|3155	|2481	|2350	|0	|1282	|3868	|2723	|2023	|3061	|2922	|1993	|2482	|3551	|2828	|2592	|2846	|2403	|2712	|2797	|3018	|2645	|2874	|2849	|2776	|2754	|
________________________________________________________
25	|625	|648	|208	|453	|480	|463	|326	|495	|439	|559	|0	|641	|471	|531	|604	|569	|3987	|3319	|2171	|3314	|2782	|1973	|2763	|2731	|16511	|2367	|2469	|3143	|2783	|2015	|3135	|3173	|2965	|2788	|3132	|2871	|2684	|2524	|2904	|2429	|2831	|2701	|2803	|2791	|3429	|1388	|1831	|2762	|2211	|2013	|2721	|2684	|3239	|0	|2306	|3457	|3197	|2237	|3106	|3134	|2781	|2489	|2667	|2195	|2745	|2716	|3090	|2758	|2772	|2823	|2780	|2755	|
________________________________________________________
26	|476	|326	|286	|293	|349	|305	|227	|329	|1863	|293	|144	|462	|297	|340	|361	|337	|1766	|2425	|1066	|2222	|1821	|1317	|1745	|1813	|2367	|10710	|1335	|1999	|1837	|1435	|2108	|2116	|1885	|1763	|2012	|1831	|1863	|1726	|1922	|1603	|1870	|1757	|1759	|1781	|1197	|1729	|1183	|1770	|1397	|1252	|1773	|1793	|0	|1145	|0	|2291	|2044	|1416	|1959	|2046	|1736	|1644	|1786	|1536	|1815	|1714	|1969	|1751	|1836	|1765	|1740	|1767	|
________________________________________________________
27	|451	|453	|229	|359	|476	|325	|310	|377	|252	|318	|0	|0	|349	|333	|463	|402	|2563	|1956	|1696	|2096	|2164	|1465	|1977	|1973	|2469	|1335	|11888	|2008	|2240	|1598	|2163	|2175	|2408	|2236	|2789	|1998	|1930	|2388	|2088	|1800	|2241	|1747	|1961	|2048	|2041	|1293	|1467	|2007	|1853	|1403	|1934	|1949	|3403	|0	|1240	|0	|2531	|1675	|2133	|2208	|2255	|2036	|2389	|0	|0	|2527	|2160	|1951	|2333	|2086	|1955	|1964	|
________________________________________________________
28	|560	|710	|260	|559	|577	|474	|301	|485	|320	|2844	|472	|427	|520	|541	|0	|600	|3651	|2817	|2071	|3810	|3336	|2240	|2694	|2848	|3143	|1999	|2008	|16686	|3159	|2274	|3161	|3205	|3146	|2840	|3187	|2844	|2726	|2731	|2976	|2492	|2878	|2710	|2774	|2900	|2890	|1912	|1930	|3480	|1840	|1967	|2687	|2818	|4369	|3134	|0	|2482	|0	|2358	|3180	|3164	|2761	|2544	|2767	|2379	|2770	|2873	|3015	|2692	|2944	|2754	|2725	|2866	|
________________________________________________________
29	|530	|424	|286	|314	|498	|376	|426	|422	|345	|538	|379	|0	|2439	|394	|310	|529	|3107	|2486	|1782	|2366	|3042	|1587	|2453	|2427	|2783	|1837	|2240	|3159	|14822	|1578	|2864	|2899	|2605	|2462	|3058	|2543	|2352	|2312	|2719	|2217	|2491	|2389	|2439	|2531	|2562	|1643	|1766	|1857	|2654	|1630	|2489	|2469	|3811	|2763	|2074	|0	|1719	|0	|2782	|2821	|2418	|2310	|2602	|1981	|2428	|2377	|2733	|2396	|2492	|2441	|2437	|2480	|
________________________________________________________
30	|358	|408	|194	|312	|411	|332	|257	|400	|226	|411	|327	|449	|258	|352	|0	|0	|2400	|1873	|1341	|2232	|1969	|1608	|1680	|2056	|2015	|1435	|1598	|2274	|1578	|11132	|2084	|2205	|2098	|1909	|2089	|1889	|1600	|2101	|2216	|1917	|2291	|1842	|1820	|2341	|1907	|1240	|1292	|1930	|1431	|1442	|1891	|1978	|2898	|2128	|1536	|2500	|0	|1168	|0	|2240	|1816	|1671	|1796	|1595	|1730	|2127	|2266	|2031	|2349	|0	|0	|2331	|
________________________________________________________
31	|575	|568	|281	|467	|506	|518	|354	|655	|391	|563	|461	|602	|400	|2667	|635	|364	|3521	|2817	|2008	|3296	|2827	|2037	|3137	|3163	|3135	|2108	|2163	|3161	|2864	|2084	|16586	|3496	|3034	|2721	|3130	|2847	|2779	|2635	|2940	|2500	|2926	|2667	|2846	|2811	|2718	|1932	|1898	|2819	|2196	|1905	|3505	|2383	|4236	|3196	|2256	|3491	|3275	|0	|1986	|0	|2859	|2461	|2794	|2311	|2715	|2743	|3039	|2720	|2902	|2849	|2743	|2687	|
________________________________________________________
32	|547	|605	|312	|471	|503	|343	|408	|446	|350	|549	|445	|581	|520	|566	|646	|0	|3552	|2826	|1987	|3328	|2890	|2002	|2076	|3179	|3173	|2116	|2175	|3205	|2899	|2205	|3496	|16727	|3100	|2827	|3306	|2891	|2838	|2666	|2976	|2485	|2861	|2646	|2745	|2777	|2784	|1964	|1876	|2850	|2260	|2156	|2344	|3613	|4373	|3227	|2294	|3481	|3392	|2476	|0	|1428	|2754	|2547	|2811	|2313	|2687	|2777	|3030	|2752	|2877	|2789	|2727	|2734	|
________________________________________________________
33	|787	|689	|0	|606	|510	|314	|334	|586	|380	|607	|475	|712	|441	|474	|506	|528	|3958	|3092	|2724	|3492	|3000	|2178	|2968	|2977	|2965	|1885	|2408	|3146	|2605	|2098	|3034	|3100	|18359	|3398	|4035	|3515	|3442	|3419	|3800	|1815	|3146	|2974	|3101	|3103	|3026	|2071	|2503	|3059	|2403	|2505	|2942	|2994	|4276	|3074	|2479	|3474	|3020	|2147	|3025	|3085	|2846	|0	|3479	|2899	|3457	|3468	|4277	|2588	|3207	|3000	|2982	|3024	|
________________________________________________________
34	|540	|3657	|258	|526	|510	|529	|452	|462	|334	|555	|486	|623	|398	|406	|488	|498	|3695	|2828	|2146	|3657	|2819	|1968	|2771	|2722	|2788	|1763	|2236	|2840	|2462	|1909	|2721	|2827	|3398	|16899	|3632	|3191	|3164	|3085	|3460	|2929	|2873	|2678	|2816	|2781	|2867	|1894	|0	|2808	|2239	|1876	|2659	|2718	|3899	|2920	|2261	|3138	|2811	|2065	|2815	|2771	|0	|2252	|3234	|2694	|3170	|3176	|2728	|3614	|2977	|2794	|2810	|2726	|
________________________________________________________
35	|3287	|647	|393	|485	|642	|482	|405	|706	|397	|620	|0	|730	|479	|408	|509	|632	|4142	|3287	|2309	|3714	|3277	|2060	|3116	|3297	|3132	|2012	|2789	|3187	|3058	|2089	|3130	|3306	|4035	|3632	|19082	|3643	|3589	|3552	|3303	|2906	|3624	|2367	|3147	|3138	|3191	|2178	|0	|3204	|2620	|2236	|3103	|3164	|4424	|3172	|2805	|3313	|3357	|2511	|3171	|3131	|3582	|3354	|2850	|0	|3648	|3502	|3433	|3170	|4118	|2860	|3258	|3090	|
________________________________________________________
36	|634	|747	|361	|0	|569	|496	|374	|443	|294	|2844	|371	|682	|392	|550	|678	|469	|3657	|2848	|2556	|3454	|2877	|2279	|2807	|2802	|2871	|1831	|1998	|2844	|2543	|1889	|2847	|2891	|3515	|3191	|3643	|16990	|3231	|3179	|3048	|2502	|3376	|3275	|2797	|2883	|2766	|1929	|2384	|2901	|2246	|1987	|2734	|2770	|3937	|2905	|0	|3129	|2977	|2058	|2780	|2850	|3189	|2837	|0	|2117	|3284	|3282	|3102	|2749	|2478	|3657	|2780	|2826	|
________________________________________________________
37	|607	|679	|299	|450	|490	|461	|350	|496	|1863	|473	|459	|490	|415	|373	|500	|610	|3560	|2738	|2211	|3358	|2734	|1979	|2724	|2741	|2684	|1863	|1930	|2726	|2352	|1600	|2779	|2838	|3442	|3164	|3589	|3231	|16397	|2827	|2875	|2493	|2792	|2703	|3086	|1929	|2739	|1841	|2029	|2677	|2182	|1937	|2677	|2692	|3766	|2756	|0	|3067	|2818	|1928	|2822	|2783	|3157	|2836	|2997	|2660	|2468	|0	|2894	|2610	|2776	|2773	|3473	|2229	|
________________________________________________________
38	|601	|665	|335	|504	|455	|446	|353	|474	|340	|588	|436	|0	|433	|484	|475	|370	|3528	|2733	|2177	|3333	|2702	|1936	|2667	|2741	|2524	|1726	|2388	|2731	|2312	|2101	|2635	|2666	|3419	|3085	|3552	|3179	|2827	|16265	|2927	|2438	|2728	|2739	|3133	|3314	|2634	|1915	|2005	|2755	|2152	|1976	|2634	|2665	|3665	|2629	|2433	|2810	|2682	|1841	|2600	|2657	|3036	|2718	|3027	|2612	|0	|2488	|3047	|2629	|2746	|2778	|2238	|3501	|
________________________________________________________
39	|618	|709	|261	|448	|613	|510	|0	|675	|327	|527	|435	|551	|518	|518	|630	|555	|3817	|2925	|2373	|3458	|2919	|2618	|2894	|2864	|2904	|1922	|2088	|2976	|2719	|2216	|2940	|2976	|3800	|3460	|3303	|3048	|2875	|2927	|17812	|2897	|3361	|3279	|3387	|3498	|3044	|2034	|2038	|2915	|2392	|2551	|2947	|2825	|4165	|3031	|2159	|3271	|3075	|2394	|2950	|2883	|3806	|2205	|2926	|2528	|2943	|2946	|3125	|0	|3531	|3440	|3250	|3374	|
________________________________________________________
40	|461	|651	|377	|417	|482	|2719	|266	|509	|272	|436	|348	|490	|408	|463	|530	|483	|3300	|2598	|1559	|3025	|2565	|1894	|2719	|2452	|2429	|1603	|1800	|2492	|2217	|1917	|2500	|2485	|1815	|2929	|2906	|2502	|2493	|2438	|2897	|15032	|2875	|2837	|2860	|3025	|2460	|1696	|1600	|2522	|1974	|0	|2447	|2349	|3455	|2536	|1797	|2727	|2527	|1943	|2498	|2372	|2006	|3205	|2518	|2202	|2506	|2495	|0	|2089	|2914	|2868	|2809	|2792	|
________________________________________________________
41	|640	|589	|307	|564	|2973	|420	|398	|434	|372	|571	|351	|605	|508	|561	|0	|612	|3704	|2855	|2026	|3364	|2973	|2018	|2779	|2785	|2831	|1870	|2241	|2878	|2491	|2291	|2926	|2861	|3146	|2873	|3624	|3376	|2792	|2728	|3361	|2875	|16933	|3199	|3271	|3214	|2842	|1948	|1936	|2770	|2199	|0	|2744	|2763	|3895	|2806	|2028	|3125	|2944	|2427	|2766	|2800	|2842	|2572	|3589	|2061	|2840	|2798	|3574	|3050	|2510	|0	|3121	|3222	|
________________________________________________________
42	|393	|628	|296	|358	|548	|534	|400	|0	|272	|591	|530	|544	|397	|2667	|383	|573	|3571	|2758	|2003	|3381	|2761	|2427	|2637	|2728	|2701	|1757	|1747	|2710	|2389	|1842	|2667	|2646	|2974	|2678	|2367	|3275	|2703	|2739	|3279	|2837	|3199	|16368	|3117	|3230	|2673	|1844	|2056	|2826	|2132	|2340	|2668	|2731	|3749	|2736	|1922	|3039	|2693	|0	|2656	|2712	|2709	|2393	|2251	|3179	|2784	|2802	|3399	|2944	|0	|2318	|3122	|3118	|
________________________________________________________
43	|533	|607	|286	|430	|579	|513	|398	|562	|351	|466	|394	|676	|2439	|454	|600	|399	|3669	|2750	|2090	|3325	|2813	|2204	|2713	|2746	|2803	|1759	|1961	|2774	|2439	|1820	|2846	|2745	|3101	|2816	|3147	|2797	|3086	|3133	|3387	|2860	|3271	|3117	|16687	|3271	|2760	|1907	|1894	|2761	|2231	|2266	|2666	|2686	|3849	|2775	|2054	|3010	|2906	|0	|2746	|2617	|2791	|2603	|2709	|2414	|3593	|2399	|3503	|3081	|3268	|3250	|2318	|0	|
________________________________________________________
44	|552	|619	|286	|450	|527	|553	|400	|583	|239	|503	|473	|444	|505	|591	|633	|0	|3619	|2799	|2092	|3417	|2837	|2290	|2816	|2751	|2791	|1781	|2048	|2900	|2531	|2341	|2811	|2777	|3103	|2781	|3138	|2883	|1929	|3314	|3498	|3025	|3214	|3230	|3271	|16901	|2873	|1948	|1918	|2796	|2245	|2318	|2806	|2742	|3797	|2870	|2145	|3060	|2859	|2498	|2650	|2704	|2784	|2537	|2705	|2438	|2347	|3627	|3483	|3103	|3291	|3238	|0	|2435	|
________________________________________________________
45	|0	|782	|344	|590	|559	|503	|404	|576	|211	|443	|456	|597	|396	|422	|546	|486	|3341	|0	|2494	|3908	|3273	|2259	|3170	|3047	|3429	|1197	|2041	|2890	|2562	|1907	|2718	|2784	|3026	|2867	|3191	|2766	|2739	|2634	|3044	|2460	|2842	|2673	|2760	|2873	|16905	|2378	|2230	|3251	|2542	|2153	|3130	|3200	|4443	|3329	|2239	|3122	|2942	|2027	|2785	|2872	|2870	|2553	|2824	|2354	|2716	|2718	|3145	|2768	|2912	|2850	|2773	|2741	|
________________________________________________________
46	|308	|490	|1715	|295	|396	|345	|276	|380	|287	|323	|309	|322	|266	|313	|379	|318	|0	|1498	|0	|2617	|2255	|1565	|2113	|2166	|1388	|1729	|1293	|1912	|1643	|1240	|1932	|1964	|2071	|1894	|2178	|1929	|1841	|1915	|2034	|1696	|1948	|1844	|1907	|1948	|2378	|11355	|1249	|2154	|1692	|1502	|2072	|2086	|2082	|2309	|1309	|2127	|1989	|1330	|1849	|1803	|1926	|1715	|1860	|1583	|1925	|1951	|2130	|1849	|1989	|1932	|1873	|1832	|
________________________________________________________
47	|0	|0	|192	|322	|401	|334	|324	|328	|242	|411	|359	|423	|305	|337	|541	|334	|2969	|0	|1212	|0	|2248	|1571	|2054	|1998	|1831	|1183	|1467	|1930	|1766	|1292	|1898	|1876	|2503	|0	|0	|2384	|2029	|2005	|2038	|1600	|1936	|2056	|1894	|1918	|2230	|1249	|11185	|1916	|1882	|1600	|2044	|1985	|2539	|1943	|1577	|1943	|2199	|1349	|1839	|1775	|2252	|1683	|1896	|2005	|1998	|2000	|2102	|1833	|1620	|2123	|1822	|1834	|
________________________________________________________
48	|666	|545	|280	|2727	|0	|535	|428	|569	|324	|615	|424	|686	|298	|461	|609	|511	|4138	|3172	|0	|2882	|0	|2420	|3085	|3155	|2762	|1770	|2007	|3480	|1857	|1930	|2819	|2850	|3059	|2808	|3204	|2901	|2677	|2755	|2915	|2522	|2770	|2826	|2761	|2796	|3251	|2154	|1916	|16749	|2679	|2371	|3141	|3109	|3885	|2836	|2103	|3693	|3433	|2287	|2739	|2695	|2764	|2573	|2727	|2429	|2800	|2794	|3024	|2783	|2824	|2824	|2803	|2753	|
________________________________________________________
49	|540	|0	|303	|451	|306	|446	|2148	|367	|295	|314	|305	|306	|447	|344	|472	|359	|3279	|2453	|1941	|0	|1739	|0	|2540	|2481	|2211	|1397	|1853	|1840	|2654	|1431	|2196	|2260	|2403	|2239	|2620	|2246	|2182	|2152	|2392	|1974	|2199	|2132	|2231	|2245	|2542	|1692	|1882	|2679	|13298	|1578	|2527	|2486	|3066	|2189	|1667	|1762	|2647	|1461	|2178	|2166	|2186	|1990	|2264	|1836	|2168	|2094	|2461	|2148	|2294	|2334	|2200	|2141	|
________________________________________________________
50	|426	|494	|230	|365	|0	|0	|244	|357	|203	|346	|291	|355	|302	|342	|451	|382	|2879	|2172	|1602	|2797	|0	|1215	|0	|2350	|2013	|1252	|1403	|1967	|1630	|1442	|1905	|2156	|2505	|1876	|2236	|1987	|1937	|1976	|2551	|0	|0	|2340	|2266	|2318	|2153	|1502	|1600	|2371	|1578	|11667	|1959	|2334	|2726	|1937	|1337	|2168	|2010	|1623	|1728	|2114	|2222	|1566	|1876	|1657	|1913	|1958	|2650	|1931	|2022	|2462	|2169	|2206	|
________________________________________________________
51	|612	|659	|340	|523	|575	|325	|332	|2997	|297	|425	|414	|555	|413	|559	|529	|566	|4146	|3203	|2219	|3707	|3202	|0	|2168	|0	|2721	|1773	|1934	|2687	|2489	|1891	|3505	|2344	|2942	|2659	|3103	|2734	|2677	|2634	|2947	|2447	|2744	|2668	|2666	|2806	|3130	|2072	|2044	|3141	|2527	|1959	|16443	|3259	|3741	|2779	|1963	|3032	|2826	|1971	|3094	|3037	|2686	|2538	|2713	|2276	|2718	|2706	|2992	|2735	|2997	|2723	|2696	|2756	|
________________________________________________________
52	|601	|660	|307	|490	|585	|0	|452	|580	|287	|459	|354	|543	|487	|399	|486	|332	|4051	|3108	|2184	|3753	|3148	|2427	|0	|1282	|2684	|1793	|1949	|2818	|2469	|1978	|2383	|3613	|2994	|2718	|3164	|2770	|2692	|2665	|2825	|2349	|2763	|2731	|2686	|2742	|3200	|2086	|1985	|3109	|2486	|2334	|3259	|16387	|3761	|2771	|1936	|3050	|2785	|1943	|1945	|3056	|2735	|2488	|2697	|2304	|2717	|2690	|2902	|2652	|2752	|2768	|2668	|2696	|
________________________________________________________
53	|658	|882	|311	|640	|625	|647	|494	|705	|0	|820	|624	|835	|661	|683	|759	|773	|5498	|3151	|3043	|4538	|3808	|2821	|3825	|3868	|3239	|0	|3403	|4369	|3811	|2898	|4236	|4373	|4276	|3899	|4424	|3937	|3766	|3665	|4165	|3455	|3895	|3749	|3849	|3797	|4443	|2082	|2539	|3885	|3066	|2726	|3741	|3761	|22912	|4404	|3058	|4892	|4534	|3062	|4276	|4326	|3799	|3407	|3710	|3202	|3756	|3772	|4189	|3662	|3909	|3862	|3806	|3751	|
________________________________________________________
54	|670	|639	|329	|486	|506	|425	|356	|523	|182	|572	|2356	|555	|458	|515	|554	|539	|3201	|3402	|2105	|3319	|2891	|2014	|2694	|2723	|0	|1145	|0	|3134	|2763	|2128	|3196	|3227	|3074	|2920	|3172	|2905	|2756	|2629	|3031	|2536	|2806	|2736	|2775	|2870	|3329	|2309	|1943	|2836	|2189	|1937	|2779	|2771	|4404	|16734	|2035	|3565	|3268	|2262	|3102	|3120	|2825	|2496	|2778	|2356	|2898	|2715	|3035	|2694	|2844	|2761	|2682	|2754	|
________________________________________________________
55	|486	|462	|237	|423	|335	|332	|279	|397	|0	|0	|254	|416	|341	|374	|444	|396	|2832	|1973	|1613	|2343	|2021	|1421	|2033	|2023	|2306	|0	|1240	|0	|2074	|1536	|2256	|2294	|2479	|2261	|2805	|0	|0	|2433	|2159	|1797	|2028	|1922	|2054	|2145	|2239	|1309	|1577	|2103	|1667	|1337	|1963	|1936	|3058	|2035	|12058	|2300	|2492	|1773	|2261	|2227	|2224	|1958	|2429	|1695	|2055	|2329	|2220	|2034	|2104	|2018	|1830	|2223	|
________________________________________________________
56	|582	|778	|266	|590	|496	|538	|284	|506	|449	|461	|442	|3327	|0	|589	|692	|603	|4099	|3052	|2219	|4365	|2603	|2386	|2940	|3061	|3457	|2291	|0	|2482	|0	|2500	|3491	|3481	|3474	|3138	|3313	|3129	|3067	|2810	|3271	|2727	|3125	|3039	|3010	|3060	|3122	|2127	|1943	|3693	|1762	|2168	|3032	|3050	|4892	|3565	|2300	|18387	|3850	|2514	|3382	|3382	|3102	|2766	|2877	|2734	|3327	|2951	|3474	|3005	|3147	|3152	|2989	|3120	|
________________________________________________________
57	|536	|545	|377	|584	|624	|484	|445	|540	|398	|0	|487	|723	|298	|505	|3071	|505	|3738	|2818	|2014	|2996	|3519	|2115	|2827	|2922	|3197	|2044	|2531	|0	|1719	|0	|3275	|3392	|3020	|2811	|3357	|2977	|2818	|2682	|3075	|2527	|2944	|2693	|2906	|2859	|2942	|1989	|2199	|3433	|2647	|2010	|2826	|2785	|4534	|3268	|2492	|3850	|17269	|2239	|3122	|3216	|2846	|2588	|2949	|2413	|2809	|2789	|3200	|2730	|3074	|3071	|2817	|2863	|
________________________________________________________
58	|466	|438	|209	|479	|415	|351	|270	|449	|245	|388	|290	|479	|0	|0	|439	|360	|2592	|2104	|1415	|2501	|2074	|1630	|2036	|1993	|2237	|1416	|1675	|2358	|0	|1168	|0	|2476	|2147	|2065	|2511	|2058	|1928	|1841	|2394	|1943	|2427	|0	|0	|2498	|2027	|1330	|1349	|2287	|1461	|1623	|1971	|1943	|3062	|2262	|1773	|2514	|2239	|12049	|2147	|2386	|1988	|1826	|2160	|1475	|1951	|1909	|2413	|2184	|2460	|2089	|1969	|2440	|
________________________________________________________
59	|550	|654	|272	|419	|476	|602	|309	|558	|373	|549	|420	|610	|467	|318	|459	|2921	|3621	|2793	|2038	|3344	|2796	|1938	|3430	|2482	|3106	|1959	|2133	|3180	|2782	|0	|1986	|0	|3025	|2815	|3171	|2780	|2822	|2600	|2950	|2498	|2766	|2656	|2746	|2650	|2785	|1849	|1839	|2739	|2178	|1728	|3094	|1945	|4276	|3102	|2261	|3382	|3122	|2147	|16438	|3441	|2778	|2466	|2636	|2294	|2755	|2672	|2999	|2716	|2877	|2770	|2921	|2618	|
________________________________________________________
60	|505	|598	|288	|422	|517	|373	|395	|542	|347	|543	|412	|635	|516	|0	|633	|604	|3620	|2728	|1977	|3370	|2855	|1958	|2437	|3551	|3134	|2046	|2208	|3164	|2821	|2240	|0	|1428	|3085	|2771	|3131	|2850	|2783	|2657	|2883	|2372	|2800	|2712	|2617	|2704	|2872	|1803	|1775	|2695	|2166	|2114	|3037	|3056	|4326	|3120	|2227	|3382	|3216	|2386	|3441	|16493	|2716	|2490	|2749	|2296	|2683	|2752	|2989	|2642	|2861	|2798	|2682	|2833	|
________________________________________________________
61	|665	|0	|323	|547	|447	|354	|441	|588	|367	|559	|423	|655	|386	|415	|479	|480	|3615	|2762	|2521	|3194	|2749	|1952	|2768	|2828	|2781	|1736	|2255	|2761	|2418	|1816	|2859	|2754	|2846	|0	|3582	|3189	|3157	|3036	|3806	|2006	|2842	|2709	|2791	|2784	|2870	|1926	|2252	|2764	|2186	|2222	|2686	|2735	|3799	|2825	|2224	|3102	|2846	|1988	|2778	|2716	|16711	|2832	|3263	|2630	|3296	|3193	|3484	|3267	|2943	|2798	|2748	|2788	|
________________________________________________________
62	|543	|489	|1715	|401	|435	|584	|398	|417	|315	|457	|403	|535	|412	|342	|483	|438	|3309	|2509	|0	|3041	|2529	|1833	|2522	|2592	|2489	|1644	|2036	|2544	|2310	|1671	|2461	|2547	|0	|2252	|3354	|2837	|2836	|2718	|2205	|3205	|2572	|2393	|2603	|2537	|2553	|1715	|1683	|2573	|1990	|1566	|2538	|2488	|3407	|2496	|1958	|2766	|2588	|1826	|2466	|2490	|2832	|15109	|2867	|2452	|2796	|2803	|1924	|2865	|2609	|2572	|2501	|2413	|
________________________________________________________
63	|508	|709	|279	|2727	|676	|458	|362	|563	|386	|0	|443	|613	|426	|378	|581	|536	|3687	|2709	|0	|3213	|2884	|1986	|2740	|2846	|2667	|1786	|2389	|2767	|2602	|1796	|2794	|2811	|3479	|3234	|2850	|0	|2997	|3027	|2926	|2518	|3589	|2251	|2709	|2705	|2824	|1860	|1896	|2727	|2264	|1876	|2713	|2697	|3710	|2778	|2429	|2877	|2949	|2160	|2636	|2749	|3263	|2867	|16555	|2648	|3087	|2983	|3058	|2669	|3272	|3122	|2791	|2687	|
________________________________________________________
64	|0	|639	|332	|466	|358	|467	|290	|265	|316	|361	|2356	|523	|343	|480	|494	|360	|3147	|2398	|2156	|2862	|2382	|1929	|2313	|2403	|2195	|1536	|0	|2379	|1981	|1595	|2311	|2313	|2899	|2694	|0	|2117	|2660	|2612	|2528	|2202	|2061	|3179	|2414	|2438	|2354	|1583	|2005	|2429	|1836	|1657	|2276	|2304	|3202	|2356	|1695	|2734	|2413	|1475	|2294	|2296	|2630	|2452	|2648	|14172	|2759	|2721	|2575	|2303	|1553	|2717	|2304	|2307	|
________________________________________________________
65	|623	|685	|304	|540	|473	|441	|322	|475	|261	|597	|422	|3327	|553	|426	|455	|553	|3642	|2734	|2242	|3336	|2760	|2082	|2758	|2712	|2745	|1815	|0	|2770	|2428	|1730	|2715	|2687	|3457	|3170	|3648	|3284	|2468	|0	|2943	|2506	|2840	|2784	|3593	|2347	|2716	|1925	|1998	|2800	|2168	|1913	|2718	|2717	|3756	|2898	|2055	|3327	|2809	|1951	|2755	|2683	|3296	|2796	|3087	|2759	|16565	|3088	|3031	|2610	|2711	|2768	|3074	|3166	|
________________________________________________________
66	|577	|710	|350	|517	|492	|424	|344	|503	|0	|626	|463	|632	|339	|502	|511	|318	|3663	|2755	|2253	|3416	|2763	|2003	|2789	|2797	|2716	|1714	|2527	|2873	|2377	|2127	|2743	|2777	|3468	|3176	|3502	|3282	|0	|2488	|2946	|2495	|2798	|2802	|2399	|3627	|2718	|1951	|2000	|2794	|2094	|1958	|2706	|2690	|3772	|2715	|2329	|2951	|2789	|1909	|2672	|2752	|3193	|2803	|2983	|2721	|3088	|16472	|3071	|2686	|2782	|2708	|1927	|3137	|
________________________________________________________
67	|654	|612	|234	|476	|649	|0	|451	|701	|338	|538	|418	|641	|503	|563	|638	|607	|4048	|3100	|2469	|3670	|3117	|2694	|2926	|3018	|3090	|1969	|2160	|3015	|2733	|2266	|3039	|3030	|4277	|2728	|3433	|3102	|2894	|3047	|3125	|0	|3574	|3399	|3503	|3483	|3145	|2130	|2102	|3024	|2461	|2650	|2992	|2902	|4189	|3035	|2220	|3474	|3200	|2413	|2999	|2989	|3484	|1924	|3058	|2575	|3031	|3071	|18344	|3381	|3751	|3492	|3525	|3487	|
________________________________________________________
68	|541	|816	|331	|431	|559	|369	|2148	|518	|284	|472	|373	|512	|409	|461	|563	|543	|3518	|2696	|1998	|3291	|2804	|0	|2623	|2645	|2758	|1751	|1951	|2692	|2396	|2031	|2720	|2752	|2588	|3614	|3170	|2749	|2610	|2629	|0	|2089	|3050	|2944	|3081	|3103	|2768	|1849	|1833	|2783	|2148	|1931	|2735	|2652	|3662	|2694	|2034	|3005	|2730	|2184	|2716	|2642	|3267	|2865	|2669	|2303	|2610	|2686	|3381	|16230	|3198	|3179	|3011	|3009	|
________________________________________________________
69	|696	|601	|260	|505	|460	|589	|380	|2997	|355	|415	|256	|517	|514	|0	|625	|628	|3781	|2871	|2094	|3458	|2938	|0	|2923	|2874	|2772	|1836	|2333	|2944	|2492	|2349	|2902	|2877	|3207	|2977	|4118	|2478	|2776	|2746	|3531	|2914	|2510	|0	|3268	|3291	|2912	|1989	|1620	|2824	|2294	|2022	|2997	|2752	|3909	|2844	|2104	|3147	|3074	|2460	|2877	|2861	|2943	|2609	|3272	|1553	|2711	|2782	|3751	|3198	|17190	|3431	|3105	|3127	|
________________________________________________________
70	|503	|605	|333	|524	|0	|602	|462	|586	|315	|585	|450	|552	|481	|399	|3071	|505	|3666	|2759	|2047	|3400	|2754	|2430	|2805	|2849	|2823	|1765	|2086	|2754	|2441	|0	|2849	|2789	|3000	|2794	|2860	|3657	|2773	|2778	|3440	|2868	|0	|2318	|3250	|3238	|2850	|1932	|2123	|2824	|2334	|2462	|2723	|2768	|3862	|2761	|2018	|3152	|3071	|2089	|2770	|2798	|2798	|2572	|3122	|2717	|2768	|2708	|3492	|3179	|3431	|16888	|3268	|3130	|
________________________________________________________
71	|545	|594	|286	|445	|552	|528	|412	|560	|381	|430	|335	|589	|332	|522	|499	|2921	|3647	|2731	|2016	|3252	|2758	|2216	|2794	|2776	|2780	|1740	|1955	|2725	|2437	|0	|2743	|2727	|2982	|2810	|3258	|2780	|3473	|2238	|3250	|2809	|3121	|3122	|2318	|0	|2773	|1873	|1822	|2803	|2200	|2169	|2696	|2668	|3806	|2682	|1830	|2989	|2817	|1969	|2921	|2682	|2748	|2501	|2791	|2304	|3074	|1927	|3525	|3011	|3105	|3268	|16457	|3112	|
________________________________________________________
72	|561	|598	|263	|464	|557	|498	|391	|553	|251	|497	|394	|670	|0	|541	|604	|563	|3672	|2806	|2044	|3392	|2782	|2302	|2825	|2754	|2755	|1767	|1964	|2866	|2480	|2331	|2687	|2734	|3024	|2726	|3090	|2826	|2229	|3501	|3374	|2792	|3222	|3118	|0	|2435	|2741	|1832	|1834	|2753	|2141	|2206	|2756	|2696	|3751	|2754	|2223	|3120	|2863	|2440	|2618	|2833	|2788	|2413	|2687	|2307	|3166	|3137	|3487	|3009	|3127	|3130	|3112	|16534	|
________________________________________________________
