0	|1	|2	|3	|4	|5	|6	|7	|8	|9	|10	|11	|12	|13	|14	|15	|16	|17	|18	|19	|20	|21	|22	|23	|24	|25	|26	|27	|28	|29	|30	|31	|32	|33	|34	|35	|36	|37	|38	|39	|40	|41	|42	|43	|44	|45	|46	|47	|48	|49	|50	|51	|52	|53	|54	|55	|56	|57	|58	|59	|60	|61	|62	|63	|64	|65	|66	|67	|68	|69	|70	|71	|72	|
1	|100	|3,24	|1,67	|3,24	|4,3	|2,6	|2,85	|4,66	|2,97	|3,39	|0	|3,81	|2,69	|1,48	|2,57	|3,36	|25,31	|100	|12,56	|20,25	|20,86	|14,26	|17,89	|18,62	|19,77	|14,65	|13,56	|16,95	|15,89	|11,2	|16,17	|16,53	|22,19	|16,86	|100	|19,5	|18,92	|18,41	|19,95	|13,23	|19,1	|12,47	|15,47	|17,47	|0	|9,2	|0	|20,28	|15,83	|13,96	|18,77	|19,77	|18,35	|20,16	|15,29	|17,8	|17,14	|13,41	|16,14	|17,08	|21,62	|17,35	|15,23	|0	|18,77	|18,53	|21,71	|15,38	|20,92	|14,93	|17,5	|17,74	|
________________________________________________________
2	|2,95	|100	|1,62	|3,06	|2,97	|3,61	|0	|3,28	|1,65	|3,69	|3,22	|3,74	|2,04	|2,86	|3	|2,89	|25,8	|16,22	|12,47	|100	|19,03	|14,21	|17,73	|18,75	|18,31	|8,29	|13,11	|18,86	|12,14	|10,74	|15,89	|16,19	|20,35	|100	|19,19	|21,2	|18,31	|19,44	|21,23	|17,68	|17,07	|16,33	|15,91	|16,93	|20,4	|13,38	|0	|15,01	|0	|13,38	|17,59	|19,27	|24,92	|17,02	|13	|20,29	|14,43	|12	|16,74	|17,1	|0	|12	|20,07	|18,56	|18,67	|18,64	|16,38	|19,82	|16,3	|17,84	|15,89	|16,71	|
________________________________________________________
3	|3,15	|3,38	|100	|2,41	|3,09	|4,13	|2,52	|2,18	|3,21	|3,78	|3,61	|4,01	|3,21	|3,5	|4,36	|3,09	|0	|12,49	|0	|25,1	|20,69	|14,84	|19,37	|20,06	|13,47	|15,76	|14,38	|17,13	|16,73	|12,15	|17,59	|16,05	|0	|13,07	|23,21	|21,49	|19,14	|16,96	|14,04	|21,66	|16,85	|19,26	|17,31	|15,59	|19,89	|100	|11,58	|17,08	|18,05	|11,58	|18,85	|19,83	|17,82	|20,97	|13,07	|16,62	|19,54	|12,03	|16,56	|17,13	|17,59	|100	|16,33	|16,62	|18,68	|19,83	|12,89	|17,08	|14,61	|17,94	|18,45	|17,36	|
________________________________________________________
4	|3,82	|3,96	|1,5	|100	|0	|2,57	|1,93	|4,1	|2,64	|0	|2,14	|4,46	|1,71	|2,35	|3,99	|4,64	|26,43	|20,51	|0	|17,48	|0	|15,05	|17,37	|19,54	|17,15	|10,84	|14,94	|20,22	|12,41	|10,56	|17,76	|17,01	|22,29	|19,65	|17,4	|0	|17,37	|18,47	|19,08	|13,59	|21,43	|14,41	|16,26	|17,97	|20,4	|12,05	|10,98	|100	|16,37	|14,94	|19,12	|19,26	|23,61	|15,16	|15,44	|21,22	|19,04	|18,08	|16,65	|15,44	|20,65	|15,09	|100	|15,73	|17,8	|19,61	|17,83	|14,94	|19,19	|20,97	|17,23	|17,33	|
________________________________________________________
5	|4,92	|3,74	|1,87	|0	|100	|2,7	|2,01	|3,61	|3,12	|3,43	|1,56	|2,81	|3,5	|2,6	|0	|3,33	|24,83	|18,65	|14,53	|22,71	|100	|11,55	|16,02	|20,74	|17,55	|10,96	|18,79	|20,21	|18,62	|14,15	|15,46	|16,71	|19,04	|15,36	|22,54	|18,52	|16,16	|14,81	|20,84	|16,68	|100	|17,75	|17,55	|17,68	|18,45	|13,07	|14,15	|0	|10,06	|0	|19,97	|20,18	|23,02	|16,33	|12,38	|15,22	|21,19	|14,63	|17,65	|17,3	|17,09	|14,74	|21,67	|10,71	|16,89	|15,78	|22,78	|18,38	|17,02	|0	|18,9	|19,8	|
________________________________________________________
6	|3,18	|4,84	|2,66	|2,66	|2,88	|100	|2,55	|2,88	|2,18	|3,92	|2,81	|2,99	|2,62	|3,77	|3,92	|4,21	|23,06	|17,18	|12,64	|22,65	|18,07	|12,12	|100	|19,55	|16,37	|11,83	|11,83	|18,07	|13,3	|12,71	|18,88	|12,97	|11,35	|18,66	|18,37	|18,96	|16,81	|16,74	|19,11	|100	|16,67	|19,7	|19,55	|18,85	|18,37	|13,9	|12,79	|19,4	|15,67	|0	|13,19	|0	|22,47	|18,59	|12,16	|19,55	|17,18	|13,67	|21,66	|15,37	|12,56	|20,25	|15,48	|15,3	|15,82	|16,85	|0	|13,3	|20,07	|20,33	|18,37	|18,66	|
________________________________________________________
7	|4,4	|0	|2,06	|2,53	|2,72	|3,23	|100	|3	|2,25	|2,67	|2,67	|2,34	|4,12	|3,51	|4,54	|3,37	|25,51	|20,37	|14,47	|0	|14,23	|0	|20,37	|19,94	|17,51	|10,67	|13,3	|13,44	|20,88	|12,5	|17,6	|17,84	|14,7	|22,71	|20,22	|18,07	|16,34	|15,59	|0	|13,25	|18,63	|19,57	|19,43	|17,93	|18,16	|12,22	|12,69	|20,32	|100	|11,99	|17,23	|20,46	|23,22	|16,81	|12,31	|13,3	|21,07	|12,22	|15,26	|18,12	|19,1	|17,74	|15,22	|12,73	|16,62	|15,87	|22,43	|100	|16,76	|20,55	|18,91	|17,93	|
________________________________________________________
8	|5,23	|4,04	|1,29	|3,91	|3,54	|2,65	|2,18	|100	|2,55	|2,52	|1,36	|3,6	|2,92	|0	|2,79	|4,15	|25,73	|20,19	|14	|24,47	|21,14	|0	|14,11	|0	|16,72	|12,2	|13,97	|17,3	|15,02	|13,94	|22,09	|14,31	|21,45	|16,59	|23,9	|13,05	|16,15	|16,35	|22,64	|16,66	|14,82	|0	|18,35	|18,8	|17,78	|13,02	|11,49	|20,77	|13,66	|12,2	|100	|19,14	|22,98	|16,49	|12,24	|19,14	|16,25	|14,21	|18,63	|17,1	|19,68	|13,9	|19,82	|8,84	|15,94	|16,76	|22,77	|17,47	|100	|18,63	|20,29	|17,74	|
________________________________________________________
9	|5,26	|3,22	|3,01	|3,97	|4,83	|3,17	|2,58	|4,03	|100	|2,47	|1,45	|3,27	|2,68	|3,01	|3,6	|5,15	|16,43	|21,9	|12,29	|18,09	|18,95	|12,94	|17,18	|14,71	|22,11	|100	|13,15	|14,87	|17,66	|11,7	|19,86	|18,46	|23,08	|18,09	|22,28	|17,66	|100	|17,07	|16,43	|15,94	|18,79	|14,98	|18,95	|12,08	|12,02	|16	|12,83	|17,71	|14,06	|10,74	|15,89	|16,64	|0	|9,66	|0	|23,03	|20,88	|13,58	|19,32	|18,3	|19,81	|17,18	|18,68	|16,26	|14,22	|0	|19,06	|16,85	|19,59	|18,14	|21,74	|13,69	|
________________________________________________________
10	|3,84	|4,6	|2,26	|0	|3,4	|3,64	|1,96	|2,54	|1,58	|100	|2,06	|3,53	|2,78	|3,77	|0	|3,77	|21,17	|16,16	|14,61	|22,68	|19,49	|18,25	|14,96	|17,98	|19,93	|10,84	|11,32	|100	|18,66	|13,86	|18,9	|17,67	|21,37	|18,63	|21,1	|100	|17,39	|20,79	|18,66	|15,88	|19,04	|19,83	|14,89	|15,68	|16,26	|11,73	|14,48	|20,27	|11,39	|11,63	|16,19	|16,98	|28,23	|19,83	|0	|14,37	|0	|14,55	|19,83	|19,04	|19,18	|17,36	|0	|10,98	|20,38	|20,38	|17,15	|15,57	|15,06	|20,99	|15,78	|17,08	|
________________________________________________________
11	|0	|5,03	|2,71	|2,58	|1,94	|3,27	|2,45	|1,72	|1,16	|2,58	|100	|2,75	|2,41	|4,04	|4,39	|2,75	|18,37	|19,66	|15,19	|19,92	|16,74	|13,98	|17,3	|16,52	|0	|6,8	|0	|19,15	|17,47	|13,04	|18,2	|19,23	|19,36	|20,27	|0	|14,89	|19,45	|20,57	|16,95	|15,62	|14,59	|21,34	|16,05	|17,64	|20,31	|14,03	|14,5	|16,27	|13,55	|10,63	|16,61	|16,14	|27,11	|100	|10,93	|19,32	|20,87	|13,17	|18,46	|18,29	|17,94	|16,22	|18,2	|100	|15,96	|20,31	|18,37	|15,53	|10,89	|20,44	|14,76	|17,64	|
________________________________________________________
12	|3,74	|4,04	|2,08	|3,71	|2,41	|2,41	|1,49	|3,15	|1,81	|3,06	|1,9	|100	|0	|3,15	|3,59	|3,86	|22,99	|16,25	|12,83	|22,37	|14,35	|12,06	|16,67	|16,46	|20,71	|12,03	|0	|13,61	|0	|12,72	|17,5	|19,16	|19,61	|18,06	|22,22	|20,94	|13,84	|0	|18,09	|14,65	|16,46	|16,84	|20,97	|14,26	|18,89	|10,31	|12,75	|20,32	|10,01	|11,47	|16,93	|17,2	|26,68	|17,29	|12,36	|100	|20,47	|12,92	|17,53	|20,17	|19,4	|17,91	|19,13	|14,68	|100	|17,44	|17,77	|16,19	|17,05	|17,14	|19,7	|19,28	|
________________________________________________________
13	|3,6	|3	|2,27	|1,94	|4,09	|2,87	|3,56	|3,48	|2,02	|3,28	|2,27	|0	|100	|2,39	|2,83	|3,52	|22,11	|17,13	|12,39	|16,4	|21,3	|13,44	|15,02	|18,58	|19,23	|10,36	|13,85	|20,45	|100	|10,04	|16,07	|20,65	|18,74	|15,95	|19,03	|16,28	|18,66	|17,65	|19,31	|17,53	|20,36	|17	|100	|19,35	|16,44	|11,82	|11,98	|12,67	|17,17	|12,75	|15,95	|18,91	|25,43	|17,73	|14,57	|0	|12,39	|0	|20,89	|20,85	|15,59	|14,66	|17,53	|12,51	|22,06	|12,96	|20,69	|17,41	|20,57	|19,47	|14,05	|0	|
________________________________________________________
14	|1,74	|3,7	|2,17	|2,35	|2,67	|3,63	|2,67	|0	|1,99	|3,91	|3,34	|3,77	|2,1	|100	|3,13	|2,77	|22,5	|15,18	|13,76	|20,05	|16,89	|14,79	|17,63	|19,16	|19,34	|11,34	|13,08	|19,66	|14,97	|11,59	|100	|20,65	|18,09	|15,82	|15,07	|20,05	|15,36	|18,27	|20,55	|16,42	|18,91	|100	|16,28	|20,16	|16,46	|11,16	|12,19	|16,96	|14,15	|15,07	|22,43	|14,5	|26,59	|17,85	|13,72	|21,65	|19,91	|0	|11,45	|0	|16,89	|15,25	|13,19	|19,05	|15,78	|18,56	|22,04	|16,6	|0	|15,43	|20,19	|21,26	|
________________________________________________________
15	|2,8	|3,6	|2,51	|3,7	|0	|3,5	|3,2	|2,71	|2,21	|0	|3,37	|3,99	|2,31	|2,9	|100	|2,21	|21,12	|15,34	|12,44	|18,54	|20,42	|15,11	|16,6	|14,75	|19,7	|12,37	|13,3	|0	|10,23	|0	|20,36	|20,59	|18,01	|15,97	|17,09	|21,68	|16,83	|16,23	|20,46	|18,01	|0	|13,43	|19,33	|20,55	|17,82	|12,17	|17,49	|19,7	|15,61	|14,09	|15,97	|16,73	|26,23	|18,61	|14,52	|21,45	|100	|12,27	|15,08	|21,64	|16,4	|13,89	|19,33	|17,06	|16,1	|15,41	|20,49	|18,41	|19,83	|100	|16,13	|20,62	|
________________________________________________________
16	|3,75	|3,55	|1,83	|4,4	|3,25	|3,86	|2,43	|4,13	|3,25	|3,72	|2,16	|4,4	|2,94	|2,64	|2,27	|100	|21,85	|16,2	|12,21	|20,9	|18,06	|13,63	|21,68	|14,91	|18,23	|11,87	|13,19	|20,05	|18,63	|0	|11,8	|0	|19,41	|16,03	|21,47	|17,18	|21,41	|15,08	|19,99	|17,59	|19,99	|18,67	|15,32	|0	|15,93	|11,87	|11,23	|18,23	|12,21	|11,94	|19,48	|11,19	|26,68	|19,51	|13,29	|20,46	|17,82	|13,56	|100	|20,87	|17,31	|15,15	|19,24	|12,41	|19,55	|10,59	|21,24	|18,23	|20,36	|16,4	|100	|19,28	|
________________________________________________________
17	|3,84	|4,31	|0	|3,4	|3,29	|2,87	|2,5	|3,48	|1,41	|2,83	|1,96	|3,56	|2,51	|2,91	|2,94	|2,97	|100	|18,61	|14,14	|22,73	|19,05	|13,79	|18,92	|18,99	|18,66	|8,54	|12,09	|16,85	|14,64	|11,35	|16,73	|16,48	|18,37	|16,94	|18,8	|16,99	|16,33	|16,6	|17,81	|14,8	|16,99	|16,6	|16,43	|16,88	|14,71	|0	|13,94	|19,18	|14,91	|12,97	|18,97	|18,74	|25,08	|14,69	|12,75	|18,5	|17,18	|12,03	|16,41	|16,9	|17,05	|14,74	|16,59	|13,61	|16,71	|16,54	|18,7	|16,22	|16,86	|16,41	|16,56	|16,96	|
________________________________________________________
18	|19,96	|3,56	|1,32	|3,47	|3,25	|2,81	|2,63	|3,59	|2,47	|2,85	|2,76	|3,3	|2,56	|2,58	|2,81	|2,89	|24,47	|100	|12,14	|22,5	|19,17	|13,82	|18,49	|18,4	|20,15	|14,45	|11,99	|16,78	|15,06	|11,01	|16,22	|16,72	|18,04	|16,57	|19,96	|17,2	|16,39	|16,03	|17,42	|15,07	|16,49	|16,16	|16,13	|16,56	|0	|8,98	|0	|19,32	|15,59	|13,1	|18,84	|19,26	|19,48	|20,17	|12,2	|18,57	|17,24	|12,51	|16,52	|16,98	|16,44	|15,3	|16,39	|13,7	|16,57	|16,21	|18,65	|16,4	|17,35	|16,67	|16,55	|17,1	|
________________________________________________________
19	|3,37	|3,68	|0	|0	|3,4	|2,78	|2,51	|3,34	|1,86	|3,46	|2,87	|3,51	|2,48	|3,14	|3,06	|2,93	|24,97	|16,31	|100	|20,47	|21,44	|14,71	|18,59	|18,28	|18,63	|9,41	|14,76	|16,13	|15,46	|11,18	|17,06	|16,54	|22,9	|16,88	|19,75	|21,25	|18,49	|18,17	|19,87	|13,13	|15,96	|16,88	|16,39	|16,55	|20,16	|0	|10,16	|0	|16,23	|13,21	|18,59	|18,48	|24,24	|16,63	|13,75	|17,78	|17,23	|11,7	|16,43	|16,4	|20,46	|0	|0	|17,04	|17,92	|17,81	|20,23	|16,47	|16,8	|16,82	|16,86	|16,57	|
________________________________________________________
20	|3,35	|18,18	|2,19	|2,45	|3,28	|3,07	|0	|3,6	|1,69	|3,31	|2,32	|3,77	|2,03	|2,82	|2,81	|3,09	|24,76	|18,64	|12,63	|100	|19,18	|13,89	|18,66	|18,74	|16,86	|10,76	|11,23	|18,82	|11,66	|11,18	|16,33	|16,79	|18,19	|18,18	|19,35	|17,48	|16,62	|16,93	|17,97	|15,03	|17,18	|16,39	|16,65	|16,66	|18,83	|13,46	|0	|14,72	|0	|13,63	|18,51	|18,46	|22,71	|16,69	|11,88	|21,32	|15,06	|12,81	|16,55	|16,85	|16,19	|14,99	|16,69	|14,02	|16,54	|16,77	|18,25	|15,58	|17,01	|16,89	|16,46	|16,86	|
________________________________________________________
21	|4,02	|4,03	|2,1	|0	|16,82	|2,85	|1,77	|3,63	|2,06	|3,31	|2,27	|2,82	|3,07	|2,77	|3,61	|3,11	|24,17	|18,5	|15,41	|22,34	|100	|12,19	|19,04	|18,89	|16,81	|11,04	|13,62	|19,06	|18,26	|11,12	|16,75	|16,15	|18,3	|16,5	|19,23	|17,82	|16,27	|16,07	|17,57	|15,2	|16,82	|16,31	|15,99	|16,03	|18,78	|13,15	|13,82	|0	|10,5	|0	|18,93	|18,96	|22,83	|16,81	|11,52	|15,3	|21,1	|11,92	|16,88	|16,86	|16,26	|15,3	|16,89	|14	|16,7	|15,99	|18,2	|15,36	|17,06	|16,75	|17,14	|16,74	|
________________________________________________________
22	|3,81	|4,17	|2,09	|3,41	|2,69	|2,65	|0	|0	|1,95	|4,3	|2,63	|3,28	|2,68	|3,36	|3,7	|3,26	|24,27	|18,5	|14,66	|22,44	|16,9	|100	|17,38	|20,42	|16,5	|10,74	|12,44	|18,48	|13,4	|13,45	|16,37	|15,94	|17,99	|16,56	|17,96	|19,67	|16,56	|16,06	|21,42	|15,75	|16,75	|19,29	|18,43	|18,11	|18,86	|13,43	|12,94	|19,91	|0	|10,25	|0	|20,38	|22,57	|16,54	|11,86	|19,36	|17,43	|13,26	|16,62	|16,77	|16,17	|14,6	|16,83	|15,64	|16,23	|16,75	|22,43	|0	|0	|20,5	|18,36	|18,38	|
________________________________________________________
23	|3,56	|3,87	|2,03	|2,93	|2,78	|16,28	|2,62	|2,5	|1,93	|2,62	|2,42	|3,38	|2,23	|2,98	|3,03	|3,86	|24,78	|18,41	|13,78	|22,43	|19,64	|12,93	|100	|19,87	|16,84	|10,99	|11,94	|16,11	|15,1	|10,14	|19,48	|12,11	|17,84	|16,1	|19,13	|17,13	|16,22	|16,21	|16,82	|16,28	|16,82	|16,12	|17,11	|16,23	|18,78	|13,18	|12,6	|18,49	|15,17	|0	|12,92	|0	|22,95	|16,71	|12,17	|18,51	|17,63	|11,79	|20,7	|14,73	|16,54	|15,35	|16,33	|13,86	|17,08	|16,65	|18,48	|15,81	|16,92	|16,71	|17,3	|17,13	|
________________________________________________________
24	|3,7	|4,09	|2,1	|3,29	|3,6	|3,18	|2,56	|0	|1,65	|3,15	|2,31	|3,33	|2,76	|3,24	|2,69	|2,65	|24,85	|18,31	|13,54	|22,5	|19,47	|15,18	|19,85	|100	|16,65	|10,5	|11,81	|16,71	|15,13	|12,78	|19,18	|19,11	|18,05	|16,56	|19,78	|17,66	|16,2	|16,34	|16,81	|14,48	|17,04	|15,87	|16,32	|16,11	|19,41	|13	|12,36	|19,29	|14,97	|13,89	|0	|8,05	|23,48	|16,89	|12,08	|18,21	|17,28	|12,16	|14,31	|21,49	|16,27	|15,02	|16,42	|13,77	|16,78	|16,53	|18,25	|15,59	|16,9	|16,16	|16,62	|16,95	|
________________________________________________________
25	|3,91	|3,98	|1,41	|2,88	|3,03	|2,65	|2,24	|2,94	|2,47	|3,48	|0	|4,17	|2,84	|3,26	|3,57	|3,23	|24,3	|19,96	|13,74	|20,15	|17,25	|12,21	|16,75	|16,57	|100	|14,54	|14,9	|18,98	|16,47	|12,24	|19,06	|18,92	|18,27	|16,62	|18,9	|17,11	|15,99	|16,1	|17,71	|15,06	|17,47	|16,92	|16,71	|16,69	|19,88	|9,33	|11,45	|16,73	|13,7	|11,12	|16,86	|16,88	|19,17	|0	|14,55	|20,93	|19,49	|14,1	|18,4	|19,09	|16,84	|14,86	|16,65	|13,92	|16,95	|15,92	|18,82	|16,04	|16,35	|17,29	|16,62	|16,66	|
________________________________________________________
26	|4,49	|2,79	|2,55	|2,82	|2,93	|2,97	|2,12	|3,33	|17,29	|2,93	|1,47	|3,76	|2,38	|2,96	|3,48	|3,26	|17,26	|22,2	|10,76	|19,96	|17,57	|12,33	|16,95	|16,22	|22,56	|100	|12,66	|19,07	|16,3	|12,26	|19,61	|18,65	|18,31	|15,68	|19,36	|17,55	|17,29	|16,15	|17,76	|14,8	|16,64	|16,13	|16,15	|16,62	|11,57	|16,6	|11,52	|16,28	|13,29	|10,99	|16,74	|16,74	|0	|10,81	|0	|21,54	|19,52	|13,7	|19,48	|18,83	|17,44	|15,2	|15,85	|13,75	|16,33	|16,73	|18,68	|15,87	|17,58	|17,32	|16,54	|16,77	|
________________________________________________________
27	|3,72	|3,95	|2,08	|3,48	|4,5	|2,66	|2,36	|3,41	|2,03	|2,74	|0	|0	|2,84	|3,05	|3,34	|3,24	|21,84	|16,47	|15,09	|18,62	|19,38	|12,76	|16,46	|16,31	|20,66	|11,32	|100	|17,27	|18,28	|13,44	|18,02	|18,12	|19,43	|18,83	|22,61	|16,74	|16,56	|20,71	|17,11	|15,26	|18,51	|14,85	|16,17	|16,51	|16,45	|11,59	|12,42	|16,58	|14,66	|12,07	|16,66	|17,15	|28,07	|0	|10,29	|0	|20,07	|13,92	|18,13	|18,41	|18,75	|16,56	|20,63	|0	|0	|20,05	|18,51	|15,91	|18,01	|16,47	|17,04	|16,65	|
________________________________________________________
28	|3,35	|4,1	|1,79	|3,39	|3,49	|2,93	|1,72	|3,05	|1,66	|17,45	|2,66	|2,74	|3,02	|3,31	|0	|3,55	|21,96	|16,62	|11,89	|22,5	|19,57	|13,68	|16,02	|16,63	|18,99	|12,29	|12,46	|100	|18,71	|13,56	|19,1	|18,66	|18,71	|17,11	|19,11	|17,45	|16,34	|16,75	|17,78	|14,65	|17,3	|16,42	|16,1	|17,16	|16,68	|11,53	|11,28	|20,72	|10,79	|11,65	|16,38	|16,57	|26,31	|18,64	|0	|14,8	|0	|14,04	|19,07	|19,23	|16,7	|15,13	|16,67	|13,76	|16,43	|16,43	|17,86	|15,94	|17,16	|16,37	|16,3	|16,85	|
________________________________________________________
29	|3,5	|2,94	|1,95	|2,32	|3,58	|2,4	|2,98	|2,95	|2,2	|3,63	|2,71	|0	|16,48	|2,81	|2,07	|3,68	|21,26	|16,63	|12,71	|15,54	|20,89	|11,06	|16,75	|16,79	|18,36	|11,72	|14,7	|20,85	|100	|11,26	|19,37	|18,73	|18,2	|16,14	|20,24	|16,94	|15,79	|16,03	|18	|14,71	|17,18	|16,75	|16,48	|16,94	|16,34	|11,21	|12,26	|13,07	|17,85	|11,58	|16,41	|16,79	|25,83	|18,62	|14,36	|0	|12,35	|0	|19,44	|19,08	|16,55	|14,17	|17,76	|12,9	|16,09	|15,92	|19	|15,81	|17,19	|16,48	|16,32	|16,99	|
________________________________________________________
30	|3,32	|3,5	|1,9	|2,66	|3,67	|3,09	|2,4	|3,68	|1,96	|3,63	|2,72	|3,85	|2,23	|2,93	|0	|0	|22,19	|16,38	|12,37	|20,07	|17,14	|14,94	|15,15	|19,09	|18,38	|11,87	|14,55	|20,36	|15,17	|100	|17,99	|19,42	|17,79	|16,25	|19	|17,94	|14,84	|19,13	|19,91	|16,96	|20,52	|16,55	|16,16	|20,05	|16,71	|11,98	|11,74	|16,99	|12,91	|13,06	|16,24	|18,53	|25,64	|19,01	|13,31	|22,02	|0	|11,03	|0	|20,09	|17,5	|15,17	|16,23	|14,18	|15,66	|18,24	|20,76	|17,67	|20,38	|0	|0	|20,07	|
________________________________________________________
31	|3,18	|3,43	|1,83	|2,96	|2,65	|3,04	|2,24	|3,87	|2,2	|3,28	|2,52	|3,51	|2,36	|16,74	|3,67	|2,08	|21,67	|15,97	|12,51	|19,41	|17,1	|12,05	|19,26	|18,98	|18,96	|12,58	|12,93	|18,99	|17,28	|11,91	|100	|20,76	|18,32	|16,5	|19,32	|16,49	|16,85	|16,6	|17,61	|15,16	|16,59	|16,74	|16,36	|16,53	|16,73	|11,65	|11,01	|16,68	|13,47	|11,38	|21,39	|14,18	|26,1	|18,74	|13,4	|20,75	|19,37	|0	|12,3	|0	|16,68	|15,43	|17,1	|14,01	|16,23	|16,16	|18,93	|15,65	|16,74	|17,06	|16,48	|16,9	|
________________________________________________________
32	|3,28	|3,53	|1,68	|2,87	|2,9	|2,11	|2,29	|2,53	|2,07	|3,1	|2,69	|3,88	|3,07	|3,49	|3,75	|0	|21,55	|16,64	|12,25	|20,16	|16,65	|11,85	|12,1	|19,1	|19	|12,07	|13,13	|18,73	|16,88	|12,99	|20,96	|100	|18,61	|16,65	|19,35	|17,03	|17,11	|16,03	|17,5	|14,6	|17,3	|16,5	|16,7	|16,02	|16,1	|11,68	|10,8	|16,88	|13,37	|12,9	|14,11	|21,15	|25,77	|19,18	|13,61	|21,23	|19,86	|14,54	|0	|8,61	|16,79	|14,88	|16,9	|13,9	|16,43	|16,65	|18,43	|15,79	|17,08	|17,2	|16,57	|16,47	|
________________________________________________________
33	|3,99	|4,03	|0	|3,41	|2,99	|1,67	|1,71	|3,44	|2,34	|3,39	|2,45	|3,6	|2,52	|2,77	|2,97	|3,13	|21,78	|16,27	|15,38	|19,8	|17,1	|12,12	|16,16	|16,36	|16,63	|10,74	|12,76	|17,03	|14,86	|10,79	|16,78	|16,87	|100	|18,72	|22,25	|19,57	|18,84	|18,99	|20,14	|10,43	|16,74	|16,1	|16,38	|17,08	|16,6	|11,47	|13,47	|16,38	|13,12	|13,08	|16,54	|16,87	|23,03	|17,04	|13,3	|18,44	|16,91	|11,94	|16,68	|16,66	|15,01	|0	|19,01	|15,5	|18,74	|18,84	|23,66	|14	|16,59	|17,02	|16,75	|16,74	|
________________________________________________________
34	|3,31	|21,59	|1,36	|3,27	|2,63	|3	|2,88	|2,9	|2	|3,23	|2,8	|3,61	|2,34	|2,64	|2,88	|2,82	|21,91	|16,3	|12,36	|21,59	|16,81	|12,17	|15,9	|16,37	|16,51	|10,04	|13,49	|16,99	|14,38	|10,75	|16,48	|16,47	|20,42	|100	|22,12	|19,35	|18,75	|18,97	|19,89	|17,26	|16,67	|15,95	|15,96	|16,87	|17,22	|11,3	|0	|16,94	|12,92	|11,38	|15,93	|16,49	|23,35	|16,63	|13,38	|18,21	|16,48	|12,12	|16,43	|17	|0	|12,48	|19,35	|15,86	|18,93	|18,17	|16,32	|20,99	|16,87	|17,29	|16,27	|17,03	|
________________________________________________________
35	|17,06	|3,6	|2,09	|2,52	|3,36	|2,57	|2,23	|3,63	|2,14	|3,18	|0	|3,86	|2,43	|2,19	|2,68	|3,28	|21,13	|17,06	|12,57	|19,96	|17,04	|11,47	|16,43	|17	|16,31	|10,78	|14,08	|16,5	|15,67	|10,93	|16,77	|16,63	|21,1	|19,22	|100	|18,54	|18,46	|18,77	|17,93	|15,12	|18,93	|12,61	|15,82	|17,06	|16,38	|11,27	|0	|16,53	|13,5	|11,7	|16,58	|16,98	|22,54	|16,58	|14,79	|17,54	|16,77	|13,09	|16,31	|16,54	|19,26	|17,04	|15,34	|0	|18,54	|18,41	|18,99	|15,77	|20,53	|14,84	|17,16	|17,01	|
________________________________________________________
36	|3,74	|4,47	|2,18	|0	|3,1	|2,98	|2,24	|2,23	|1,91	|16,91	|2,01	|4,09	|2,33	|3,27	|3,81	|2,95	|21,45	|16,52	|15,19	|20,25	|17,73	|14,11	|16,52	|17,04	|16,59	|10,97	|11,7	|16,91	|14,73	|11,59	|16,07	|16,44	|20,83	|18,89	|20,82	|100	|19,01	|19,53	|17,51	|14,92	|18,88	|19,61	|16,27	|16,59	|16,28	|11,55	|14,24	|16,56	|13,23	|11,77	|15,9	|16,67	|22,8	|16,63	|0	|18,67	|17,09	|12,13	|16,59	|16,56	|18,63	|16,92	|0	|12,05	|19,27	|18,81	|18,48	|15,72	|13,77	|21,41	|16,9	|16,45	|
________________________________________________________
37	|3,83	|4,07	|2,05	|2,98	|2,85	|2,79	|2,14	|2,91	|11,41	|3,1	|2,77	|2,85	|2,82	|2,65	|3,12	|3,88	|21,76	|16,61	|13,95	|20,33	|17,08	|12,54	|16,51	|16,5	|16,37	|11,41	|12,22	|16,71	|14,49	|10,12	|17,33	|17,43	|21,17	|19,31	|21,88	|20,06	|100	|18,33	|17,53	|15,56	|16,46	|16,59	|19,09	|11,6	|16,42	|11,73	|12,66	|16,69	|13,1	|11,94	|16,23	|16,82	|22,64	|16,62	|0	|18,5	|17,19	|12,36	|16,82	|16,8	|18,88	|17,51	|18,22	|15,93	|14,56	|0	|18,31	|15,98	|16,72	|17,31	|21,69	|14,35	|
________________________________________________________
38	|3,66	|4,25	|1,78	|3,12	|2,57	|2,73	|2,01	|2,9	|1,91	|3,65	|2,88	|0	|2,63	|3,1	|2,96	|2,69	|21,76	|15,98	|13,48	|20,36	|16,6	|11,96	|16,23	|16,37	|16,2	|10,48	|15,03	|16,86	|14,46	|12,82	|16,8	|16,06	|20,99	|19,22	|21,88	|20,28	|18,03	|100	|17,81	|15,39	|16,75	|16,46	|18,87	|18,99	|16,71	|11,57	|12,57	|16,88	|13,36	|11,65	|16,7	|17,08	|22,68	|16,25	|14,23	|17,5	|16,46	|11,6	|16,24	|16,22	|18,77	|16,97	|18,84	|16,25	|0	|15,02	|18,28	|15,82	|16,35	|16,84	|14,06	|21,79	|
________________________________________________________
39	|3,74	|4,38	|1,39	|3,04	|3,41	|2,93	|0	|3,78	|1,74	|3,09	|2,24	|3,46	|2,71	|3,28	|3,52	|3,35	|22,01	|16,37	|13,9	|20,37	|17,11	|15,04	|15,87	|15,88	|16,8	|10,86	|11,71	|16,86	|15,32	|12,58	|16,8	|16,53	|20,98	|19	|19,7	|17,13	|16,25	|16,79	|100	|16,12	|19,36	|18,77	|18,15	|19,05	|17,05	|11,39	|11,27	|17,46	|13,73	|14,04	|16,92	|16,17	|23,14	|16,73	|12,09	|18,5	|17,48	|13,98	|16,36	|16,71	|21,85	|12,48	|16,81	|14,05	|16,29	|16,33	|17,77	|0	|18,99	|19,01	|18,99	|19,26	|
________________________________________________________
40	|2,9	|4,26	|2,51	|2,53	|3,19	|17,97	|1,88	|3,25	|1,97	|3,07	|2,41	|3,27	|2,88	|3,07	|3,63	|3,45	|21,4	|16,56	|10,74	|19,94	|17,31	|12,94	|17,97	|16	|16,71	|10,59	|12,21	|16,26	|14,64	|12,54	|16,92	|16,13	|12,71	|19,28	|19,43	|17,08	|16,87	|16,97	|18,85	|100	|19,28	|18,03	|18,89	|18,54	|16,31	|11,89	|11,51	|16,71	|13,73	|0	|16,72	|16,73	|23,1	|16,99	|12,05	|18,23	|17,21	|13,58	|17,15	|16,5	|12,95	|20,55	|16,26	|13,57	|16,73	|16,44	|0	|13,29	|18,97	|19,34	|18,99	|18,77	|
________________________________________________________
41	|3,76	|3,69	|1,75	|3,58	|17,18	|2,69	|2,37	|2,6	|2,08	|3,31	|2,02	|3,3	|3	|3,17	|0	|3,52	|22,02	|16,26	|11,72	|20,44	|17,18	|12,34	|16,65	|16,88	|17,39	|10,68	|13,29	|17,21	|15,34	|13,6	|16,61	|17,15	|18,3	|16,71	|21,83	|19,39	|16,02	|16,57	|20,32	|17,3	|100	|19,05	|18,35	|18,6	|16,48	|11,29	|11,27	|16,72	|13,39	|0	|16,39	|16,58	|22,58	|16,9	|11,93	|18,45	|17,25	|14,67	|16,59	|16,89	|16,9	|14,95	|21,52	|11,29	|16,62	|16,46	|20,59	|18,02	|15	|0	|19,34	|19,76	|
________________________________________________________
42	|2,5	|3,6	|2,04	|2,45	|3,11	|3,24	|2,54	|0	|1,69	|3,51	|3,01	|3,44	|2,55	|17,09	|2,47	|3,35	|21,94	|16,24	|12,63	|19,88	|16,99	|14,49	|16,27	|16,03	|17,17	|10,56	|10,87	|16,66	|15,25	|11,19	|17,09	|16,67	|17,94	|16,3	|14,83	|20,54	|16,46	|16,6	|20,08	|16,49	|19,42	|100	|19,2	|18,8	|16,16	|11,02	|12,63	|17,44	|13,75	|14,33	|16,45	|16,72	|23,03	|16,34	|12,07	|18,58	|17,23	|0	|15,88	|17,23	|16,78	|15,15	|13,75	|18,6	|16,66	|16,69	|20,85	|17,83	|0	|14,44	|19,04	|19,73	|
________________________________________________________
43	|3,11	|3,52	|1,84	|2,77	|3,08	|3,22	|2,52	|3,28	|2,15	|2,64	|2,27	|4,29	|15,02	|2,79	|3,56	|2,76	|21,75	|16,24	|12,28	|20,22	|16,68	|13,87	|17,3	|16,51	|16,99	|10,58	|11,85	|16,36	|15,02	|10,94	|16,72	|16,9	|18,28	|16,33	|18,62	|17,06	|18,96	|19,05	|19,44	|17,3	|18,74	|19,23	|100	|19,1	|16,53	|11,58	|11,77	|16,95	|13,25	|13,03	|16,39	|16,36	|22,67	|16,17	|11,9	|18,67	|17,13	|0	|17,06	|16,61	|16,76	|15,33	|16,67	|14,43	|21,38	|13,96	|20,92	|18,02	|19,07	|19	|14,54	|0	|
________________________________________________________
44	|3,47	|3,7	|1,64	|3,03	|3,07	|3,07	|2,31	|3,33	|1,35	|2,75	|2,47	|2,89	|2,88	|3,41	|3,75	|0	|22,12	|16,51	|12,28	|20,03	|16,56	|13,49	|16,25	|16,14	|16,79	|10,78	|11,98	|17,26	|15,29	|13,43	|16,73	|16,05	|18,88	|17,1	|19,89	|17,22	|11,41	|18,99	|20,21	|16,81	|18,81	|18,64	|18,91	|100	|16,52	|10,92	|11,04	|17,56	|13,54	|13,64	|16,37	|16,19	|22,71	|16,88	|13,12	|18,31	|16,92	|14,73	|15,93	|16,46	|17,2	|14,97	|16,93	|13,58	|14,3	|21,78	|21,21	|18,27	|19,08	|19,46	|0	|13,98	|
________________________________________________________
45	|0	|4,46	|2,09	|3,44	|3,2	|2,99	|2,33	|3,15	|1,35	|2,85	|2,84	|3,83	|2,44	|2,79	|3,25	|2,83	|19,27	|0	|14,95	|22,64	|19,38	|14,03	|18,79	|19,43	|19,99	|7,5	|11,93	|16,77	|14,74	|11,19	|16,92	|16,12	|18,33	|17,44	|19,08	|16,89	|16,13	|16,7	|18,08	|14,78	|16,65	|16,01	|16,36	|16,51	|100	|13,82	|13,6	|19,35	|15,21	|13,11	|18,67	|19,09	|26,58	|19,95	|13,44	|18,36	|16,81	|12,14	|16,66	|16,87	|16,77	|14,64	|17,44	|13,78	|16,68	|15,91	|18,96	|15,41	|16,76	|17,21	|16,19	|16,8	|
________________________________________________________
46	|2,65	|4,23	|15,18	|2,94	|3,28	|3,27	|2,27	|3,33	|2,59	|2,98	|2,84	|3,02	|2,54	|2,73	|3,21	|3,05	|0	|12,94	|0	|23,4	|19,63	|14,45	|19,07	|18,82	|13,57	|15,56	|12,16	|16,76	|14,62	|11,6	|17,03	|16,91	|18,32	|16,55	|18,99	|17,33	|16,66	|16,72	|17,46	|15,58	|16,5	|15,78	|16,57	|15,78	|19,98	|100	|11,32	|19,97	|15,62	|12,8	|18,93	|19,67	|18,32	|20,33	|10,71	|18,82	|17	|12,61	|16,71	|16,43	|16,59	|15,18	|16,38	|13,51	|16,62	|16,66	|18,27	|15,4	|17,34	|17,04	|16,91	|16,78	|
________________________________________________________
47	|0	|0	|1,79	|2,73	|3,61	|3,06	|2,4	|2,99	|2,12	|3,74	|2,98	|3,8	|2,62	|3,04	|4,69	|2,94	|26,85	|0	|11,09	|0	|20,98	|14,18	|18,55	|18,2	|16,94	|10,99	|13,25	|16,68	|16,27	|11,56	|16,38	|15,91	|21,9	|0	|0	|21,74	|18,31	|18,49	|17,58	|15,35	|16,75	|18,41	|17,14	|16,24	|20,01	|11,52	|100	|16,53	|16,51	|13,81	|18,39	|18,28	|22,55	|17,21	|13,88	|17,37	|19,28	|12,24	|16,21	|16,67	|20,52	|14,95	|16,68	|17,74	|19,04	|18,52	|18,79	|15,82	|14,66	|18,94	|16,53	|16,11	|
________________________________________________________
48	|3,97	|3,23	|1,76	|16,61	|0	|3,11	|2,57	|3,62	|1,95	|3,5	|2,24	|4,05	|1,85	|2,82	|3,54	|3,19	|24,72	|18,94	|0	|17,42	|0	|14,58	|18,2	|19	|16,56	|10,39	|11,83	|20,5	|11,6	|11,2	|16,6	|16,64	|17,8	|16,88	|18,94	|16,91	|16,14	|16,6	|18,21	|14,9	|16,62	|17	|16,5	|17,27	|19,04	|13,59	|11,06	|100	|16,19	|14,33	|19,34	|18,77	|23,21	|16,4	|12,16	|21,76	|19,57	|13,36	|16,53	|16,61	|16,4	|15,37	|16,61	|14,04	|16,66	|16,57	|18,55	|15,63	|16,32	|17,51	|16,61	|17,11	|
________________________________________________________
49	|3,88	|0	|2,34	|3,41	|2,15	|3,15	|15,86	|2,98	|1,95	|2,47	|2,34	|2,5	|3,15	|2,96	|3,51	|2,68	|24,1	|19,16	|14,85	|0	|13,37	|0	|18,73	|18,49	|17	|10,63	|13,12	|13,39	|19,86	|10,67	|16,8	|16,52	|17,87	|16,13	|19,41	|16,93	|15,88	|16,47	|17,95	|15,35	|16,69	|16,81	|16,17	|16,69	|18,76	|13,33	|13,85	|20,3	|100	|11,63	|19,6	|19,5	|22,81	|16,82	|12,13	|13,85	|20,46	|11,24	|16,41	|16,28	|16,34	|14,73	|16,89	|13,83	|16,47	|15,97	|18,9	|15,86	|15,94	|16,83	|16,94	|17,3	|
________________________________________________________
50	|4	|4,21	|1,75	|3,63	|0	|0	|2,22	|3,11	|1,73	|2,94	|2,14	|3,35	|2,73	|3,67	|3,7	|3,06	|24,46	|18,8	|14,11	|23,6	|0	|10,99	|0	|20,02	|16,1	|10,26	|12,61	|16,87	|15,04	|12,6	|16,58	|18,6	|20,8	|16,59	|19,62	|17,58	|16,9	|16,77	|21,43	|0	|0	|20,45	|18,56	|19,63	|18,88	|12,75	|13,52	|20,96	|13,58	|100	|17,62	|20,16	|23,07	|16,84	|12,1	|18,39	|17,12	|14,99	|15,04	|18,05	|19,45	|13,29	|16,86	|13,95	|15,78	|16,09	|22,94	|16,24	|16,92	|20,84	|18,42	|19,27	|
________________________________________________________
51	|3,74	|3,86	|1,99	|3,24	|3,48	|2,16	|2,22	|17,77	|1,79	|2,85	|2,33	|3,44	|2,38	|3,81	|2,92	|3,48	|24,93	|18,83	|13,83	|22,34	|19,61	|0	|12,97	|0	|17,01	|10,89	|12,12	|16,53	|14,86	|10,91	|21,71	|14,18	|18,33	|16,19	|19,39	|16,56	|16,01	|16,76	|18	|15,21	|16,62	|16,36	|16,28	|16,42	|18,74	|13,14	|12,55	|19,73	|15,95	|12,28	|100	|20,08	|23,15	|16,73	|12,1	|18,65	|17,29	|12,22	|19,04	|18,48	|16,97	|15,41	|17,25	|13,75	|16,45	|16,45	|18,46	|16,15	|17,77	|16,49	|16,95	|16,47	|
________________________________________________________
52	|3,91	|4,19	|2,07	|3,23	|3,48	|0	|2,62	|3,37	|1,86	|2,96	|2,24	|3,47	|2,8	|2,44	|3,03	|1,98	|24,41	|19,08	|13,63	|22,07	|19,46	|15,09	|0	|8,01	|16,89	|10,79	|12,37	|16,57	|15,06	|12,34	|14,26	|21,06	|18,54	|16,6	|19,67	|17,2	|16,44	|16,97	|17,05	|15,08	|16,66	|16,47	|16,1	|16,1	|18,99	|13,53	|12,35	|18,97	|15,72	|13,92	|19,9	|100	|22,63	|16,49	|12,67	|18,33	|16,56	|12,06	|11,52	|18,71	|16,5	|15,44	|16,78	|13,77	|16,39	|16,62	|18,06	|15,79	|16,26	|16,69	|16,34	|16,58	|
________________________________________________________
53	|2,64	|3,94	|1,36	|2,89	|2,89	|2,65	|2,16	|2,95	|0	|3,59	|2,75	|3,91	|2,74	|3,26	|3,47	|3,44	|23,8	|14,05	|13,02	|19,78	|17,07	|12,17	|16,63	|17,02	|13,97	|0	|14,75	|19,16	|16,87	|12,44	|19,11	|18,69	|18,42	|17,12	|19,02	|17,13	|16,12	|16,42	|17,77	|15,16	|16,52	|16,52	|16,25	|16,44	|19,25	|9,18	|11,1	|17,08	|13,39	|11,6	|16,7	|16,48	|100	|19,25	|13,52	|20,96	|18,91	|13,68	|19,01	|18,97	|16,71	|14,78	|16,94	|14,39	|16,4	|15,81	|18,71	|15,93	|16,87	|16,95	|16,85	|16,84	|
________________________________________________________
54	|3,97	|3,69	|2,18	|2,53	|2,81	|3	|2,14	|2,89	|1,07	|3,45	|13,86	|3,47	|2,61	|2,99	|3,36	|3,44	|19,07	|19,91	|12,22	|19,88	|17,19	|12,2	|16,57	|16,76	|0	|6,95	|0	|18,57	|16,64	|12,62	|18,78	|19,03	|18,65	|16,69	|19,14	|17,09	|16,19	|16,09	|17,58	|15,25	|16,92	|16,05	|15,86	|16,72	|19,77	|13,93	|11,59	|16,51	|13,51	|11,59	|16,51	|16,43	|26,33	|100	|12,15	|21,12	|19,02	|13,7	|19,23	|19,12	|16,97	|15	|16,49	|13,86	|16,99	|16,38	|18,43	|15,82	|16,81	|17,14	|16,67	|16,62	|
________________________________________________________
55	|4,18	|3,91	|1,89	|3,59	|2,96	|2,73	|2,18	|2,98	|0	|0	|2,1	|3,45	|2,98	|3,2	|3,65	|3,26	|22,99	|16,73	|14,03	|19,65	|16,37	|12,15	|16,76	|16,65	|20,14	|0	|10,27	|0	|17,83	|12,27	|18,65	|18,76	|20,22	|18,66	|23,71	|0	|0	|19,58	|17,64	|15,04	|16,59	|16,47	|16,21	|18,05	|18,51	|10,2	|12,99	|17,01	|13,54	|11,56	|16,59	|17,54	|25,7	|16,88	|100	|19,15	|21,22	|15,04	|18,38	|19,4	|19,15	|16,15	|20,44	|14,21	|16,81	|19,93	|17,94	|15,98	|16,95	|16,43	|15,13	|18,4	|
________________________________________________________
56	|3,2	|4,01	|1,58	|3,24	|2,39	|2,88	|1,55	|3,06	|2,34	|2,28	|2,44	|18,32	|0	|3,32	|3,54	|3,29	|21,92	|16,73	|11,93	|23,18	|14,28	|13,04	|16,75	|16,49	|19,04	|12,63	|0	|13,46	|0	|13,34	|18,98	|19,23	|18,43	|16,67	|18,49	|17,52	|16,45	|15,82	|17,74	|14,95	|16,86	|16,65	|16,71	|16,55	|16,61	|11,77	|10,68	|20	|10,15	|11,55	|16,8	|16,67	|26,18	|19,27	|12,58	|100	|20,88	|13,35	|18,7	|18,55	|17,09	|15,66	|15,82	|15,04	|18,32	|15,82	|18,57	|16,32	|16,77	|16,95	|16,46	|16,92	|
________________________________________________________
57	|3,29	|3,05	|1,98	|3,1	|3,55	|2,7	|2,62	|2,78	|2,26	|0	|2,82	|4,01	|1,78	|3,26	|17,62	|3,06	|21,73	|16,59	|12,34	|17,49	|21,03	|12,53	|17,04	|16,71	|18,93	|12,23	|14,06	|0	|10,76	|0	|18,92	|19,21	|18,04	|16,12	|18,88	|17,13	|16,32	|15,89	|17,91	|15,07	|16,84	|16,49	|16,38	|16,34	|16,24	|11,36	|12,66	|19,21	|16,02	|11,48	|16,64	|16,08	|25,22	|18,54	|14,89	|22,3	|100	|12,35	|18,75	|19,03	|16,37	|14,63	|16,64	|14,22	|16,17	|15,98	|18,7	|16,23	|16,56	|17,62	|16,41	|16,74	|
________________________________________________________
58	|3,65	|3,6	|1,73	|4,18	|3,48	|3,05	|2,15	|3,45	|2,09	|3,5	|2,52	|3,59	|0	|0	|3,07	|3,31	|21,59	|17,08	|11,89	|21,1	|16,86	|13,53	|16,16	|16,69	|19,44	|12,17	|13,83	|19,35	|0	|10,13	|0	|19,95	|18,08	|16,83	|20,89	|17,25	|16,65	|15,89	|20,31	|16,87	|20,32	|0	|0	|20,18	|16,64	|11,95	|11,4	|18,61	|12,49	|14,27	|16,69	|16,62	|25,89	|18,95	|14,97	|20,23	|17,52	|100	|17,04	|19,56	|17,01	|14,73	|17,78	|12,45	|16,31	|16,07	|21,09	|17,73	|20,04	|17,55	|17,37	|20,21	|
________________________________________________________
59	|3,23	|3,68	|1,75	|2,83	|3,08	|3,55	|1,97	|3,32	|2,18	|3,5	|2,6	|3,57	|3,12	|1,95	|2,77	|17,91	|21,63	|16,56	|12,26	|20,02	|17,53	|12,45	|20,84	|14,41	|18,62	|12,71	|13,23	|19,29	|17,65	|0	|12,52	|0	|18,54	|16,74	|19,12	|17,32	|16,64	|16,33	|17,45	|15,64	|16,87	|15,83	|16,99	|16,02	|16,77	|11,63	|11,09	|16,91	|13,38	|10,51	|19,09	|11,66	|26,42	|19,52	|13,44	|20,8	|19,54	|12,51	|100	|21,06	|16,91	|15,1	|16,73	|13,76	|16,3	|16,63	|18,42	|16,28	|16,73	|16,9	|17,91	|16,37	|
________________________________________________________
60	|3,38	|3,73	|1,79	|2,6	|2,99	|2,5	|2,32	|3,02	|2,05	|3,33	|2,55	|4,07	|3,09	|0	|3,94	|3,7	|22,07	|16,86	|12,13	|20,19	|17,35	|12,45	|14,69	|21,45	|19,15	|12,18	|13,32	|19,28	|17,16	|13,42	|0	|8,59	|18,35	|17,16	|19,21	|17,13	|16,47	|16,16	|17,66	|14,91	|17,01	|17,02	|16,39	|16,4	|16,82	|11,33	|11,3	|16,83	|13,15	|12,5	|18,36	|18,76	|26,11	|19,25	|14,05	|20,45	|19,65	|14,23	|20,87	|100	|16,97	|14,59	|16,57	|14,11	|16,36	|16,92	|18,23	|16,09	|16,09	|17,03	|15,94	|16,29	|
________________________________________________________
61	|4,27	|0	|1,84	|3,46	|2,95	|2,03	|2,44	|3,46	|2,21	|3,34	|2,5	|3,91	|2,3	|2,84	|2,97	|3,06	|22,21	|16,28	|15,08	|19,35	|16,69	|11,97	|16,45	|16,2	|16,84	|11,24	|13,52	|16,69	|14,85	|11,66	|16,77	|16,71	|16,48	|0	|22,31	|19,21	|18,45	|18,65	|23,03	|11,67	|16,98	|16,53	|16,49	|17,09	|16,67	|11,4	|13,86	|16,57	|13,17	|13,43	|16,81	|16,49	|22,94	|17,02	|13,83	|18,78	|16,85	|12,34	|16,71	|16,92	|100	|16,93	|19,03	|15,76	|18,81	|18,85	|22,33	|18,4	|16,92	|16,36	|16,86	|16,89	|
________________________________________________________
62	|3,83	|2,92	|11,68	|2,83	|2,84	|3,67	|2,54	|2,74	|2,14	|3,39	|2,52	|4,04	|2,42	|2,87	|2,82	|3	|21,48	|16,95	|0	|20,04	|17,56	|12,09	|17,08	|16,72	|16,62	|10,96	|13,36	|16,91	|14,21	|11,3	|17,35	|16,57	|0	|14,05	|22,08	|19,52	|19,14	|18,86	|14,71	|20,71	|16,8	|16,7	|16,87	|16,64	|16,28	|11,68	|11,3	|17,37	|13,28	|10,27	|17,07	|17,26	|22,69	|16,83	|13,04	|19,25	|16,84	|11,95	|16,68	|16,28	|18,93	|100	|19,1	|15,56	|18,69	|18,61	|12,99	|17,65	|17,76	|16,73	|16,8	|16,93	|
________________________________________________________
63	|3,01	|4,37	|1,71	|16,8	|3,74	|2,51	|1,95	|3,49	|2,08	|0	|2,53	|3,86	|2,59	|2,22	|3,51	|3,41	|21,63	|16,25	|0	|19,97	|17,35	|12,47	|16,26	|16,36	|16,67	|10,23	|14,89	|16,68	|15,95	|10,82	|17,21	|16,85	|20,89	|19,51	|17,79	|0	|17,83	|18,74	|17,74	|14,66	|21,64	|13,56	|16,42	|16,85	|17,36	|11,27	|11,29	|16,8	|13,63	|11,65	|17,11	|16,79	|23,29	|16,57	|14,78	|17,41	|17,15	|12,92	|16,55	|16,55	|19,06	|17,1	|100	|15,72	|18,47	|18,52	|19	|15,37	|19,46	|19,43	|16,77	|17,23	|
________________________________________________________
64	|0	|4,83	|2,08	|3,16	|2,22	|2,97	|1,95	|1,86	|2,17	|2,29	|16,66	|3,54	|2,22	|3,84	|3,71	|2,63	|21,24	|16,25	|15,05	|20,07	|17,21	|13,86	|16,52	|16,42	|16,68	|10,62	|0	|16,48	|13,86	|11,31	|16,87	|16,57	|20,39	|19,13	|0	|14,89	|18,65	|19,35	|17,74	|14,65	|13,59	|21,95	|17	|16,16	|16,41	|11,13	|14,36	|16,99	|13,35	|11,54	|16,32	|16,49	|23,67	|16,66	|12,29	|19,81	|17,53	|10,82	|16,29	|16,85	|18,87	|16,67	|18,81	|100	|18,95	|18,93	|18,27	|15,68	|10,67	|19,58	|16,72	|16,72	|
________________________________________________________
65	|3,73	|4,07	|1,96	|3	|2,93	|2,57	|2,13	|2,82	|1,59	|3,57	|2,23	|20,23	|3,28	|2,67	|2,93	|3,47	|21,85	|16,48	|13,27	|19,85	|17,21	|12,06	|17,06	|16,78	|17,02	|10,57	|0	|16,49	|14,49	|10,47	|16,39	|16,42	|20,67	|19,14	|21,57	|19,96	|14,29	|0	|17,24	|15,14	|16,77	|16,48	|21,13	|14,27	|16,65	|11,48	|12,92	|16,91	|13,33	|10,94	|16,37	|16,45	|22,61	|17,12	|12,19	|20,23	|16,71	|11,89	|16,17	|16,39	|18,89	|16,78	|18,53	|15,89	|100	|18,04	|18,26	|16,09	|16,62	|17,11	|18,97	|19,87	|
________________________________________________________
66	|3,72	|4,12	|2,1	|3,34	|2,77	|2,77	|2,06	|3	|0	|3,61	|2,87	|3,57	|1,95	|3,17	|2,84	|1,9	|21,89	|16,32	|13,34	|20,37	|16,68	|12,6	|16,83	|16,72	|16,18	|10,96	|14,69	|16,69	|14,51	|12,35	|16,51	|16,85	|21,03	|18,59	|21,67	|19,72	|0	|15,17	|17,49	|15,05	|16,81	|16,71	|13,96	|22	|16,07	|11,64	|12,72	|17,02	|13,08	|11,29	|16,57	|16,88	|22,05	|16,71	|14,63	|17,68	|16,71	|11,85	|16,7	|17,14	|19,16	|16,91	|18,8	|16,06	|18,26	|100	|18,74	|16,24	|16,37	|16,54	|11,57	|19,12	|
________________________________________________________
67	|3,86	|3,2	|1,21	|2,69	|3,53	|0	|2,58	|3,6	|1,91	|2,69	|2,3	|3,22	|2,75	|3,33	|3,34	|3,38	|21,88	|16,6	|13,41	|19,61	|16,79	|14,92	|16,52	|16,32	|16,92	|10,82	|11,99	|16,04	|15,32	|12,42	|17,1	|16,49	|23,35	|14,76	|19,77	|17,13	|16,09	|16,33	|16,84	|0	|18,59	|18,46	|18,5	|18,95	|16,95	|11,29	|11,41	|16,84	|13,69	|14,24	|16,44	|16,23	|23,09	|16,62	|11,65	|18,34	|17,3	|13,75	|16,36	|16,34	|20,07	|10,44	|17,06	|13,71	|16,34	|16,57	|100	|18,77	|19,14	|19,04	|19,02	|18,82	|
________________________________________________________
68	|3,18	|4,51	|1,87	|2,63	|3,32	|2,26	|13,39	|3,22	|1,97	|2,85	|2,26	|3,42	|2,69	|2,93	|3,5	|3,38	|22,12	|17,01	|12,72	|19,5	|16,51	|0	|16,46	|16,25	|16,8	|10,72	|12,01	|16,69	|14,85	|12,32	|16,48	|16,46	|16,11	|22,13	|19,13	|16,98	|16,36	|16,46	|0	|12,54	|18,96	|18,39	|18,57	|19,01	|16,05	|11,09	|11,2	|16,54	|13,39	|11,74	|16,76	|16,53	|22,9	|16,63	|12,09	|18,79	|17,5	|13,47	|16,85	|16,8	|19,27	|16,53	|16,08	|13,71	|16,78	|16,73	|21,87	|100	|19,82	|19,2	|18,85	|19,77	|
________________________________________________________
69	|4,12	|3,53	|1,52	|3,21	|2,93	|3,24	|2,14	|17,56	|2,18	|2,62	|1,51	|3,43	|3,03	|0	|3,59	|3,59	|21,91	|17,14	|12,36	|20,28	|17,47	|0	|16,79	|16,78	|16,31	|11,31	|12,95	|17,11	|15,38	|13,54	|16,79	|16,96	|18,17	|16,94	|23,72	|14,17	|16,3	|16,21	|19,97	|17,05	|15,03	|0	|18,71	|18,92	|16,62	|11,9	|9,89	|16,45	|12,82	|11,65	|17,56	|16,22	|23,11	|16,83	|12,21	|18,39	|17,01	|14,51	|16,49	|16,01	|16,88	|15,84	|19,39	|8,88	|16,51	|16,07	|21,25	|18,88	|100	|19,11	|18,99	|18,81	|
________________________________________________________
70	|2,92	|3,84	|1,86	|3,49	|0	|3,26	|2,6	|3,25	|2	|3,63	|2,82	|3,42	|2,85	|2,57	|17,96	|2,87	|21,17	|16,35	|12,29	|20	|17,02	|15,02	|16,47	|15,93	|17,13	|11,06	|11,77	|16,2	|14,64	|0	|16,99	|16,96	|18,51	|17,24	|17,02	|21,87	|16,76	|16,58	|19,84	|17,27	|0	|14,09	|18,52	|19,16	|16,95	|11,61	|12,68	|17,53	|13,43	|14,25	|16,18	|16,53	|23,05	|17,03	|11,75	|18,45	|17,96	|12,61	|16,54	|16,82	|16,2	|14,82	|19,23	|16,19	|16,88	|16,12	|20,98	|18,15	|18,97	|100	|18,92	|18,94	|
________________________________________________________
71	|3,46	|3,46	|1,93	|2,89	|3,27	|2,98	|2,42	|3,58	|2,43	|2,76	|2,06	|3,97	|2,08	|3,4	|2,93	|17,72	|21,6	|16,41	|12,44	|19,7	|17,62	|13,61	|17,23	|16,56	|16,64	|10,68	|12,3	|16,32	|14,66	|0	|16,59	|16,52	|18,42	|16,41	|19,9	|17,45	|21,23	|13,99	|20,05	|17,14	|19,45	|18,78	|14,32	|0	|16,12	|11,64	|11,19	|16,8	|13,67	|12,73	|16,82	|16,36	|23,16	|16,75	|10,94	|18,12	|16,91	|12,62	|17,72	|15,92	|16,88	|15,04	|16,78	|13,98	|18,92	|11,4	|21,19	|18,02	|19,07	|19,13	|100	|19,36	|
________________________________________________________
72	|3,48	|3,6	|1,8	|2,88	|3,39	|3	|2,27	|3,1	|1,51	|2,95	|2,43	|3,85	|0	|3,55	|3,71	|3,38	|21,89	|16,79	|12,11	|19,97	|17,03	|13,48	|16,89	|16,72	|16,51	|10,72	|11,9	|16,7	|15,1	|13,25	|16,84	|16,25	|18,22	|17	|19,53	|16,82	|13,9	|21,46	|20,12	|16,77	|19,67	|19,26	|0	|13,77	|16,55	|11,44	|10,79	|17,14	|13,82	|13,19	|16,17	|16,43	|22,92	|16,53	|13,17	|18,44	|17,08	|14,53	|16,04	|16,1	|16,74	|15	|17,06	|13,84	|19,61	|18,65	|20,76	|18,71	|18,69	|18,95	|19,16	|100	|
________________________________________________________
