0	|1	|2	|3	|4	|5	|6	|7	|8	|9	|10	|11	|12	|13	|14	|15	|16	|17	|18	|19	|20	|21	|22	|23	|24	|25	|26	|27	|28	|29	|30	|31	|32	|33	|34	|35	|36	|37	|38	|39	|40	|41	|42	|43	|44	|45	|46	|47	|48	|49	|50	|51	|52	|53	|54	|55	|56	|57	|58	|59	|60	|61	|62	|63	|64	|65	|66	|67	|68	|69	|70	|71	|72	|
1	|3303	|107	|55	|107	|142	|86	|94	|154	|98	|112	|0	|126	|89	|49	|85	|111	|836	|3303	|415	|669	|689	|471	|591	|615	|653	|484	|448	|560	|525	|370	|534	|546	|733	|557	|3303	|644	|625	|608	|659	|437	|631	|412	|511	|577	|0	|304	|0	|670	|523	|461	|620	|653	|606	|666	|505	|588	|566	|443	|533	|564	|714	|573	|503	|0	|620	|612	|717	|508	|691	|493	|578	|586	|
________________________________________________________
2	|107	|3632	|59	|111	|108	|131	|0	|119	|60	|134	|117	|136	|74	|104	|109	|105	|937	|589	|453	|3632	|691	|516	|644	|681	|665	|301	|476	|685	|441	|390	|577	|588	|739	|3632	|697	|770	|665	|706	|771	|642	|620	|593	|578	|615	|741	|486	|0	|545	|0	|486	|639	|700	|905	|618	|472	|737	|524	|436	|608	|621	|0	|436	|729	|674	|678	|677	|595	|720	|592	|648	|577	|607	|
________________________________________________________
3	|55	|59	|1745	|42	|54	|72	|44	|38	|56	|66	|63	|70	|56	|61	|76	|54	|0	|218	|0	|438	|361	|259	|338	|350	|235	|275	|251	|299	|292	|212	|307	|280	|0	|228	|405	|375	|334	|296	|245	|378	|294	|336	|302	|272	|347	|1745	|202	|298	|315	|202	|329	|346	|311	|366	|228	|290	|341	|210	|289	|299	|307	|1745	|285	|290	|326	|346	|225	|298	|255	|313	|322	|303	|
________________________________________________________
4	|107	|111	|42	|2804	|0	|72	|54	|115	|74	|0	|60	|125	|48	|66	|112	|130	|741	|575	|0	|490	|0	|422	|487	|548	|481	|304	|419	|567	|348	|296	|498	|477	|625	|551	|488	|0	|487	|518	|535	|381	|601	|404	|456	|504	|572	|338	|308	|2804	|459	|419	|536	|540	|662	|425	|433	|595	|534	|507	|467	|433	|579	|423	|2804	|441	|499	|550	|500	|419	|538	|588	|483	|486	|
________________________________________________________
5	|142	|108	|54	|0	|2884	|78	|58	|104	|90	|99	|45	|81	|101	|75	|0	|96	|716	|538	|419	|655	|2884	|333	|462	|598	|506	|316	|542	|583	|537	|408	|446	|482	|549	|443	|650	|534	|466	|427	|601	|481	|2884	|512	|506	|510	|532	|377	|408	|0	|290	|0	|576	|582	|664	|471	|357	|439	|611	|422	|509	|499	|493	|425	|625	|309	|487	|455	|657	|530	|491	|0	|545	|571	|
________________________________________________________
6	|86	|131	|72	|72	|78	|2706	|69	|78	|59	|106	|76	|81	|71	|102	|106	|114	|624	|465	|342	|613	|489	|328	|2706	|529	|443	|320	|320	|489	|360	|344	|511	|351	|307	|505	|497	|513	|455	|453	|517	|2706	|451	|533	|529	|510	|497	|376	|346	|525	|424	|0	|357	|0	|608	|503	|329	|529	|465	|370	|586	|416	|340	|548	|419	|414	|428	|456	|0	|360	|543	|550	|497	|505	|
________________________________________________________
7	|94	|0	|44	|54	|58	|69	|2136	|64	|48	|57	|57	|50	|88	|75	|97	|72	|545	|435	|309	|0	|304	|0	|435	|426	|374	|228	|284	|287	|446	|267	|376	|381	|314	|485	|432	|386	|349	|333	|0	|283	|398	|418	|415	|383	|388	|261	|271	|434	|2136	|256	|368	|437	|496	|359	|263	|284	|450	|261	|326	|387	|408	|379	|325	|272	|355	|339	|479	|2136	|358	|439	|404	|383	|
________________________________________________________
8	|154	|119	|38	|115	|104	|78	|64	|2942	|75	|74	|40	|106	|86	|0	|82	|122	|757	|594	|412	|720	|622	|0	|415	|0	|492	|359	|411	|509	|442	|410	|650	|421	|631	|488	|703	|384	|475	|481	|666	|490	|436	|0	|540	|553	|523	|383	|338	|611	|402	|359	|2942	|563	|676	|485	|360	|563	|478	|418	|548	|503	|579	|409	|583	|260	|469	|493	|670	|514	|2942	|548	|597	|522	|
________________________________________________________
9	|98	|60	|56	|74	|90	|59	|48	|75	|1863	|46	|27	|61	|50	|56	|67	|96	|306	|408	|229	|337	|353	|241	|320	|274	|412	|1863	|245	|277	|329	|218	|370	|344	|430	|337	|415	|329	|1863	|318	|306	|297	|350	|279	|353	|225	|224	|298	|239	|330	|262	|200	|296	|310	|0	|180	|0	|429	|389	|253	|360	|341	|369	|320	|348	|303	|265	|0	|355	|314	|365	|338	|405	|255	|
________________________________________________________
10	|112	|134	|66	|0	|99	|106	|57	|74	|46	|2915	|60	|103	|81	|110	|0	|110	|617	|471	|426	|661	|568	|532	|436	|524	|581	|316	|330	|2915	|544	|404	|551	|515	|623	|543	|615	|2915	|507	|606	|544	|463	|555	|578	|434	|457	|474	|342	|422	|591	|332	|339	|472	|495	|823	|578	|0	|419	|0	|424	|578	|555	|559	|506	|0	|320	|594	|594	|500	|454	|439	|612	|460	|498	|
________________________________________________________
11	|0	|117	|63	|60	|45	|76	|57	|40	|27	|60	|2324	|64	|56	|94	|102	|64	|427	|457	|353	|463	|389	|325	|402	|384	|0	|158	|0	|445	|406	|303	|423	|447	|450	|471	|0	|346	|452	|478	|394	|363	|339	|496	|373	|410	|472	|326	|337	|378	|315	|247	|386	|375	|630	|2324	|254	|449	|485	|306	|429	|425	|417	|377	|423	|2324	|371	|472	|427	|361	|253	|475	|343	|410	|
________________________________________________________
12	|126	|136	|70	|125	|81	|81	|50	|106	|61	|103	|64	|3366	|0	|106	|121	|130	|774	|547	|432	|753	|483	|406	|561	|554	|697	|405	|0	|458	|0	|428	|589	|645	|660	|608	|748	|705	|466	|0	|609	|493	|554	|567	|706	|480	|636	|347	|429	|684	|337	|386	|570	|579	|898	|582	|416	|3366	|689	|435	|590	|679	|653	|603	|644	|494	|3366	|587	|598	|545	|574	|577	|663	|649	|
________________________________________________________
13	|89	|74	|56	|48	|101	|71	|88	|86	|50	|81	|56	|0	|2470	|59	|70	|87	|546	|423	|306	|405	|526	|332	|371	|459	|475	|256	|342	|505	|2470	|248	|397	|510	|463	|394	|470	|402	|461	|436	|477	|433	|503	|420	|2470	|478	|406	|292	|296	|313	|424	|315	|394	|467	|628	|438	|360	|0	|306	|0	|516	|515	|385	|362	|433	|309	|545	|320	|511	|430	|508	|481	|347	|0	|
________________________________________________________
14	|49	|104	|61	|66	|75	|102	|75	|0	|56	|110	|94	|106	|59	|2813	|88	|78	|633	|427	|387	|564	|475	|416	|496	|539	|544	|319	|368	|553	|421	|326	|2813	|581	|509	|445	|424	|564	|432	|514	|578	|462	|532	|2813	|458	|567	|463	|314	|343	|477	|398	|424	|631	|408	|748	|502	|386	|609	|560	|0	|322	|0	|475	|429	|371	|536	|444	|522	|620	|467	|0	|434	|568	|598	|
________________________________________________________
15	|85	|109	|76	|112	|0	|106	|97	|82	|67	|0	|102	|121	|70	|88	|3031	|67	|640	|465	|377	|562	|619	|458	|503	|447	|597	|375	|403	|0	|310	|0	|617	|624	|546	|484	|518	|657	|510	|492	|620	|546	|0	|407	|586	|623	|540	|369	|530	|597	|473	|427	|484	|507	|795	|564	|440	|650	|3031	|372	|457	|656	|497	|421	|586	|517	|488	|467	|621	|558	|601	|3031	|489	|625	|
________________________________________________________
16	|111	|105	|54	|130	|96	|114	|72	|122	|96	|110	|64	|130	|87	|78	|67	|2957	|646	|479	|361	|618	|534	|403	|641	|441	|539	|351	|390	|593	|551	|0	|349	|0	|574	|474	|635	|508	|633	|446	|591	|520	|591	|552	|453	|0	|471	|351	|332	|539	|361	|353	|576	|331	|789	|577	|393	|605	|527	|401	|2957	|617	|512	|448	|569	|367	|578	|313	|628	|539	|602	|485	|2957	|570	|
________________________________________________________
17	|836	|937	|0	|741	|716	|624	|545	|757	|306	|617	|427	|774	|546	|633	|640	|646	|21764	|4050	|3077	|4946	|4145	|3002	|4118	|4133	|4061	|1859	|2632	|3668	|3186	|2470	|3641	|3586	|3997	|3686	|4091	|3698	|3554	|3613	|3877	|3222	|3697	|3612	|3576	|3673	|3202	|0	|3033	|4174	|3246	|2823	|4128	|4078	|5459	|3198	|2775	|4027	|3738	|2618	|3572	|3678	|3711	|3209	|3610	|2963	|3636	|3599	|4069	|3530	|3670	|3571	|3605	|3691	|
________________________________________________________
18	|3303	|589	|218	|575	|538	|465	|435	|594	|408	|471	|457	|547	|423	|427	|465	|479	|4050	|16551	|2009	|3724	|3172	|2288	|3060	|3045	|3335	|2392	|1985	|2777	|2492	|1823	|2684	|2768	|2986	|2742	|3303	|2847	|2713	|2653	|2883	|2494	|2730	|2674	|2670	|2741	|0	|1487	|0	|3198	|2581	|2169	|3118	|3187	|3224	|3338	|2019	|3074	|2853	|2071	|2735	|2810	|2721	|2532	|2713	|2267	|2742	|2683	|3087	|2714	|2872	|2759	|2739	|2830	|
________________________________________________________
19	|415	|453	|0	|0	|419	|342	|309	|412	|229	|426	|353	|432	|306	|387	|377	|361	|3077	|2009	|12321	|2522	|2642	|1813	|2290	|2252	|2296	|1159	|1818	|1987	|1905	|1377	|2102	|2038	|2822	|2080	|2433	|2618	|2278	|2239	|2448	|1618	|1967	|2080	|2019	|2039	|2484	|0	|1252	|0	|2000	|1628	|2290	|2277	|2987	|2049	|1694	|2191	|2123	|1441	|2024	|2021	|2521	|0	|0	|2100	|2208	|2194	|2493	|2029	|2070	|2073	|2077	|2042	|
________________________________________________________
20	|669	|3632	|438	|490	|655	|613	|0	|720	|337	|661	|463	|753	|405	|564	|562	|618	|4946	|3724	|2522	|19974	|3831	|2775	|3728	|3743	|3368	|2150	|2244	|3759	|2329	|2234	|3262	|3354	|3633	|3632	|3864	|3491	|3320	|3381	|3589	|3003	|3432	|3273	|3325	|3327	|3762	|2689	|0	|2941	|0	|2723	|3698	|3687	|4537	|3333	|2372	|4258	|3009	|2558	|3306	|3365	|3234	|2995	|3333	|2800	|3303	|3350	|3646	|3111	|3398	|3374	|3288	|3367	|
________________________________________________________
21	|689	|691	|361	|0	|2884	|489	|304	|622	|353	|568	|389	|483	|526	|475	|619	|534	|4145	|3172	|2642	|3831	|17150	|2090	|3265	|3239	|2883	|1893	|2335	|3269	|3131	|1907	|2873	|2770	|3139	|2829	|3298	|3056	|2790	|2756	|3014	|2607	|2884	|2798	|2743	|2750	|3220	|2256	|2370	|0	|1800	|0	|3247	|3251	|3915	|2883	|1976	|2624	|3618	|2044	|2895	|2891	|2789	|2624	|2897	|2401	|2864	|2742	|3122	|2634	|2926	|2872	|2940	|2871	|
________________________________________________________
22	|471	|516	|259	|422	|333	|328	|0	|0	|241	|532	|325	|406	|332	|416	|458	|403	|3002	|2288	|1813	|2775	|2090	|12368	|2149	|2525	|2041	|1328	|1538	|2286	|1657	|1663	|2025	|1972	|2225	|2048	|2221	|2433	|2048	|1986	|2649	|1948	|2072	|2386	|2280	|2240	|2332	|1661	|1601	|2462	|0	|1268	|0	|2521	|2791	|2046	|1467	|2395	|2156	|1640	|2056	|2074	|2000	|1806	|2081	|1934	|2007	|2072	|2774	|0	|0	|2535	|2271	|2273	|
________________________________________________________
23	|591	|644	|338	|487	|462	|2706	|435	|415	|320	|436	|402	|561	|371	|496	|503	|641	|4118	|3060	|2290	|3728	|3265	|2149	|16621	|3302	|2799	|1826	|1984	|2677	|2510	|1686	|3237	|2013	|2966	|2676	|3180	|2848	|2696	|2695	|2795	|2706	|2796	|2679	|2844	|2698	|3122	|2191	|2095	|3073	|2522	|0	|2147	|0	|3815	|2778	|2023	|3077	|2931	|1959	|3441	|2448	|2749	|2552	|2714	|2304	|2839	|2768	|3071	|2627	|2813	|2778	|2876	|2848	|
________________________________________________________
24	|615	|681	|350	|548	|598	|529	|426	|0	|274	|524	|384	|554	|459	|539	|447	|441	|4133	|3045	|2252	|3743	|3239	|2525	|3302	|16634	|2769	|1747	|1965	|2779	|2517	|2125	|3190	|3178	|3003	|2755	|3291	|2937	|2694	|2718	|2797	|2409	|2834	|2639	|2715	|2680	|3229	|2163	|2056	|3208	|2490	|2310	|0	|1339	|3905	|2810	|2010	|3029	|2875	|2023	|2380	|3575	|2707	|2499	|2731	|2290	|2792	|2750	|3035	|2593	|2811	|2688	|2764	|2819	|
________________________________________________________
25	|653	|665	|235	|481	|506	|443	|374	|492	|412	|581	|0	|697	|475	|544	|597	|539	|4061	|3335	|2296	|3368	|2883	|2041	|2799	|2769	|16712	|2430	|2490	|3172	|2752	|2045	|3186	|3162	|3053	|2778	|3158	|2860	|2673	|2691	|2959	|2516	|2919	|2827	|2793	|2789	|3322	|1559	|1913	|2796	|2289	|1858	|2817	|2821	|3204	|0	|2431	|3498	|3257	|2357	|3075	|3191	|2815	|2484	|2783	|2327	|2832	|2661	|3146	|2680	|2732	|2890	|2777	|2784	|
________________________________________________________
26	|484	|301	|275	|304	|316	|320	|228	|359	|1863	|316	|158	|405	|256	|319	|375	|351	|1859	|2392	|1159	|2150	|1893	|1328	|1826	|1747	|2430	|10773	|1364	|2054	|1756	|1321	|2113	|2009	|1972	|1689	|2086	|1891	|1863	|1740	|1913	|1594	|1793	|1738	|1740	|1790	|1246	|1788	|1241	|1754	|1432	|1184	|1803	|1803	|0	|1165	|0	|2320	|2103	|1476	|2099	|2029	|1879	|1638	|1708	|1481	|1759	|1802	|2012	|1710	|1894	|1866	|1782	|1807	|
________________________________________________________
27	|448	|476	|251	|419	|542	|320	|284	|411	|245	|330	|0	|0	|342	|368	|403	|390	|2632	|1985	|1818	|2244	|2335	|1538	|1984	|1965	|2490	|1364	|12050	|2081	|2203	|1619	|2172	|2184	|2341	|2269	|2725	|2017	|1996	|2496	|2062	|1839	|2231	|1790	|1949	|1989	|1982	|1397	|1497	|1998	|1767	|1455	|2007	|2067	|3383	|0	|1240	|0	|2419	|1677	|2185	|2219	|2259	|1996	|2486	|0	|0	|2416	|2230	|1917	|2170	|1985	|2053	|2006	|
________________________________________________________
28	|560	|685	|299	|567	|583	|489	|287	|509	|277	|2915	|445	|458	|505	|553	|0	|593	|3668	|2777	|1987	|3759	|3269	|2286	|2677	|2779	|3172	|2054	|2081	|16706	|3125	|2266	|3191	|3117	|3126	|2858	|3193	|2915	|2729	|2799	|2970	|2448	|2890	|2743	|2690	|2866	|2786	|1926	|1884	|3462	|1803	|1947	|2737	|2769	|4396	|3114	|0	|2473	|0	|2346	|3186	|3212	|2790	|2527	|2785	|2299	|2744	|2745	|2983	|2663	|2866	|2734	|2723	|2815	|
________________________________________________________
29	|525	|441	|292	|348	|537	|360	|446	|442	|329	|544	|406	|0	|2470	|421	|310	|551	|3186	|2492	|1905	|2329	|3131	|1657	|2510	|2517	|2752	|1756	|2203	|3125	|14988	|1688	|2903	|2808	|2728	|2419	|3034	|2539	|2366	|2402	|2698	|2205	|2575	|2510	|2470	|2539	|2449	|1680	|1837	|1959	|2675	|1735	|2460	|2516	|3871	|2791	|2152	|0	|1851	|0	|2914	|2859	|2481	|2124	|2662	|1934	|2412	|2386	|2848	|2370	|2577	|2470	|2446	|2546	|
________________________________________________________
30	|370	|390	|212	|296	|408	|344	|267	|410	|218	|404	|303	|428	|248	|326	|0	|0	|2470	|1823	|1377	|2234	|1907	|1663	|1686	|2125	|2045	|1321	|1619	|2266	|1688	|11129	|2002	|2161	|1980	|1808	|2115	|1997	|1652	|2129	|2216	|1888	|2284	|1842	|1799	|2231	|1860	|1333	|1306	|1891	|1437	|1454	|1807	|2062	|2853	|2116	|1481	|2451	|0	|1228	|0	|2236	|1948	|1688	|1806	|1578	|1743	|2030	|2310	|1966	|2268	|0	|0	|2234	|
________________________________________________________
31	|534	|577	|307	|498	|446	|511	|376	|650	|370	|551	|423	|589	|397	|2813	|617	|349	|3641	|2684	|2102	|3262	|2873	|2025	|3237	|3190	|3186	|2113	|2172	|3191	|2903	|2002	|16803	|3488	|3079	|2773	|3247	|2770	|2831	|2790	|2959	|2548	|2788	|2813	|2749	|2778	|2811	|1957	|1850	|2803	|2263	|1913	|3594	|2382	|4385	|3149	|2251	|3487	|3255	|0	|2067	|0	|2803	|2592	|2873	|2354	|2727	|2715	|3180	|2630	|2812	|2867	|2769	|2840	|
________________________________________________________
32	|546	|588	|280	|477	|482	|351	|381	|421	|344	|515	|447	|645	|510	|581	|624	|0	|3586	|2768	|2038	|3354	|2770	|1972	|2013	|3178	|3162	|2009	|2184	|3117	|2808	|2161	|3488	|16638	|3097	|2771	|3219	|2833	|2846	|2667	|2912	|2429	|2879	|2745	|2778	|2666	|2678	|1943	|1797	|2809	|2225	|2146	|2348	|3519	|4287	|3191	|2265	|3532	|3304	|2419	|0	|1432	|2793	|2476	|2812	|2312	|2733	|2770	|3067	|2627	|2841	|2861	|2757	|2740	|
________________________________________________________
33	|733	|739	|0	|625	|549	|307	|314	|631	|430	|623	|450	|660	|463	|509	|546	|574	|3997	|2986	|2822	|3633	|3139	|2225	|2966	|3003	|3053	|1972	|2341	|3126	|2728	|1980	|3079	|3097	|18353	|3436	|4084	|3591	|3457	|3485	|3696	|1914	|3072	|2954	|3006	|3135	|3046	|2105	|2473	|3006	|2407	|2400	|3035	|3097	|4226	|3127	|2441	|3385	|3103	|2192	|3062	|3058	|2754	|0	|3488	|2844	|3440	|3458	|4342	|2570	|3044	|3123	|3075	|3072	|
________________________________________________________
34	|557	|3632	|228	|551	|443	|505	|485	|488	|337	|543	|471	|608	|394	|445	|484	|474	|3686	|2742	|2080	|3632	|2829	|2048	|2676	|2755	|2778	|1689	|2269	|2858	|2419	|1808	|2773	|2771	|3436	|16825	|3721	|3256	|3154	|3191	|3347	|2904	|2805	|2683	|2685	|2839	|2898	|1902	|0	|2850	|2173	|1914	|2681	|2774	|3928	|2798	|2252	|3063	|2772	|2040	|2765	|2860	|0	|2100	|3256	|2668	|3185	|3057	|2745	|3532	|2838	|2909	|2738	|2866	|
________________________________________________________
35	|3303	|697	|405	|488	|650	|497	|432	|703	|415	|615	|0	|748	|470	|424	|518	|635	|4091	|3303	|2433	|3864	|3298	|2221	|3180	|3291	|3158	|2086	|2725	|3193	|3034	|2115	|3247	|3219	|4084	|3721	|19357	|3588	|3574	|3633	|3471	|2926	|3665	|2441	|3062	|3303	|3171	|2182	|0	|3199	|2614	|2264	|3210	|3286	|4363	|3209	|2862	|3396	|3247	|2533	|3158	|3201	|3729	|3299	|2969	|0	|3589	|3563	|3676	|3053	|3974	|2872	|3322	|3292	|
________________________________________________________
36	|644	|770	|375	|0	|534	|513	|386	|384	|329	|2915	|346	|705	|402	|564	|657	|508	|3698	|2847	|2618	|3491	|3056	|2433	|2848	|2937	|2860	|1891	|2017	|2915	|2539	|1997	|2770	|2833	|3591	|3256	|3588	|17237	|3277	|3367	|3018	|2572	|3255	|3381	|2805	|2859	|2806	|1991	|2455	|2855	|2280	|2028	|2741	|2873	|3930	|2866	|0	|3218	|2946	|2091	|2860	|2855	|3211	|2917	|0	|2077	|3321	|3242	|3186	|2710	|2373	|3690	|2913	|2836	|
________________________________________________________
37	|625	|665	|334	|487	|466	|455	|349	|475	|1863	|507	|452	|466	|461	|432	|510	|633	|3554	|2713	|2278	|3320	|2790	|2048	|2696	|2694	|2673	|1863	|1996	|2729	|2366	|1652	|2831	|2846	|3457	|3154	|3574	|3277	|16332	|2994	|2863	|2541	|2689	|2710	|3117	|1895	|2681	|1915	|2068	|2726	|2139	|1950	|2650	|2747	|3697	|2715	|0	|3022	|2808	|2019	|2747	|2744	|3084	|2860	|2976	|2602	|2378	|0	|2991	|2610	|2730	|2827	|3543	|2343	|
________________________________________________________
38	|608	|706	|296	|518	|427	|453	|333	|481	|318	|606	|478	|0	|436	|514	|492	|446	|3613	|2653	|2239	|3381	|2756	|1986	|2695	|2718	|2691	|1740	|2496	|2799	|2402	|2129	|2790	|2667	|3485	|3191	|3633	|3367	|2994	|16606	|2958	|2556	|2781	|2733	|3133	|3154	|2775	|1922	|2088	|2803	|2218	|1935	|2774	|2836	|3766	|2698	|2363	|2906	|2733	|1926	|2697	|2693	|3117	|2818	|3128	|2699	|0	|2495	|3036	|2627	|2715	|2797	|2335	|3618	|
________________________________________________________
39	|659	|771	|245	|535	|601	|517	|0	|666	|306	|544	|394	|609	|477	|578	|620	|591	|3877	|2883	|2448	|3589	|3014	|2649	|2795	|2797	|2959	|1913	|2062	|2970	|2698	|2216	|2959	|2912	|3696	|3347	|3471	|3018	|2863	|2958	|17616	|2839	|3411	|3306	|3197	|3356	|3004	|2006	|1986	|3075	|2418	|2473	|2980	|2848	|4077	|2948	|2129	|3259	|3080	|2462	|2882	|2943	|3849	|2198	|2961	|2475	|2869	|2876	|3131	|0	|3346	|3348	|3346	|3393	|
________________________________________________________
40	|437	|642	|378	|381	|481	|2706	|283	|490	|297	|463	|363	|493	|433	|462	|546	|520	|3222	|2494	|1618	|3003	|2607	|1948	|2706	|2409	|2516	|1594	|1839	|2448	|2205	|1888	|2548	|2429	|1914	|2904	|2926	|2572	|2541	|2556	|2839	|15059	|2904	|2715	|2844	|2792	|2456	|1790	|1734	|2516	|2067	|0	|2518	|2519	|3478	|2558	|1815	|2746	|2592	|2045	|2582	|2485	|1950	|3094	|2448	|2044	|2519	|2475	|0	|2001	|2857	|2913	|2860	|2827	|
________________________________________________________
41	|631	|620	|294	|601	|2884	|451	|398	|436	|350	|555	|339	|554	|503	|532	|0	|591	|3697	|2730	|1967	|3432	|2884	|2072	|2796	|2834	|2919	|1793	|2231	|2890	|2575	|2284	|2788	|2879	|3072	|2805	|3665	|3255	|2689	|2781	|3411	|2904	|16788	|3198	|3081	|3123	|2766	|1896	|1892	|2807	|2248	|0	|2752	|2784	|3790	|2837	|2003	|3098	|2896	|2463	|2785	|2835	|2837	|2510	|3612	|1896	|2791	|2764	|3457	|3025	|2518	|0	|3247	|3317	|
________________________________________________________
42	|412	|593	|336	|404	|512	|533	|418	|0	|279	|578	|496	|567	|420	|2813	|407	|552	|3612	|2674	|2080	|3273	|2798	|2386	|2679	|2639	|2827	|1738	|1790	|2743	|2510	|1842	|2813	|2745	|2954	|2683	|2441	|3381	|2710	|2733	|3306	|2715	|3198	|16464	|3161	|3095	|2660	|1814	|2079	|2871	|2264	|2360	|2709	|2752	|3791	|2691	|1988	|3059	|2836	|0	|2614	|2836	|2762	|2495	|2264	|3062	|2743	|2748	|3433	|2935	|0	|2378	|3135	|3248	|
________________________________________________________
43	|511	|578	|302	|456	|506	|529	|415	|540	|353	|434	|373	|706	|2470	|458	|586	|453	|3576	|2670	|2019	|3325	|2743	|2280	|2844	|2715	|2793	|1740	|1949	|2690	|2470	|1799	|2749	|2778	|3006	|2685	|3062	|2805	|3117	|3133	|3197	|2844	|3081	|3161	|16442	|3141	|2718	|1904	|1936	|2787	|2178	|2142	|2695	|2690	|3728	|2659	|1957	|3070	|2817	|0	|2805	|2731	|2755	|2521	|2741	|2372	|3516	|2295	|3440	|2963	|3135	|3124	|2390	|0	|
________________________________________________________
44	|577	|615	|272	|504	|510	|510	|383	|553	|225	|457	|410	|480	|478	|567	|623	|0	|3673	|2741	|2039	|3327	|2750	|2240	|2698	|2680	|2789	|1790	|1989	|2866	|2539	|2231	|2778	|2666	|3135	|2839	|3303	|2859	|1895	|3154	|3356	|2792	|3123	|3095	|3141	|16607	|2744	|1813	|1834	|2917	|2248	|2265	|2718	|2689	|3772	|2803	|2179	|3040	|2810	|2447	|2645	|2733	|2856	|2486	|2812	|2255	|2375	|3617	|3523	|3034	|3169	|3232	|0	|2322	|
________________________________________________________
45	|0	|741	|347	|572	|532	|497	|388	|523	|224	|474	|472	|636	|406	|463	|540	|471	|3202	|0	|2484	|3762	|3220	|2332	|3122	|3229	|3322	|1246	|1982	|2786	|2449	|1860	|2811	|2678	|3046	|2898	|3171	|2806	|2681	|2775	|3004	|2456	|2766	|2660	|2718	|2744	|16617	|2296	|2260	|3215	|2527	|2178	|3103	|3173	|4417	|3315	|2234	|3051	|2793	|2017	|2769	|2803	|2786	|2432	|2898	|2289	|2771	|2643	|3151	|2561	|2785	|2860	|2691	|2791	|
________________________________________________________
46	|304	|486	|1745	|338	|377	|376	|261	|383	|298	|342	|326	|347	|292	|314	|369	|351	|0	|1487	|0	|2689	|2256	|1661	|2191	|2163	|1559	|1788	|1397	|1926	|1680	|1333	|1957	|1943	|2105	|1902	|2182	|1991	|1915	|1922	|2006	|1790	|1896	|1814	|1904	|1813	|2296	|11492	|1301	|2295	|1795	|1471	|2176	|2260	|2105	|2336	|1231	|2163	|1954	|1449	|1920	|1888	|1906	|1745	|1882	|1552	|1910	|1914	|2100	|1770	|1993	|1958	|1943	|1928	|
________________________________________________________
47	|0	|0	|202	|308	|408	|346	|271	|338	|239	|422	|337	|429	|296	|343	|530	|332	|3033	|0	|1252	|0	|2370	|1601	|2095	|2056	|1913	|1241	|1497	|1884	|1837	|1306	|1850	|1797	|2473	|0	|0	|2455	|2068	|2088	|1986	|1734	|1892	|2079	|1936	|1834	|2260	|1301	|11294	|1867	|1865	|1560	|2077	|2064	|2547	|1944	|1568	|1962	|2178	|1382	|1831	|1883	|2317	|1688	|1884	|2003	|2150	|2092	|2122	|1787	|1656	|2139	|1867	|1820	|
________________________________________________________
48	|670	|545	|298	|2804	|0	|525	|434	|611	|330	|591	|378	|684	|313	|477	|597	|539	|4174	|3198	|0	|2941	|0	|2462	|3073	|3208	|2796	|1754	|1998	|3462	|1959	|1891	|2803	|2809	|3006	|2850	|3199	|2855	|2726	|2803	|3075	|2516	|2807	|2871	|2787	|2917	|3215	|2295	|1867	|16886	|2734	|2419	|3266	|3169	|3919	|2769	|2053	|3675	|3305	|2256	|2792	|2804	|2769	|2596	|2804	|2370	|2814	|2798	|3132	|2640	|2755	|2957	|2804	|2889	|
________________________________________________________
49	|523	|0	|315	|459	|290	|424	|2136	|402	|262	|332	|315	|337	|424	|398	|473	|361	|3246	|2581	|2000	|0	|1800	|0	|2522	|2490	|2289	|1432	|1767	|1803	|2675	|1437	|2263	|2225	|2407	|2173	|2614	|2280	|2139	|2218	|2418	|2067	|2248	|2264	|2178	|2248	|2527	|1795	|1865	|2734	|13468	|1567	|2640	|2626	|3072	|2265	|1634	|1865	|2755	|1514	|2210	|2192	|2201	|1984	|2275	|1863	|2218	|2151	|2545	|2136	|2147	|2266	|2281	|2330	|
________________________________________________________
50	|461	|486	|202	|419	|0	|0	|256	|359	|200	|339	|247	|386	|315	|424	|427	|353	|2823	|2169	|1628	|2723	|0	|1268	|0	|2310	|1858	|1184	|1455	|1947	|1735	|1454	|1913	|2146	|2400	|1914	|2264	|2028	|1950	|1935	|2473	|0	|0	|2360	|2142	|2265	|2178	|1471	|1560	|2419	|1567	|11539	|2033	|2326	|2662	|1943	|1396	|2122	|1975	|1730	|1736	|2083	|2244	|1534	|1945	|1610	|1821	|1857	|2647	|1874	|1952	|2405	|2125	|2223	|
________________________________________________________
51	|620	|639	|329	|536	|576	|357	|368	|2942	|296	|472	|386	|570	|394	|631	|484	|576	|4128	|3118	|2290	|3698	|3247	|0	|2147	|0	|2817	|1803	|2007	|2737	|2460	|1807	|3594	|2348	|3035	|2681	|3210	|2741	|2650	|2774	|2980	|2518	|2752	|2709	|2695	|2718	|3103	|2176	|2077	|3266	|2640	|2033	|16556	|3324	|3832	|2769	|2003	|3087	|2862	|2023	|3153	|3059	|2810	|2551	|2856	|2276	|2724	|2724	|3057	|2674	|2942	|2730	|2807	|2726	|
________________________________________________________
52	|653	|700	|346	|540	|582	|0	|437	|563	|310	|495	|375	|579	|467	|408	|507	|331	|4078	|3187	|2277	|3687	|3251	|2521	|0	|1339	|2821	|1803	|2067	|2769	|2516	|2062	|2382	|3519	|3097	|2774	|3286	|2873	|2747	|2836	|2848	|2519	|2784	|2752	|2690	|2689	|3173	|2260	|2064	|3169	|2626	|2326	|3324	|16707	|3781	|2755	|2117	|3063	|2766	|2015	|1925	|3126	|2756	|2579	|2803	|2300	|2738	|2776	|3018	|2638	|2717	|2789	|2730	|2770	|
________________________________________________________
53	|606	|905	|311	|662	|664	|608	|496	|676	|0	|823	|630	|898	|628	|748	|795	|789	|5459	|3224	|2987	|4537	|3915	|2791	|3815	|3905	|3204	|0	|3383	|4396	|3871	|2853	|4385	|4287	|4226	|3928	|4363	|3930	|3697	|3766	|4077	|3478	|3790	|3791	|3728	|3772	|4417	|2105	|2547	|3919	|3072	|2662	|3832	|3781	|22941	|4415	|3102	|4809	|4338	|3139	|4362	|4351	|3833	|3390	|3887	|3302	|3762	|3626	|4293	|3654	|3871	|3889	|3865	|3864	|
________________________________________________________
54	|666	|618	|366	|425	|471	|503	|359	|485	|180	|578	|2324	|582	|438	|502	|564	|577	|3198	|3338	|2049	|3333	|2883	|2046	|2778	|2810	|0	|1165	|0	|3114	|2791	|2116	|3149	|3191	|3127	|2798	|3209	|2866	|2715	|2698	|2948	|2558	|2837	|2691	|2659	|2803	|3315	|2336	|1944	|2769	|2265	|1943	|2769	|2755	|4415	|16769	|2038	|3541	|3189	|2298	|3224	|3207	|2845	|2515	|2766	|2324	|2849	|2747	|3091	|2653	|2819	|2874	|2795	|2787	|
________________________________________________________
55	|505	|472	|228	|433	|357	|329	|263	|360	|0	|0	|254	|416	|360	|386	|440	|393	|2775	|2019	|1694	|2372	|1976	|1467	|2023	|2010	|2431	|0	|1240	|0	|2152	|1481	|2251	|2265	|2441	|2252	|2862	|0	|0	|2363	|2129	|1815	|2003	|1988	|1957	|2179	|2234	|1231	|1568	|2053	|1634	|1396	|2003	|2117	|3102	|2038	|12071	|2311	|2562	|1815	|2219	|2342	|2312	|1949	|2467	|1715	|2029	|2406	|2166	|1929	|2046	|1983	|1826	|2221	|
________________________________________________________
56	|588	|737	|290	|595	|439	|529	|284	|563	|429	|419	|449	|3366	|0	|609	|650	|605	|4027	|3074	|2191	|4258	|2624	|2395	|3077	|3029	|3498	|2320	|0	|2473	|0	|2451	|3487	|3532	|3385	|3063	|3396	|3218	|3022	|2906	|3259	|2746	|3098	|3059	|3070	|3040	|3051	|2163	|1962	|3675	|1865	|2122	|3087	|3063	|4809	|3541	|2311	|18371	|3835	|2453	|3435	|3407	|3139	|2876	|2907	|2763	|3366	|2907	|3411	|2999	|3081	|3113	|3024	|3109	|
________________________________________________________
57	|566	|524	|341	|534	|611	|465	|450	|478	|389	|0	|485	|689	|306	|560	|3031	|527	|3738	|2853	|2123	|3009	|3618	|2156	|2931	|2875	|3257	|2103	|2419	|0	|1851	|0	|3255	|3304	|3103	|2772	|3247	|2946	|2808	|2733	|3080	|2592	|2896	|2836	|2817	|2810	|2793	|1954	|2178	|3305	|2755	|1975	|2862	|2766	|4338	|3189	|2562	|3835	|17201	|2124	|3226	|3274	|2816	|2516	|2863	|2446	|2781	|2748	|3217	|2792	|2849	|3031	|2823	|2880	|
________________________________________________________
58	|443	|436	|210	|507	|422	|370	|261	|418	|253	|424	|306	|435	|0	|0	|372	|401	|2618	|2071	|1441	|2558	|2044	|1640	|1959	|2023	|2357	|1476	|1677	|2346	|0	|1228	|0	|2419	|2192	|2040	|2533	|2091	|2019	|1926	|2462	|2045	|2463	|0	|0	|2447	|2017	|1449	|1382	|2256	|1514	|1730	|2023	|2015	|3139	|2298	|1815	|2453	|2124	|12124	|2066	|2372	|2062	|1786	|2156	|1510	|1978	|1948	|2557	|2149	|2430	|2128	|2106	|2450	|
________________________________________________________
59	|533	|608	|289	|467	|509	|586	|326	|548	|360	|578	|429	|590	|516	|322	|457	|2957	|3572	|2735	|2024	|3306	|2895	|2056	|3441	|2380	|3075	|2099	|2185	|3186	|2914	|0	|2067	|0	|3062	|2765	|3158	|2860	|2747	|2697	|2882	|2582	|2785	|2614	|2805	|2645	|2769	|1920	|1831	|2792	|2210	|1736	|3153	|1925	|4362	|3224	|2219	|3435	|3226	|2066	|16513	|3477	|2793	|2493	|2762	|2273	|2691	|2746	|3042	|2688	|2763	|2791	|2957	|2704	|
________________________________________________________
60	|564	|621	|299	|433	|499	|416	|387	|503	|341	|555	|425	|679	|515	|0	|656	|617	|3678	|2810	|2021	|3365	|2891	|2074	|2448	|3575	|3191	|2029	|2219	|3212	|2859	|2236	|0	|1432	|3058	|2860	|3201	|2855	|2744	|2693	|2943	|2485	|2835	|2836	|2731	|2733	|2803	|1888	|1883	|2804	|2192	|2083	|3059	|3126	|4351	|3207	|2342	|3407	|3274	|2372	|3477	|16664	|2828	|2432	|2762	|2351	|2727	|2819	|3038	|2681	|2682	|2838	|2657	|2714	|
________________________________________________________
61	|714	|0	|307	|579	|493	|340	|408	|579	|369	|559	|417	|653	|385	|475	|497	|512	|3711	|2721	|2521	|3234	|2789	|2000	|2749	|2707	|2815	|1879	|2259	|2790	|2481	|1948	|2803	|2793	|2754	|0	|3729	|3211	|3084	|3117	|3849	|1950	|2837	|2762	|2755	|2856	|2786	|1906	|2317	|2769	|2201	|2244	|2810	|2756	|3833	|2845	|2312	|3139	|2816	|2062	|2793	|2828	|16712	|2829	|3181	|2633	|3144	|3151	|3732	|3075	|2828	|2734	|2817	|2823	|
________________________________________________________
62	|573	|436	|1745	|423	|425	|548	|379	|409	|320	|506	|377	|603	|362	|429	|421	|448	|3209	|2532	|0	|2995	|2624	|1806	|2552	|2499	|2484	|1638	|1996	|2527	|2124	|1688	|2592	|2476	|0	|2100	|3299	|2917	|2860	|2818	|2198	|3094	|2510	|2495	|2521	|2486	|2432	|1745	|1688	|2596	|1984	|1534	|2551	|2579	|3390	|2515	|1949	|2876	|2516	|1786	|2493	|2432	|2829	|14942	|2854	|2325	|2793	|2781	|1941	|2638	|2654	|2500	|2511	|2529	|
________________________________________________________
63	|503	|729	|285	|2804	|625	|419	|325	|583	|348	|0	|423	|644	|433	|371	|586	|569	|3610	|2713	|0	|3333	|2897	|2081	|2714	|2731	|2783	|1708	|2486	|2785	|2662	|1806	|2873	|2812	|3488	|3256	|2969	|0	|2976	|3128	|2961	|2448	|3612	|2264	|2741	|2812	|2898	|1882	|1884	|2804	|2275	|1945	|2856	|2803	|3887	|2766	|2467	|2907	|2863	|2156	|2762	|2762	|3181	|2854	|16693	|2624	|3084	|3091	|3172	|2566	|3249	|3244	|2800	|2876	|
________________________________________________________
64	|0	|674	|290	|441	|309	|414	|272	|260	|303	|320	|2324	|494	|309	|536	|517	|367	|2963	|2267	|2100	|2800	|2401	|1934	|2304	|2290	|2327	|1481	|0	|2299	|1934	|1578	|2354	|2312	|2844	|2668	|0	|2077	|2602	|2699	|2475	|2044	|1896	|3062	|2372	|2255	|2289	|1552	|2003	|2370	|1863	|1610	|2276	|2300	|3302	|2324	|1715	|2763	|2446	|1510	|2273	|2351	|2633	|2325	|2624	|13950	|2644	|2641	|2549	|2188	|1488	|2731	|2333	|2333	|
________________________________________________________
65	|620	|678	|326	|499	|487	|428	|355	|469	|265	|594	|371	|3366	|545	|444	|488	|578	|3636	|2742	|2208	|3303	|2864	|2007	|2839	|2792	|2832	|1759	|0	|2744	|2412	|1743	|2727	|2733	|3440	|3185	|3589	|3321	|2378	|0	|2869	|2519	|2791	|2743	|3516	|2375	|2771	|1910	|2150	|2814	|2218	|1821	|2724	|2738	|3762	|2849	|2029	|3366	|2781	|1978	|2691	|2727	|3144	|2793	|3084	|2644	|16641	|3002	|3039	|2677	|2766	|2848	|3157	|3306	|
________________________________________________________
66	|612	|677	|346	|550	|455	|456	|339	|493	|0	|594	|472	|587	|320	|522	|467	|313	|3599	|2683	|2194	|3350	|2742	|2072	|2768	|2750	|2661	|1802	|2416	|2745	|2386	|2030	|2715	|2770	|3458	|3057	|3563	|3242	|0	|2495	|2876	|2475	|2764	|2748	|2295	|3617	|2643	|1914	|2092	|2798	|2151	|1857	|2724	|2776	|3626	|2747	|2406	|2907	|2748	|1948	|2746	|2819	|3151	|2781	|3091	|2641	|3002	|16443	|3081	|2670	|2692	|2720	|1902	|3144	|
________________________________________________________
67	|717	|595	|225	|500	|657	|0	|479	|670	|355	|500	|427	|598	|511	|620	|621	|628	|4069	|3087	|2493	|3646	|3122	|2774	|3071	|3035	|3146	|2012	|2230	|2983	|2848	|2310	|3180	|3067	|4342	|2745	|3676	|3186	|2991	|3036	|3131	|0	|3457	|3433	|3440	|3523	|3151	|2100	|2122	|3132	|2545	|2647	|3057	|3018	|4293	|3091	|2166	|3411	|3217	|2557	|3042	|3038	|3732	|1941	|3172	|2549	|3039	|3081	|18594	|3490	|3559	|3540	|3537	|3500	|
________________________________________________________
68	|508	|720	|298	|419	|530	|360	|2136	|514	|314	|454	|361	|545	|430	|467	|558	|539	|3530	|2714	|2029	|3111	|2634	|0	|2627	|2593	|2680	|1710	|1917	|2663	|2370	|1966	|2630	|2627	|2570	|3532	|3053	|2710	|2610	|2627	|0	|2001	|3025	|2935	|2963	|3034	|2561	|1770	|1787	|2640	|2136	|1874	|2674	|2638	|3654	|2653	|1929	|2999	|2792	|2149	|2688	|2681	|3075	|2638	|2566	|2188	|2677	|2670	|3490	|15957	|3162	|3063	|3008	|3155	|
________________________________________________________
69	|691	|592	|255	|538	|491	|543	|358	|2942	|365	|439	|253	|574	|508	|0	|601	|602	|3670	|2872	|2070	|3398	|2926	|0	|2813	|2811	|2732	|1894	|2170	|2866	|2577	|2268	|2812	|2841	|3044	|2838	|3974	|2373	|2730	|2715	|3346	|2857	|2518	|0	|3135	|3169	|2785	|1993	|1656	|2755	|2147	|1952	|2942	|2717	|3871	|2819	|2046	|3081	|2849	|2430	|2763	|2682	|2828	|2654	|3249	|1488	|2766	|2692	|3559	|3162	|16752	|3201	|3182	|3151	|
________________________________________________________
70	|493	|648	|313	|588	|0	|550	|439	|548	|338	|612	|475	|577	|481	|434	|3031	|485	|3571	|2759	|2073	|3374	|2872	|2535	|2778	|2688	|2890	|1866	|1985	|2734	|2470	|0	|2867	|2861	|3123	|2909	|2872	|3690	|2827	|2797	|3348	|2913	|0	|2378	|3124	|3232	|2860	|1958	|2139	|2957	|2266	|2405	|2730	|2789	|3889	|2874	|1983	|3113	|3031	|2128	|2791	|2838	|2734	|2500	|3244	|2731	|2848	|2720	|3540	|3063	|3201	|16872	|3192	|3195	|
________________________________________________________
71	|578	|577	|322	|483	|545	|497	|404	|597	|405	|460	|343	|663	|347	|568	|489	|2957	|3605	|2739	|2077	|3288	|2940	|2271	|2876	|2764	|2777	|1782	|2053	|2723	|2446	|0	|2769	|2757	|3075	|2738	|3322	|2913	|3543	|2335	|3346	|2860	|3247	|3135	|2390	|0	|2691	|1943	|1867	|2804	|2281	|2125	|2807	|2730	|3865	|2795	|1826	|3024	|2823	|2106	|2957	|2657	|2817	|2511	|2800	|2333	|3157	|1902	|3537	|3008	|3182	|3192	|16690	|3231	|
________________________________________________________
72	|586	|607	|303	|486	|571	|505	|383	|522	|255	|498	|410	|649	|0	|598	|625	|570	|3691	|2830	|2042	|3367	|2871	|2273	|2848	|2819	|2784	|1807	|2006	|2815	|2546	|2234	|2840	|2740	|3072	|2866	|3292	|2836	|2343	|3618	|3393	|2827	|3317	|3248	|0	|2322	|2791	|1928	|1820	|2889	|2330	|2223	|2726	|2770	|3864	|2787	|2221	|3109	|2880	|2450	|2704	|2714	|2823	|2529	|2876	|2333	|3306	|3144	|3500	|3155	|3151	|3195	|3231	|16860	|
________________________________________________________
