0	|1	|2	|3	|4	|5	|6	|7	|8	|9	|10	|11	|12	|13	|14	|15	|16	|17	|18	|19	|20	|21	|22	|23	|24	|25	|26	|27	|28	|29	|30	|31	|32	|33	|34	|35	|36	|37	|38	|39	|40	|41	|42	|43	|44	|45	|46	|47	|48	|49	|50	|51	|52	|53	|54	|55	|56	|57	|58	|59	|60	|61	|62	|63	|64	|65	|66	|67	|68	|69	|70	|71	|72	|
1	|100	|3,47	|1,55	|3,72	|3,91	|2,67	|2,88	|4,34	|2,79	|3,23	|0	|3,75	|2,85	|2,08	|2,61	|2,95	|23,7	|100	|12,03	|20,6	|20,19	|13,28	|18,95	|18,08	|19,45	|13,65	|14,21	|16,72	|17,06	|11,01	|17,15	|16,41	|22,43	|18,52	|100	|17,87	|17,31	|17,83	|18,55	|12,47	|19,14	|11,54	|16,25	|16,59	|0	|8,59	|0	|21,31	|16,07	|12,81	|18,36	|18,58	|19,82	|20,56	|15,57	|17,31	|17,77	|11,41	|16,07	|15,97	|18,52	|17,62	|15,32	|0	|19,39	|19,45	|21,53	|16,84	|20,97	|15,17	|15,85	|17,25	|
________________________________________________________
2	|3,14	|100	|1,88	|3,28	|3,37	|3,54	|0	|3,14	|1,71	|3,82	|2,83	|4,63	|1,96	|3,06	|2,92	|3,14	|24,47	|17,12	|14,2	|100	|20,54	|13,72	|17,99	|18,04	|17,79	|8,22	|13,08	|18,43	|11,56	|10,07	|16,98	|15,63	|20,82	|100	|19,95	|20,12	|19,28	|18,13	|18,83	|16,95	|16,16	|16,08	|16,3	|16,19	|20,4	|12,77	|0	|13,36	|0	|12,96	|18,46	|18,55	|24,21	|17,06	|14,14	|22,42	|15,52	|11,87	|15,49	|17,4	|0	|13,05	|20,68	|17,42	|18,04	|18,43	|16,53	|21,27	|16,98	|16,61	|16,61	|16,92	|
________________________________________________________
3	|2,9	|3,88	|100	|2,67	|3,36	|4,92	|2,38	|2,78	|3,48	|3,53	|4,11	|3,07	|2,78	|3,42	|4,69	|3,07	|0	|14,89	|0	|25,9	|20,05	|14,31	|20,92	|18,77	|13,79	|15,06	|13,27	|15,93	|14,77	|10,31	|17,61	|15,99	|0	|15,76	|23,7	|21,9	|18,42	|17,5	|13,96	|19,52	|16,05	|19,18	|16,4	|16,57	|19,76	|100	|10,78	|16,98	|16,28	|12,92	|19,29	|19,06	|17,32	|18,54	|13,33	|15,93	|19,24	|12,51	|16,63	|15,93	|18,13	|100	|16,8	|19,58	|19,29	|18,95	|12,75	|17,84	|14,25	|20,86	|16,22	|15,41	|
________________________________________________________
4	|4,26	|4,15	|1,63	|100	|0	|3,12	|2,41	|4,44	|2,27	|0	|2,45	|5,01	|2,13	|1,92	|3,73	|3,69	|27,87	|21,51	|0	|18,28	|0	|14,16	|19,28	|18,6	|16,58	|10,83	|14,59	|20,41	|12,39	|10,9	|16,68	|16,76	|22,61	|19,81	|19,2	|0	|17,54	|18,53	|18,96	|14,34	|22,15	|14,2	|16,65	|17,11	|19,24	|12,14	|10,72	|100	|15,34	|12,6	|19,49	|19,84	|23,71	|17,89	|15,37	|21,48	|20,2	|17,36	|16,68	|16,29	|20,31	|14,8	|100	|14,38	|18,64	|19,28	|17,96	|16,19	|20,41	|19,31	|15,41	|17,61	|
________________________________________________________
5	|4,21	|4,01	|1,94	|0	|100	|2,41	|2,14	|3,21	|2,51	|3,95	|1,84	|2,91	|3,38	|2,91	|0	|3,11	|23,51	|18,96	|15,85	|22,64	|100	|12,51	|17,36	|20,77	|17,19	|9,23	|17,16	|19,53	|16,92	|14,15	|16,92	|17,06	|17,59	|16,59	|21,07	|19,26	|15,02	|15,62	|21,07	|15,15	|100	|18,83	|19,13	|19,63	|19,2	|12,54	|13,75	|0	|10,64	|0	|19,6	|18,49	|22,41	|16,96	|12,11	|15,92	|20,97	|14,65	|15,99	|17,09	|15,55	|14,92	|20,27	|12,47	|15,72	|15,89	|23,18	|19,16	|14,15	|0	|18,63	|18,29	|
________________________________________________________
6	|3,27	|4,79	|3,23	|3,34	|2,74	|100	|2,01	|2,62	|1,79	|4,22	|2,89	|3,84	|2,24	|3,72	|3,38	|4,22	|23,67	|19,49	|12,39	|20,59	|16,19	|12,42	|100	|19,98	|17,78	|10,94	|11,89	|19,15	|13,26	|11,7	|19,72	|12,42	|12,69	|19,91	|16,57	|18,81	|15,88	|16,07	|18,88	|100	|17,36	|19,03	|17,86	|18,54	|18,88	|13,56	|12,65	|20,17	|15,77	|0	|12,84	|0	|22	|16,49	|12,84	|20,71	|17,06	|13,64	|22,11	|14,29	|13,3	|20,9	|16,38	|15,69	|15,62	|16,26	|0	|13,64	|21,01	|20,25	|19,15	|19,19	|
________________________________________________________
7	|4,32	|0	|1,91	|3,16	|2,98	|2,46	|100	|2,98	|2,19	|2,09	|2,6	|2,09	|3,91	|3,11	|4,14	|3,16	|23,66	|19,15	|14,88	|0	|12,13	|0	|20,08	|22,08	|17,71	|10,37	|13,76	|14,23	|20,6	|12,41	|16,18	|18,74	|15,43	|22,45	|18,87	|15,57	|15,67	|16,46	|0	|11,34	|20,83	|19,34	|18,83	|18,97	|18,64	|12,23	|13,3	|19,71	|100	|11,76	|15,34	|20,08	|23,11	|16,74	|12,51	|13,71	|19,39	|13,48	|15,02	|19,34	|18,69	|16,23	|16,55	|14,04	|15,43	|18,5	|20,78	|100	|18,18	|19,71	|18,36	|18,87	|
________________________________________________________
8	|4,76	|3,81	|1,63	|4,25	|3,27	|2,35	|2,18	|100	|2,65	|2,38	|1,7	|3,44	|2,96	|0	|3,78	|3,98	|24,01	|18,78	|13,84	|23,81	|20,65	|0	|12,55	|0	|16,09	|12,04	|11,84	|16,53	|15,48	|12,99	|22,69	|14,08	|20,99	|15,51	|24,66	|14,52	|17,04	|16,29	|21,36	|16,5	|13,74	|0	|19,42	|18,74	|19,15	|13,71	|11,56	|21,02	|14,25	|10,78	|100	|19,8	|21,8	|16,46	|12,21	|18,37	|16,9	|13,23	|19,63	|17,59	|18,61	|13,4	|18,27	|9,83	|17,14	|16,97	|23,88	|18,03	|100	|20,24	|17,69	|18,84	|
________________________________________________________
9	|4,76	|3,23	|3,18	|3,39	|3,97	|2,49	|2,49	|4,13	|100	|2,44	|1,91	|3,28	|3,18	|1,96	|3,34	|4,82	|17,26	|21,97	|13,29	|19,38	|19,27	|11,59	|17,58	|16,78	|21,7	|100	|12,92	|16,57	|18,16	|13,02	|18,32	|19,85	|22,08	|18,74	|22,23	|17,89	|100	|16,04	|17,84	|13,66	|19,27	|12,92	|18,69	|12,76	|10,8	|15,88	|11,86	|15,3	|14,66	|11,7	|16,36	|17,15	|0	|10,22	|0	|23,03	|20,96	|14,61	|19,69	|19,53	|18,69	|16,73	|21,49	|16,36	|13,5	|0	|18,53	|16,52	|20,22	|16,73	|20,43	|12,6	|
________________________________________________________
10	|3,71	|4,85	|2,18	|0	|4,21	|3,96	|1,61	|2,5	|1,64	|100	|3	|4,07	|3,39	|3,39	|0	|3,96	|21,58	|17,02	|15,91	|22,08	|20,3	|16,41	|16,38	|16,48	|20,09	|10,52	|13,13	|100	|19,69	|12,74	|19,48	|19,48	|22,12	|19,73	|20,09	|100	|15,84	|20,01	|17,05	|13,66	|20,87	|18,69	|16,13	|16,23	|16,27	|11,63	|14,02	|20,62	|11,38	|10,99	|15,73	|14,7	|29,25	|19,73	|0	|15,38	|0	|15,27	|19,37	|18,12	|17,3	|16,55	|0	|13,88	|19,44	|21,16	|18,94	|15,77	|14,41	|20,48	|16,3	|16,55	|
________________________________________________________
11	|0	|4,04	|2,84	|2,76	|2,2	|3,04	|2,24	|2	|1,44	|3,36	|100	|2,96	|2,04	|4,12	|4,36	|3	|19,14	|20,9	|14,63	|20,34	|17,55	|13,03	|16,11	|16,55	|0	|7,11	|0	|20,9	|15,43	|11,91	|17,59	|18,39	|20,98	|19,02	|0	|14,67	|19,5	|19,86	|18,31	|14,07	|13,27	|22,62	|15,99	|18,35	|19,38	|14,87	|13,99	|15,67	|13,75	|12,67	|15,87	|14,87	|26,82	|100	|12,87	|19,5	|21,02	|14,75	|19,58	|19,98	|18,23	|16,95	|18,27	|100	|16,67	|21,1	|19,66	|16,75	|10,31	|20,1	|14,27	|18,47	|
________________________________________________________
12	|3,62	|4,94	|1,59	|4,22	|2,6	|3,02	|1,35	|3,02	|1,86	|3,41	|2,21	|100	|0	|3,32	|3,23	|4,25	|23,26	|15,95	|14,46	|24,15	|15,29	|13,95	|15,74	|15,77	|20,23	|12,69	|0	|13,38	|0	|14,16	|18,98	|18,44	|19,84	|19,57	|21,97	|22,15	|14,7	|0	|16,97	|14,25	|16,4	|16,19	|21,85	|13,77	|18,83	|10,48	|11,82	|18,95	|9,76	|11,91	|16,37	|17,6	|25,65	|17,21	|13,08	|100	|20,92	|13,95	|17,63	|18,65	|18,59	|17,84	|19,16	|15,56	|100	|18,71	|17,87	|15,53	|17,45	|16,43	|20,23	|19,13	|
________________________________________________________
13	|3,74	|2,84	|1,95	|2,44	|4,1	|2,4	|3,41	|3,53	|2,44	|3,86	|2,07	|0	|100	|2,4	|2,23	|3,09	|20,51	|17,1	|12,63	|14,83	|19,58	|13,08	|15,07	|17,51	|19,17	|11,33	|14,99	|21,81	|100	|11,41	|16,33	|23,35	|19,21	|17,18	|20,76	|16,73	|17,42	|19,29	|19,94	|17,3	|22,22	|16,17	|100	|19,01	|17,34	|10,68	|12,63	|13,89	|18,48	|12,35	|16,41	|19,01	|26,16	|18,6	|15,8	|0	|10,93	|0	|19,25	|19,94	|16,77	|14,5	|17,1	|11,54	|21,45	|12,47	|19,98	|18,64	|20,76	|18,4	|13,04	|0	|
________________________________________________________
14	|2,47	|4,02	|2,17	|1,99	|3,21	|3,61	|2,47	|0	|1,36	|3,5	|3,8	|4,09	|2,17	|100	|3,39	|2,99	|21,19	|17,07	|12,2	|21,38	|16,96	|14,08	|19,02	|19,46	|19,79	|12,16	|12,5	|20,05	|14,6	|11,87	|100	|20,94	|18,17	|16,18	|14,74	|17,58	|14,56	|18,76	|19,54	|16,44	|20,2	|100	|17,4	|21,64	|16,88	|11,98	|11,91	|17,73	|14,41	|15,41	|21,71	|13,16	|24,59	|18,58	|14,78	|22,89	|19,9	|0	|12,38	|0	|15,89	|15,63	|14,38	|20,6	|16,44	|18,58	|21,05	|18,72	|0	|14,89	|19,5	|21,56	|
________________________________________________________
15	|2,78	|3,44	|2,68	|3,48	|0	|2,95	|2,95	|3,68	|2,09	|0	|3,61	|3,58	|1,82	|3,05	|100	|2,29	|21,99	|15,27	|12,06	|17,09	|19,48	|15,3	|15,8	|16,96	|18,71	|11,33	|14,34	|0	|10	|0	|20,7	|22,23	|17,72	|17,22	|16,66	|22,95	|15,8	|16,2	|19,58	|16,3	|0	|12,75	|19,91	|19,51	|17,09	|11	|17,49	|20,27	|14,81	|16,06	|15,87	|15,83	|25,27	|18,68	|15	|22,86	|100	|13,05	|16,53	|21	|16,59	|14,54	|17,95	|16,93	|14,94	|16,96	|21,93	|19,05	|19,21	|100	|16,59	|19,87	|
________________________________________________________
16	|3,15	|3,71	|1,76	|3,45	|3,08	|3,68	|2,26	|3,88	|3,02	|3,68	|2,49	|4,71	|2,52	|2,69	|2,29	|100	|22,19	|16,38	|13	|20,96	|17,58	|13,4	|20,56	|13,67	|18,08	|10,51	|12,6	|18,91	|17,61	|0	|12,7	|0	|18,61	|16,92	|19,34	|17,71	|21,13	|13,9	|20,07	|16,85	|20,7	|20,3	|14,53	|0	|16,72	|11,94	|10,81	|16,75	|12,34	|12,74	|18,71	|12,07	|26	|18,67	|14,13	|22,12	|17,18	|11,58	|100	|21,29	|16,12	|14,53	|18,41	|13,03	|20,27	|10,55	|19,8	|18,44	|19,67	|16,82	|100	|17,91	|
________________________________________________________
17	|3,49	|3,98	|0	|3,59	|3,21	|2,85	|2,33	|3,23	|1,49	|2,76	|2,19	|3,55	|2,31	|2,63	|3,03	|3,06	|100	|18,35	|13,64	|22,46	|18,86	|13,69	|18,2	|19,05	|18,17	|8,46	|11,54	|16,95	|14,44	|11,21	|16,82	|16,59	|18,64	|17,14	|19,23	|16,55	|16,21	|16,02	|17,69	|14,55	|16,93	|16,43	|16,47	|16,67	|14,6	|0	|13,47	|19,14	|14,86	|13,13	|18,46	|18,88	|24,48	|14,74	|12,88	|18,57	|17	|11,97	|16,67	|16,51	|16,62	|14,98	|16,58	|14,16	|16,72	|16,52	|18,62	|15,98	|17,3	|16,98	|16,41	|16,78	|
________________________________________________________
18	|19,4	|3,67	|1,55	|3,65	|3,41	|3,09	|2,48	|3,32	|2,5	|2,87	|3,15	|3,21	|2,53	|2,79	|2,77	|2,97	|24,17	|100	|12,49	|23,14	|19,07	|13,62	|18,56	|18,36	|20,02	|14,07	|11,72	|17,26	|14,76	|10,99	|16,78	|16,85	|17,79	|17,32	|19,4	|16,63	|16	|15,85	|17,77	|14,8	|17,17	|16,37	|16,62	|17,09	|0	|9,19	|0	|19,29	|15,27	|13,17	|19,1	|19,23	|18,81	|20,16	|11,9	|18,31	|16,4	|12,25	|16,42	|16,54	|16,71	|15,65	|16,88	|14,19	|16,73	|16,64	|18,42	|16,33	|16,71	|17,11	|15,78	|17,05	|
________________________________________________________
19	|3,12	|4,07	|0	|0	|3,81	|2,62	|2,57	|3,27	|2,02	|3,59	|2,94	|3,89	|2,5	|2,66	|2,93	|3,15	|24,02	|16,69	|100	|20,18	|20,9	|15,2	|17,66	|18,72	|18,14	|9	|14,06	|16,33	|14,84	|11,05	|16,72	|16,58	|22,05	|17,93	|18,88	|20,62	|18,58	|18,43	|20,01	|12,71	|16,45	|16,36	|16,4	|16,42	|19,5	|0	|9,53	|0	|16,11	|13,43	|18,04	|18,38	|24,2	|16,76	|13,16	|18,88	|16,87	|12,11	|16,49	|16,69	|20,12	|0	|0	|17,39	|18,59	|18,18	|20	|16,32	|16,45	|17,06	|16,32	|17,02	|
________________________________________________________
20	|3,35	|18	|2,26	|2,6	|3,42	|2,74	|0	|3,54	|1,85	|3,13	|2,57	|4,08	|1,84	|2,93	|2,61	|3,19	|24,83	|19,42	|12,67	|100	|19,98	|13,42	|18,3	|18,52	|16,1	|10,28	|10,72	|19,35	|11,6	|11,25	|16,9	|16,24	|18,21	|18	|18,95	|16,76	|16,85	|16,11	|17,55	|14,51	|17,02	|16,72	|16,33	|16,23	|18,8	|13,19	|0	|14,29	|0	|13,72	|19,05	|18,82	|22,82	|17,19	|12,24	|21,77	|14,74	|12,38	|16,49	|16,52	|16,47	|14,72	|17,09	|14,43	|16,74	|16,77	|18,61	|16,54	|17	|17,29	|16,58	|16,96	|
________________________________________________________
21	|3,83	|4,31	|2,04	|0	|17,61	|2,51	|1,54	|3,57	|2,14	|3,35	|2,59	|3,01	|2,84	|2,71	|3,46	|3,12	|24,32	|18,67	|15,3	|23,29	|100	|12,07	|18,85	|18,93	|16,53	|10,08	|12,8	|19,76	|17,8	|10,9	|17,11	|16,93	|17,76	|16,84	|18,93	|16,94	|15,93	|15,9	|17,44	|15,02	|17,61	|16,33	|16,41	|16,39	|18,6	|12,73	|13,49	|0	|10,75	|0	|18,72	|18,42	|22,58	|17,2	|11,93	|15,68	|20,31	|11,96	|16,51	|16,38	|16,31	|15,08	|16,32	|14,5	|16,84	|16,35	|18,42	|15,76	|16,69	|16,48	|16,72	|16,01	|
________________________________________________________
22	|3,51	|4,01	|2,03	|3,27	|3,07	|2,68	|0	|0	|1,8	|3,77	|2,67	|3,82	|2,64	|3,13	|3,79	|3,31	|24,59	|18,58	|15,5	|21,8	|16,82	|100	|17,44	|19,71	|16,38	|10,58	|11,87	|17,97	|13,4	|12,82	|17,1	|15,79	|18,82	|17,06	|17,2	|18,63	|16,43	|16,38	|21,96	|14,49	|17,47	|19,42	|18,13	|18,81	|18,58	|13,05	|12,41	|19,39	|0	|9,8	|0	|19,66	|23	|17,43	|12,16	|20,25	|17,98	|13,55	|16,77	|16,73	|16,57	|14,84	|17,08	|16	|16,86	|16,49	|22,92	|0	|0	|20	|18,46	|18,38	|
________________________________________________________
23	|3,73	|3,92	|2,21	|3,32	|3,17	|16,08	|2,64	|2,25	|2,03	|2,8	|2,46	|3,21	|2,27	|3,15	|2,91	|3,79	|24,34	|18,84	|13,41	|22,13	|19,55	|12,98	|100	|19,91	|16,74	|11,05	|11,83	|16,66	|15,35	|9,93	|19,3	|12,44	|18,53	|16,73	|18,86	|16,56	|16,09	|16,07	|17,12	|16,08	|17,25	|16,44	|16,82	|17,16	|18,8	|13,7	|12,13	|18,62	|15,51	|0	|12,95	|0	|22,19	|16,24	|12,4	|17,94	|16,79	|12,08	|21,32	|14,46	|16,74	|15,47	|16,58	|14,18	|16,45	|16,25	|17,79	|16,05	|16,87	|16,83	|16,66	|16,98	|
________________________________________________________
24	|3,51	|3,88	|1,95	|3,16	|3,74	|3,17	|2,86	|0	|1,91	|2,78	|2,5	|3,18	|2,6	|3,18	|3,09	|2,48	|25,13	|18,39	|14,02	|22,1	|19,38	|14,48	|19,64	|100	|16,65	|10,37	|12,03	|16,72	|14,63	|12,47	|19,47	|19,15	|18,05	|16,83	|19,06	|16,85	|16,26	|16,27	|16,93	|14,23	|17,04	|16,19	|16,36	|16,3	|19,19	|12,57	|12,16	|19,08	|15,91	|14,1	|0	|8	|22,53	|16,56	|12,22	|18,31	|16,84	|12,08	|14,05	|21,07	|16,46	|15,33	|16,57	|14,32	|16,31	|16,48	|18,28	|15,97	|16,69	|16,76	|16,24	|16,7	|
________________________________________________________
25	|3,8	|3,84	|1,44	|2,83	|3,11	|2,83	|2,31	|2,86	|2,48	|3,41	|0	|4,09	|2,86	|3,25	|3,42	|3,3	|24,09	|20,15	|13,66	|19,31	|17	|12,09	|16,6	|16,73	|100	|14,01	|14,35	|18,9	|16,64	|13,17	|19,49	|19,15	|18,74	|16,86	|19,07	|16,98	|15,48	|16,18	|18,13	|14,66	|17,33	|16,38	|17,1	|16,63	|19,56	|8,81	|11,12	|16,71	|13,91	|11,54	|16,33	|17,04	|19,39	|0	|15,18	|21,29	|18,89	|13,26	|18,3	|19,26	|16,93	|15,05	|16,5	|13,8	|16,64	|16,44	|18,51	|16,21	|17,06	|16,72	|16,76	|16,67	|
________________________________________________________
26	|4,18	|2,78	|2,47	|2,9	|2,62	|2,73	|2,12	|3,36	|17,93	|2,8	|1,69	|4,02	|2,65	|3,13	|3,25	|3,01	|17,58	|22,19	|10,61	|19,32	|16,24	|12,24	|17,17	|16,34	|21,96	|100	|11,92	|19,07	|16,8	|12,89	|18,85	|18,93	|18,52	|16,55	|18,92	|17,16	|17,93	|15,52	|17,42	|14,85	|17,15	|15,98	|16,55	|17,22	|10,84	|16,33	|10,96	|17,06	|13,66	|11,87	|16,77	|16,54	|0	|10,7	|0	|21,34	|19,53	|13,82	|18,75	|19,28	|16,13	|14,65	|16,76	|14,26	|16,79	|16,06	|18,53	|16,38	|17,36	|17,02	|16,35	|16,78	|
________________________________________________________
27	|3,86	|3,93	|1,93	|3,46	|4,32	|2,64	|2,49	|2,93	|2,06	|3,1	|0	|0	|3,11	|2,86	|3,65	|3,2	|21,29	|16,42	|14,73	|17,89	|18,32	|12,2	|16,33	|16,82	|19,98	|10,59	|100	|16,82	|18,01	|13,09	|18,59	|18,35	|20,02	|18,87	|22,71	|16,97	|16,23	|20,83	|17,85	|14,64	|19,39	|14,62	|17,06	|17,15	|16,93	|11,22	|12,79	|17,28	|15,32	|11,79	|16,33	|16,42	|27,78	|0	|10,65	|0	|20,66	|13,24	|17,95	|17,82	|18,56	|17,03	|19,55	|0	|0	|21,32	|18,81	|16,82	|18,8	|17,52	|16,55	|17,14	|
________________________________________________________
28	|3,23	|3,94	|1,65	|3,44	|3,5	|3,02	|1,83	|2,91	|1,87	|16,79	|3,13	|2,68	|3,22	|3,26	|0	|3,41	|22,22	|17,18	|12,16	|22,95	|20,1	|13,12	|16,33	|16,62	|18,69	|12,03	|11,95	|100	|18,55	|13,2	|19,89	|18,77	|18,67	|16,74	|18,76	|16,79	|16,17	|16,23	|17,41	|14,78	|17,29	|16,03	|16,46	|17,05	|16,37	|10,98	|10,91	|20,75	|10,96	|11,42	|16,08	|16,52	|25,92	|19,21	|0	|14,84	|0	|14,27	|18,76	|18,79	|16,25	|15	|16,6	|14,6	|16,26	|16,77	|18,49	|16,06	|17,27	|16,58	|16,26	|16,59	|
________________________________________________________
29	|3,72	|2,79	|1,73	|2,36	|3,42	|2,36	|3	|3,08	|2,32	|3,74	|2,61	|0	|16,66	|2,68	|2,04	|3,59	|21,38	|16,6	|12,48	|15,54	|20,46	|11,05	|17	|16,42	|18,59	|11,98	|14,46	|20,96	|100	|11,15	|19,33	|19,47	|18,22	|16,6	|20,6	|16,66	|15,65	|15,96	|17,69	|14,89	|17,63	|15,73	|16,66	|17,05	|16,56	|10,78	|12,02	|13,45	|18,34	|11,06	|16,45	|16,42	|25,1	|18,57	|14,92	|0	|11,2	|0	|19,1	|19,24	|16,69	|14,54	|17,83	|13,32	|16,14	|16,25	|18,78	|16,52	|17,09	|16,25	|15,96	|16,88	|
________________________________________________________
30	|3,22	|3,25	|1,61	|2,78	|3,83	|2,79	|2,42	|3,46	|2,23	|3,24	|2,7	|4,29	|2,55	|2,92	|0	|0	|22,24	|16,56	|12,45	|20,19	|16,78	|14,17	|14,74	|18,75	|19,72	|12,31	|14,08	|19,98	|14,94	|100	|17,69	|20,31	|17,99	|16,5	|19,23	|16,46	|14,44	|18,6	|19,57	|15,57	|21,23	|16,52	|16,8	|20,69	|15,91	|11,09	|10,96	|16,8	|13,75	|13,09	|15,8	|18,25	|25,84	|18,54	|14,12	|22,03	|0	|10,37	|0	|20,04	|17,35	|15,42	|17,08	|14,5	|16,53	|19,12	|21,04	|18,25	|20,52	|0	|0	|20,22	|
________________________________________________________
31	|3,29	|3,59	|1,81	|2,79	|3,01	|3,08	|2,07	|3,96	|2,06	|3,24	|2,61	|3,77	|2,39	|16,12	|3,71	|2,28	|21,88	|16,57	|12,35	|19,88	|17,26	|12,38	|18,77	|19,2	|19,12	|11,8	|13,1	|19,72	|16,97	|11,6	|100	|21,23	|18,51	|16,54	|19,62	|16,9	|16,81	|15,72	|17,6	|14,46	|17,5	|16,12	|16,71	|16,77	|16,88	|11,75	|11,13	|17,04	|13,54	|11,51	|21,7	|14,01	|25,77	|18,75	|13,82	|21,16	|19,38	|0	|12,16	|0	|16,52	|14,99	|16,35	|14,53	|16,25	|16,2	|18,36	|16,26	|17,26	|16,87	|16,37	|16,84	|
________________________________________________________
32	|3,16	|3,33	|1,65	|2,82	|3,05	|1,96	|2,41	|2,48	|2,24	|3,27	|2,75	|3,68	|3,44	|3,4	|4,01	|0	|21,72	|16,75	|12,33	|19,23	|17,19	|11,51	|12,18	|19	|18,91	|11,93	|13,02	|18,74	|17,21	|13,4	|21,37	|100	|18,33	|16,88	|19,13	|16,58	|17,12	|15,96	|16,77	|14,44	|17,18	|16,54	|16,62	|16,24	|16,63	|11,13	|11,35	|16,39	|13,66	|12,52	|14,14	|20,9	|25,88	|18,95	|13,9	|20,48	|19,53	|14,58	|0	|8,97	|16,82	|14,84	|16,65	|14,57	|16,33	|16,33	|18,29	|16,37	|17,09	|16,81	|16,09	|16,02	|
________________________________________________________
33	|3,94	|4,05	|0	|3,47	|2,87	|1,82	|1,81	|3,37	|2,27	|3,38	|2,86	|3,62	|2,58	|2,69	|2,92	|3,06	|22,25	|16,12	|14,95	|19,66	|16,44	|12,51	|16,54	|16,33	|16,87	|10,64	|12,95	|17	|14,68	|10,83	|16,99	|16,72	|100	|18,45	|21,24	|18,96	|18,89	|18,1	|19,95	|10,13	|17,57	|15,9	|16,78	|17,21	|16,51	|11,64	|13,67	|16,94	|12,88	|12,88	|16,48	|16,62	|22,7	|17,11	|14,07	|18,73	|16,72	|12,03	|16,67	|16,61	|15,21	|0	|19,07	|16,15	|19,31	|18,71	|23,15	|14,26	|17,16	|17,39	|16,81	|16,7	|
________________________________________________________
34	|3,53	|21,07	|1,61	|3,3	|2,93	|3,1	|2,86	|2,7	|2,09	|3,27	|2,81	|3,87	|2,5	|2,6	|3,07	|3,01	|22,18	|17,02	|13,17	|21,07	|16,91	|12,29	|16,19	|16,51	|16,45	|10,31	|13,24	|16,52	|14,5	|10,76	|16,46	|16,68	|20	|100	|22,06	|19,05	|18,56	|18,37	|19,5	|16,63	|17,24	|15,64	|16,85	|16,7	|16,59	|11,46	|0	|16,74	|13,21	|11,15	|16,14	|16,79	|22,67	|16,69	|13,93	|18,72	|17,07	|12,01	|16,24	|17,22	|0	|13,02	|18,64	|16,05	|18,96	|18,95	|16,42	|21,22	|17,42	|16,62	|16,61	|16,78	|
________________________________________________________
35	|16,85	|3,72	|2,14	|2,83	|3,29	|2,28	|2,12	|3,79	|2,2	|2,94	|0	|3,84	|2,67	|2,09	|2,63	|3,05	|22,01	|16,85	|12,26	|19,61	|16,8	|10,96	|16,14	|16,53	|16,46	|10,42	|14,08	|16,38	|15,91	|11,09	|17,26	|16,72	|20,35	|19,51	|100	|18,28	|18,3	|18,52	|17,07	|14,45	|19,12	|12,06	|16,31	|16,96	|16,45	|11,39	|0	|17,18	|13,7	|11,77	|16,58	|16,74	|22,97	|16,59	|15,4	|18,06	|17,45	|12,59	|16,07	|16,59	|18,83	|17,35	|15,57	|0	|18,57	|18,65	|18,85	|16,45	|21,64	|14,83	|16,37	|16,76	|
________________________________________________________
36	|3,43	|4,27	|2,25	|0	|3,43	|2,95	|2	|2,54	|2,01	|16,7	|2,19	|4,41	|2,46	|2,84	|4,13	|3,18	|21,59	|16,47	|15,27	|19,78	|17,14	|13,53	|16,16	|16,66	|16,7	|10,77	|12	|16,7	|14,67	|10,82	|16,95	|16,53	|20,72	|19,2	|20,84	|100	|19,15	|18,79	|17,41	|14,61	|19,69	|18,62	|16,44	|16,53	|16,28	|11,36	|13,96	|16,64	|13,01	|11,55	|16,37	|16,56	|23	|16,31	|0	|18,89	|17,72	|12,24	|16,98	|16,77	|18,57	|17,1	|0	|12,97	|19,31	|19,17	|18,94	|16,04	|14,26	|22,41	|16,5	|16,6	|
________________________________________________________
37	|3,42	|4,21	|1,95	|3,03	|2,75	|2,56	|2,06	|3,07	|11,57	|2,72	|2,99	|3,01	|2,63	|2,42	|2,92	|3,9	|21,72	|16,29	|14,14	|20,44	|16,57	|12,26	|16,13	|16,52	|15,66	|11,57	|11,8	|16,54	|14,17	|9,76	|17,33	|17,54	|21,22	|19,23	|21,45	|19,68	|100	|18,3	|17,77	|14,49	|17,04	|16,43	|19,09	|12,03	|16,49	|11,37	|12,18	|15,94	|12,96	|11,52	|16,21	|17,31	|22,64	|16,92	|0	|18,62	|16,89	|12,4	|16,85	|16,93	|18,99	|16,97	|18,17	|16,69	|14,96	|0	|19,05	|16,11	|17,17	|17,15	|21,6	|14,26	|
________________________________________________________
38	|3,53	|3,96	|1,85	|3,2	|2,86	|2,59	|2,17	|2,94	|1,86	|3,44	|3,05	|0	|2,91	|3,12	|3	|2,57	|21,5	|16,15	|14,05	|19,55	|16,55	|12,24	|16,13	|16,55	|16,38	|10,02	|15,15	|16,62	|14,46	|12,58	|16,22	|16,36	|20,35	|19,05	|21,72	|19,33	|18,32	|100	|17,44	|14,49	|17,09	|16,51	|19,03	|19,35	|16,16	|11,86	|12,45	|17,1	|13,34	|11,37	|16,07	|16,47	|22,32	|16,32	|14,87	|17,13	|16,97	|12,03	|16,66	|16,53	|18,66	|17,08	|18,34	|16,58	|0	|14,69	|19,01	|16,34	|17,19	|17,07	|13,77	|21,2	|
________________________________________________________
39	|3,41	|3,82	|1,37	|3,04	|3,59	|2,83	|0	|3,58	|1,92	|2,72	|2,61	|3,23	|2,8	|3,02	|3,37	|3,45	|22,08	|16,83	|14,18	|19,8	|16,88	|15,25	|15,98	|16,01	|17,06	|10,46	|12,07	|16,57	|14,9	|12,31	|16,88	|15,98	|20,85	|18,8	|18,61	|16,66	|16,54	|16,21	|100	|15,54	|19,25	|18,55	|18,92	|18,84	|16,78	|11,2	|11,18	|17	|13,6	|13,88	|16,38	|16,55	|22,11	|16,56	|12,42	|18,5	|17,34	|13,41	|16,81	|16,27	|21,75	|12,84	|16,64	|14,82	|16,06	|16,8	|18,03	|0	|19,72	|19,61	|18,62	|18,47	|
________________________________________________________
40	|2,74	|4,12	|2,3	|2,76	|3,09	|17,97	|1,67	|3,31	|1,76	|2,62	|2,4	|3,25	|2,91	|3,05	|3,36	|3,47	|21,75	|16,79	|10,79	|19,61	|17,42	|12,06	|17,97	|16,13	|16,52	|10,68	|11,86	|16,85	|15,03	|11,73	|16,62	|16,48	|12,68	|19,21	|18,88	|16,73	|16,15	|16,14	|18,62	|100	|19,57	|18,33	|18,92	|19,16	|16,47	|11,4	|11,14	|16,8	|13,51	|0	|16,71	|16,58	|22,1	|16,16	|12,91	|18,31	|16,87	|13,58	|17,32	|16,65	|12,9	|20,83	|16,45	|14,36	|16,61	|16,86	|0	|13,42	|19,96	|19,27	|19,22	|18,69	|
________________________________________________________
41	|3,59	|3,35	|1,61	|3,63	|17,4	|2,66	|2,61	|2,35	|2,12	|3,41	|1,93	|3,19	|3,18	|3,19	|0	|3,63	|21,57	|16,61	|11,9	|19,62	|17,4	|12,39	|16,44	|16,46	|16,65	|10,52	|13,39	|16,81	|15,16	|13,63	|17,15	|16,72	|18,76	|16,97	|21,29	|19,23	|16,19	|16,22	|19,66	|16,68	|100	|18,74	|18,84	|19,33	|16,56	|11,3	|11,34	|16,98	|13,33	|0	|16,46	|16,56	|22,78	|16,26	|12,39	|18,56	|17,28	|14,16	|16,85	|16,67	|16,79	|14,59	|21,24	|11,6	|16,22	|16,2	|20,79	|18,53	|14,41	|0	|18,81	|19,3	|
________________________________________________________
42	|2,28	|3,51	|2,03	|2,45	|3,45	|3,07	|2,55	|0	|1,49	|3,21	|3,46	|3,31	|2,44	|16,61	|2,36	|3,75	|22,01	|16,66	|12,45	|20,26	|16,98	|14,49	|16,48	|16,45	|16,55	|10,3	|10,62	|16,39	|14,23	|11,15	|16,61	|16,93	|17,85	|16,2	|14,12	|19,13	|16,42	|16,49	|19,92	|16,44	|19,71	|100	|19,07	|19,47	|16,39	|11,45	|12,49	|16,98	|13,35	|14,17	|16,66	|16,58	|22,69	|16,72	|12,59	|18,62	|16,82	|0	|16,44	|16,93	|16,95	|14,87	|14,51	|19,75	|16,75	|16,79	|20,74	|18,26	|0	|14,59	|19,12	|19,12	|
________________________________________________________
43	|3,16	|3,51	|1,71	|2,83	|3,45	|2,84	|2,45	|3,45	|2,13	|2,73	|2,41	|4,41	|14,86	|2,85	|3,63	|2,64	|21,77	|16,67	|12,3	|19,52	|16,83	|13,34	|16,63	|16,38	|17,04	|10,53	|12,22	|16,59	|14,86	|11,19	|16,98	|16,78	|18,58	|17,21	|18,84	|16,66	|18,82	|18,73	|20,04	|16,73	|19,54	|18,81	|100	|18,91	|17,04	|11,43	|11,16	|16,61	|13,39	|13,06	|16,54	|16,75	|22,75	|16,75	|12,69	|18,35	|16,99	|0	|16,33	|16,32	|16,48	|15,08	|16,48	|14,07	|21,45	|14,24	|20,9	|18,46	|19,69	|19,57	|14,09	|0	|
________________________________________________________
44	|3,19	|3,45	|1,71	|2,88	|3,51	|2,91	|2,44	|3,29	|1,44	|2,72	|2,74	|2,75	|2,79	|3,51	|3,52	|0	|21,79	|16,96	|12,19	|19,19	|16,62	|13,69	|16,78	|16,15	|16,39	|10,83	|12,15	|17	|15,04	|13,63	|16,85	|16,21	|18,84	|16,87	|19,38	|16,57	|11,73	|18,85	|19,74	|16,76	|19,83	|18,99	|18,7	|100	|16,72	|11,16	|11,13	|17,01	|13,22	|12,8	|16,45	|16,05	|22,57	|16,94	|13,21	|18,36	|16,7	|14,54	|16,24	|16,15	|16,88	|14,88	|16,93	|14,24	|13,72	|21,15	|21,12	|18,32	|19,18	|19,37	|0	|14,27	|
________________________________________________________
45	|0	|4,4	|2,06	|3,28	|3,47	|3,01	|2,43	|3,41	|1,23	|2,76	|2,94	|3,81	|2,58	|2,77	|3,12	|3,05	|19,34	|0	|14,67	|22,53	|19,12	|13,71	|18,62	|19,28	|19,54	|6,91	|12,15	|16,54	|14,81	|10,62	|17,19	|16,83	|18,33	|16,99	|19,05	|16,53	|16,3	|15,95	|17,82	|14,6	|17,22	|16,2	|17,09	|16,94	|100	|13,6	|13,39	|19,16	|15,84	|13,31	|18,3	|18,99	|26,66	|19,95	|13,82	|18,71	|17,35	|12,04	|16,6	|16,78	|16,97	|14,72	|16,32	|14,09	|16,27	|16,52	|18,49	|15,79	|17,41	|17,08	|16,73	|16,42	|
________________________________________________________
46	|2,42	|3,98	|15,1	|2,99	|3,28	|3,12	|2,3	|3,53	|2,62	|2,85	|3,25	|3,06	|2,3	|2,84	|2,9	|3,15	|0	|13,37	|0	|22,85	|18,9	|13,92	|19,61	|18,25	|12,73	|15,05	|11,64	|16,04	|13,94	|10,71	|17,3	|16,28	|18,67	|16,96	|19,06	|16,67	|16,24	|16,93	|17,18	|14,61	|16,98	|16,37	|16,56	|16,35	|19,66	|100	|10,8	|19,26	|15,45	|12,75	|19,62	|19,13	|17,97	|20,42	|11,13	|18,77	|17,02	|11,9	|17,16	|16,44	|16,54	|15,1	|16,84	|14,63	|17,07	|17,05	|18,51	|16,03	|17,11	|16,85	|16,78	|16,76	|
________________________________________________________
47	|0	|0	|1,68	|2,73	|3,71	|3,01	|2,58	|3,07	|2,02	|3,55	|3,16	|3,57	|2,81	|2,92	|4,77	|2,95	|26,65	|0	|10,7	|0	|20,7	|13,66	|17,95	|18,24	|16,59	|10,44	|13,71	|16,46	|16,06	|10,93	|16,94	|17,14	|22,65	|0	|0	|21,17	|17,98	|18,35	|17,72	|14,74	|17,61	|18,45	|16,7	|16,84	|20	|11,15	|100	|16,85	|16,4	|14,27	|18,58	|18,3	|22,31	|16,92	|14,45	|16,37	|19,27	|12,91	|16,85	|16,63	|20,87	|14,79	|17,02	|18,16	|18,65	|18,53	|18,38	|16,18	|14,91	|19,49	|15,93	|16,35	|
________________________________________________________
48	|4,12	|2,86	|1,76	|16,9	|0	|3,19	|2,54	|3,71	|1,73	|3,47	|2,35	|3,8	|2,05	|2,89	|3,67	|3,03	|25,13	|19,23	|0	|16,98	|0	|14,18	|18,28	|18,99	|16,55	|10,78	|12,3	|20,78	|11,93	|11,12	|17,21	|16,44	|18,63	|16,98	|19,71	|16,75	|15,61	|16,73	|17,89	|14,76	|17,5	|16,64	|16,51	|17,09	|18,99	|13,21	|11,18	|100	|16,02	|13,9	|18,91	|19,06	|22,81	|16,5	|12,64	|21,56	|20,37	|13,16	|16,53	|16,57	|16,41	|14,95	|16,9	|13,88	|15,98	|17,03	|18,64	|16,45	|17,18	|17,44	|16,3	|17,3	|
________________________________________________________
49	|3,84	|0	|2,09	|3,21	|2,36	|3,08	|15,96	|3,11	|2,06	|2,37	|2,55	|2,42	|3,38	|2,9	|3,32	|2,76	|24,13	|18,82	|14,85	|0	|13,55	|0	|18,84	|19,59	|17,04	|10,68	|13,49	|13,58	|20,11	|11,26	|16,91	|16,95	|17,53	|16,58	|19,45	|16,2	|15,7	|16,15	|17,7	|14,68	|16,99	|16,18	|16,46	|16,42	|19,42	|13,1	|13,47	|19,81	|100	|11,66	|19,03	|19,29	|22,27	|16,31	|12,27	|13,45	|19,97	|11,25	|16,35	|16,71	|16,02	|14,82	|16,77	|14,05	|16,43	|16,06	|18,74	|15,96	|17,39	|16,75	|16,36	|16,82	|
________________________________________________________
50	|3,56	|3,99	|1,92	|3,06	|0	|0	|2,18	|2,73	|1,91	|2,66	|2,73	|3,43	|2,62	|3,61	|4,18	|3,31	|24,79	|18,87	|14,4	|23,44	|0	|10,31	|0	|20,18	|16,43	|10,79	|12,07	|16,44	|14,1	|12,46	|16,72	|18,06	|20,37	|16,27	|19,42	|16,72	|16,23	|15,99	|21	|0	|0	|19,96	|18,66	|18,49	|18,97	|12,58	|13,62	|19,99	|13,55	|100	|17,22	|20,36	|23,04	|17,67	|12,3	|18,03	|17,61	|14,95	|14,44	|17,7	|19,13	|13,4	|16,46	|14,16	|16,7	|16,66	|22,21	|16,48	|17,11	|21,87	|18,71	|19,09	|
________________________________________________________
51	|3,59	|3,99	|2,02	|3,33	|3,55	|2,05	|2	|17,81	|1,87	|2,67	|2,41	|3,31	|2,45	|3,57	|2,9	|3,42	|24,48	|19,24	|13,58	|22,85	|19,26	|0	|12,84	|0	|16,33	|10,71	|11,74	|16,26	|14,73	|10,56	|22,13	|14,33	|18,31	|16,54	|19,22	|16,64	|16,03	|15,88	|17,41	|14,82	|17,13	|16,48	|16,6	|16,69	|18,31	|13,59	|12,46	|19,1	|15,54	|12,09	|100	|20,28	|22,16	|16,69	|12,37	|18,46	|17,16	|11,31	|18,39	|18,4	|16,82	|15,23	|16,3	|14,23	|16,69	|16,93	|18,56	|16,48	|17,81	|16,81	|16,3	|16,3	|
________________________________________________________
52	|3,59	|3,96	|1,97	|3,35	|3,31	|0	|2,59	|3,49	|1,94	|2,47	|2,23	|3,52	|2,8	|2,14	|2,86	|2,18	|24,76	|19,15	|13,68	|22,32	|18,74	|14,36	|0	|7,96	|16,86	|10,44	|11,67	|16,53	|14,54	|12,06	|14,13	|20,94	|18,26	|17,02	|19,19	|16,64	|16,93	|16,1	|17,4	|14,55	|17,05	|16,23	|16,63	|16,11	|18,8	|13,1	|12,13	|19,04	|15,58	|14,14	|20,06	|100	|23,09	|17,07	|12,29	|18,66	|17,21	|12,12	|12,13	|19,18	|16,65	|15,58	|16,58	|13,58	|16,91	|16,56	|17,71	|15,42	|17,2	|17,03	|16,65	|15,9	|
________________________________________________________
53	|2,81	|3,8	|1,32	|2,94	|2,95	|2,55	|2,19	|2,82	|0	|3,61	|2,96	|3,77	|2,84	|2,94	|3,36	|3,45	|23,6	|13,77	|13,25	|19,9	|16,88	|12,34	|16	|16,46	|14,1	|0	|14,52	|19,06	|16,33	|12,56	|19,1	|19,06	|18,33	|16,89	|19,36	|16,99	|16,28	|16,03	|17,08	|14,26	|17,23	|16,32	|16,59	|16,64	|19,4	|9,05	|10,87	|16,74	|13,22	|11,76	|16,11	|16,97	|100	|19,35	|13,61	|21,52	|18,62	|13,5	|18,6	|19,19	|17,08	|15,39	|16,55	|14,42	|16,72	|16,25	|18,89	|16,48	|17,1	|17,19	|16,95	|16,35	|
________________________________________________________
54	|3,96	|3,63	|1,91	|3,01	|3,03	|2,59	|2,15	|2,89	|1,15	|3,3	|14,95	|3,43	|2,74	|3,01	|3,37	|3,36	|19,27	|20,01	|12,44	|20,33	|17,44	|12,69	|15,88	|16,41	|0	|6,73	|0	|19,16	|16,39	|12,22	|18,85	|18,92	|18,74	|16,87	|18,96	|16,35	|16,5	|15,9	|17,35	|14,14	|16,69	|16,32	|16,58	|16,94	|19,69	|13,94	|11,18	|16,43	|13,13	|12,24	|16,46	|17,02	|26,25	|100	|12,58	|20,96	|18,66	|13,95	|18,51	|19,3	|16,5	|14,7	|17,54	|14,95	|16,88	|16,41	|18,65	|15,86	|16,76	|17,19	|16,62	|16,31	|
________________________________________________________
55	|4,08	|4,09	|1,87	|3,52	|2,94	|2,74	|2,18	|2,92	|0	|0	|2,61	|3,55	|3,16	|3,26	|3,68	|3,46	|22,89	|16,06	|13,28	|19,68	|16,44	|12,03	|16,48	|16,46	|20,35	|0	|10,26	|0	|17,9	|12,65	|18,9	|18,88	|20,94	|19,13	|23,93	|0	|0	|19,69	|17,69	|15,36	|17,28	|16,7	|17,07	|17,96	|18,55	|10,33	|12,98	|17,11	|13,42	|11,58	|16,57	|16,65	|25,1	|17,1	|100	|18,87	|20,79	|14,31	|18,85	|18,32	|18,68	|16,78	|20,45	|14,33	|16,86	|19,65	|18,35	|16,71	|17,13	|16,43	|15,15	|17,58	|
________________________________________________________
56	|3,03	|4,34	|1,5	|3,29	|2,59	|2,96	|1,6	|2,94	|2,37	|2,34	|2,65	|18,16	|0	|3,38	|3,75	|3,63	|22,1	|16,54	|12,75	|23,43	|14,48	|13,42	|15,96	|16,52	|19,11	|12,22	|0	|13,47	|0	|13,21	|19,37	|18,62	|18,67	|17,22	|18,78	|17,23	|16,53	|15,19	|17,64	|14,58	|17,33	|16,54	|16,53	|16,71	|16,81	|11,67	|9,85	|19,54	|9,86	|11,36	|16,57	|16,94	|26,57	|19,08	|12,64	|100	|20,69	|13,89	|18,43	|18,55	|16,59	|15,19	|16,03	|14,98	|18,16	|16,09	|18,44	|16,09	|17,06	|17,38	|16,7	|16,58	|
________________________________________________________
57	|3,36	|3,25	|1,95	|3,34	|3,68	|2,63	|2,45	|2,92	|2,32	|0	|3,09	|4,1	|1,58	|3,17	|17,72	|3,04	|21,84	|15,99	|12,31	|17,13	|20,24	|12,86	|16,13	|16,4	|18,3	|12,07	|14,38	|0	|9,71	|0	|19,14	|19,17	|17,99	|16,94	|19,59	|17,45	|16,18	|16,24	|17,85	|14,5	|17,42	|16,12	|16,51	|16,41	|16,82	|11,41	|12,51	|19,93	|15,8	|11,98	|16,63	|16,85	|24,81	|18,33	|15,02	|22,33	|100	|12,58	|18,81	|19	|16,21	|14,82	|16,53	|14,24	|16,13	|16,25	|18,81	|16,37	|17,02	|17,72	|16,75	|16,44	|
________________________________________________________
58	|3,06	|3,52	|1,8	|4,07	|3,64	|2,99	|2,41	|3,24	|2,3	|3,56	|3,07	|3,88	|0	|0	|3,28	|2,9	|21,79	|16,93	|12,52	|20,4	|16,9	|13,74	|16,45	|16,68	|18,22	|12,11	|13,07	|19,82	|0	|9,52	|0	|20,28	|18,35	|16,9	|20,03	|17,09	|16,84	|16,32	|19,57	|16,55	|20,24	|0	|0	|20,26	|16,55	|11,31	|11,89	|18,24	|12,61	|14,42	|15,53	|16,83	|25,5	|19,43	|14,66	|21,26	|17,84	|100	|17,85	|19,53	|17,17	|14,81	|17,79	|13,49	|16,17	|15,95	|21,1	|17,84	|20,32	|17,61	|16,78	|19,67	|
________________________________________________________
59	|3,13	|3,33	|1,73	|2,84	|2,89	|3,51	|1,95	|3,48	|2,25	|3,28	|2,96	|3,56	|2,86	|2,03	|3,01	|18,2	|22,02	|16,47	|12,37	|19,7	|16,92	|12,34	|21,07	|14,08	|18,24	|11,92	|12,86	|18,91	|17,04	|0	|12,36	|0	|18,45	|16,58	|18,56	|17,2	|16,61	|16,41	|17,8	|15,31	|17,48	|16,21	|16,33	|16,41	|16,56	|11,84	|11,26	|16,63	|13,3	|10,11	|18,32	|12,22	|25,49	|18,7	|14,01	|20,46	|19,35	|12,95	|100	|20,66	|16,85	|14,78	|16,96	|14,64	|16,25	|16,12	|18,54	|16,28	|16,98	|17,14	|18,2	|16,18	|
________________________________________________________
60	|3,09	|3,72	|1,65	|2,75	|3,06	|2,26	|2,49	|3,1	|2,21	|3,05	|3	|3,74	|2,94	|0	|3,8	|3,85	|21,67	|16,49	|12,44	|19,62	|16,68	|12,23	|14,2	|20,97	|19,07	|12,18	|12,68	|18,81	|17,05	|13,26	|0	|9	|18,27	|17,47	|19,04	|16,88	|16,58	|16,17	|17,12	|14,63	|17,17	|16,59	|16,21	|16,22	|16,62	|11,27	|11,04	|16,56	|13,51	|12,31	|18,21	|19,2	|26,13	|19,38	|13,53	|20,46	|19,41	|14,08	|20,53	|100	|16,54	|15,16	|16,46	|14,34	|16,02	|16,57	|18,48	|16,12	|17,15	|17,31	|16,38	|16,06	|
________________________________________________________
61	|3,56	|0	|1,87	|3,41	|2,78	|2,09	|2,4	|3,27	|2,11	|2,9	|2,72	|3,71	|2,47	|2,57	|2,99	|2,9	|21,72	|16,58	|14,93	|19,47	|16,53	|12,06	|16,36	|16,3	|16,69	|10,14	|13,15	|16,2	|14,72	|11,43	|16,6	|16,79	|16,65	|0	|21,5	|18,6	|18,51	|18,17	|22,78	|11,28	|17,22	|16,53	|16,3	|16,88	|16,74	|11,29	|13,78	|16,33	|12,89	|13,24	|16,57	|16,59	|23,16	|16,49	|13,73	|18,22	|16,49	|12,32	|16,67	|16,46	|100	|16,38	|19,57	|16,45	|18,97	|18,35	|22,15	|19,15	|17,04	|16,84	|16,23	|16,31	|
________________________________________________________
62	|3,79	|3,1	|11,51	|2,78	|2,97	|3,67	|2,33	|2,63	|2,11	|3,09	|2,83	|3,97	|2,38	|2,83	|2,93	|2,92	|21,87	|17,35	|0	|19,43	|17,08	|12,06	|16,89	|16,96	|16,57	|10,29	|13,47	|16,71	|14,33	|11,34	|16,83	|16,55	|0	|14,69	|22,14	|19,14	|18,47	|18,57	|15,03	|20,35	|16,72	|16,2	|16,66	|16,62	|16,23	|11,51	|10,92	|16,62	|13,32	|10,36	|16,77	|17,34	|23,31	|16,41	|13,79	|18,63	|16,85	|11,87	|16,33	|16,86	|18,3	|100	|19,05	|16,29	|18,72	|18,63	|13,17	|18,54	|17,37	|17,41	|16,43	|16,3	|
________________________________________________________
63	|2,96	|4,42	|1,74	|16,88	|3,63	|2,58	|2,13	|3,22	|2,43	|0	|2,74	|3,83	|2,52	|2,34	|3,25	|3,33	|21,74	|16,81	|0	|20,27	|16,6	|12,47	|16,26	|16,47	|16,32	|10,58	|13,9	|16,6	|15,79	|11,29	|16,49	|16,68	|20,95	|18,89	|17,84	|0	|17,78	|17,93	|17,49	|14,43	|21,86	|14,2	|16,35	|16,99	|16,15	|11,53	|11,28	|16,88	|13,54	|11,43	|16,12	|16,58	|22,52	|17,6	|15,09	|17,66	|16,88	|12,81	|16,83	|16,45	|19,65	|17,12	|100	|16,16	|18,44	|18,54	|18,2	|16,18	|19,15	|18,84	|16,23	|16,71	|
________________________________________________________
64	|0	|4,32	|2,35	|2,82	|2,59	|2,87	|2,1	|2,01	|2,15	|2,7	|17,39	|3,61	|1,97	|3,89	|3,55	|2,73	|21,54	|16,4	|15,03	|19,86	|17,12	|13,56	|16,14	|16,52	|15,84	|10,44	|0	|16,95	|13,68	|11,12	|17	|16,93	|20,58	|18,87	|0	|15,13	|18,94	|18,8	|18,07	|14,62	|13,85	|22,43	|16,2	|16,57	|16,18	|11,62	|13,97	|16,09	|13,17	|11,41	|16,32	|15,76	|22,77	|17,39	|12,27	|19,15	|16,87	|11,28	|16,86	|16,62	|19,15	|16,98	|18,76	|100	|19,19	|18,63	|18,41	|16,24	|11,09	|19,92	|16,11	|16,2	|
________________________________________________________
65	|3,78	|3,89	|2,01	|3,17	|2,84	|2,48	|2,01	|3,05	|1,54	|3,29	|2,52	|20,19	|3,19	|2,7	|2,73	|3,69	|22,12	|16,81	|13,97	|20,03	|17,28	|12,42	|16,27	|16,36	|16,61	|10,69	|0	|16,4	|14,41	|11,02	|16,53	|16,5	|21,4	|19,38	|21,46	|19,58	|14,76	|0	|17,02	|14,7	|16,84	|16,53	|21,47	|13,88	|16,24	|11,79	|12,47	|16,1	|13,38	|11,7	|16,65	|17,06	|22,94	|17,08	|12,55	|20,19	|16,61	|11,75	|16,27	|16,14	|19,2	|16,96	|18,59	|16,68	|100	|18,36	|18,01	|16,03	|17,1	|16,37	|19,28	|19,14	|
________________________________________________________
66	|3,79	|3,97	|1,98	|3,28	|2,87	|2,59	|2,4	|3,02	|0	|3,58	|3,19	|3,78	|1,86	|3,05	|3,09	|1,92	|21,85	|16,71	|13,65	|20,07	|16,78	|12,15	|16,07	|16,53	|16,41	|10,22	|15,28	|16,92	|14,51	|12,74	|16,47	|16,5	|20,73	|19,37	|21,56	|19,44	|0	|14,48	|17,81	|14,92	|16,82	|16,58	|14,25	|21,4	|16,5	|11,78	|12,39	|17,16	|13,08	|11,67	|16,88	|16,7	|22,3	|16,61	|14,62	|17,88	|16,73	|11,58	|16,13	|16,7	|18,57	|16,88	|18,7	|16,19	|18,36	|100	|18,35	|16,41	|17,12	|17,4	|11,48	|19,02	|
________________________________________________________
67	|3,76	|3,19	|1,19	|2,74	|3,75	|0	|2,42	|3,8	|1,89	|2,87	|2,66	|3,23	|2,66	|3,09	|3,58	|3,23	|22,06	|16,57	|13,46	|19,94	|16,93	|15,12	|15,77	|16,42	|16,54	|10,57	|12,08	|16,71	|15,02	|12,56	|16,73	|16,56	|22,98	|15,04	|19,52	|17,2	|16,83	|16,78	|17,12	|0	|19,33	|18,34	|18,74	|19,14	|16,54	|11,45	|11,01	|16,82	|13,67	|13,94	|16,58	|15,99	|23,22	|16,9	|12,23	|18,35	|17,35	|13,73	|16,62	|16,68	|20,08	|10,68	|16,44	|14,33	|16,13	|16,44	|100	|18,38	|19,95	|19,25	|19,04	|18,51	|
________________________________________________________
68	|3,35	|4,68	|1,9	|2,82	|3,54	|2,22	|13,29	|3,27	|1,93	|2,73	|2,59	|3,21	|2,84	|3,14	|3,55	|3,44	|21,61	|16,77	|12,53	|20,23	|16,53	|0	|16,23	|16,37	|16,53	|10,66	|12,33	|16,56	|15,08	|12,44	|16,91	|16,92	|16,16	|22,17	|19,45	|16,63	|16,25	|16,46	|0	|12,14	|19,67	|18,43	|18,89	|18,95	|16,12	|11,32	|11,06	|16,94	|13,29	|11,8	|16,81	|15,9	|23,12	|16,4	|12,71	|18,29	|17,24	|13,25	|16,66	|16,61	|19,82	|17,18	|16,68	|14,43	|16,38	|16,77	|20,98	|100	|19,79	|19,36	|18,71	|19,05	|
________________________________________________________
69	|3,95	|3,54	|1,44	|3,36	|2,47	|3,23	|2,28	|17,18	|2,23	|2,36	|1,51	|3,41	|2,99	|0	|3,39	|3,47	|22,12	|16,23	|11,94	|19,67	|16,56	|0	|16,13	|16,19	|16,46	|10,69	|13,03	|16,85	|14,76	|13,23	|16,98	|16,7	|18,39	|17,22	|24,19	|13,98	|16,39	|16,38	|20,22	|17,08	|14,47	|0	|19,06	|18,77	|16,81	|11,43	|9,64	|16,74	|13,69	|11,59	|17,18	|16,78	|22,7	|16,4	|12,32	|18,33	|16,95	|14,27	|16,44	|16,71	|16,68	|15,22	|18,68	|9,33	|16,53	|16,56	|21,54	|18,72	|100	|19,65	|18,38	|18,72	|
________________________________________________________
70	|2,88	|3,48	|2,12	|3,2	|0	|3,13	|2,49	|3,5	|1,86	|3,38	|2,96	|3,23	|2,66	|2,38	|17,76	|2,98	|21,86	|16,72	|12,48	|20,14	|16,46	|14,33	|16,2	|16,36	|16,23	|10,55	|12,23	|16,29	|14,12	|0	|16,7	|16,53	|18,76	|16,53	|16,69	|22,12	|16,47	|16,37	|20,24	|16,6	|0	|14,02	|19,06	|19,08	|16,6	|11,33	|12,69	|17,1	|13,28	|14,91	|16,32	|16,72	|22,96	|16,92	|11,9	|18,8	|17,76	|12,45	|16,7	|16,98	|16,59	|15,36	|18,5	|16,85	|15,93	|16,94	|20,92	|18,43	|19,78	|100	|18,69	|18,56	|
________________________________________________________
71	|3,09	|3,58	|1,69	|2,63	|3,37	|3,05	|2,39	|3,15	|2,34	|2,77	|2,16	|4,09	|1,94	|3,2	|3,03	|18,25	|21,73	|15,88	|12,28	|19,86	|17,18	|13,62	|16,51	|16,31	|16,75	|10,42	|11,88	|16,43	|14,28	|0	|16,68	|16,29	|18,65	|17	|18,95	|16,75	|21,34	|13,59	|19,77	|17,04	|19,56	|18,9	|14,13	|0	|16,74	|11,61	|10,67	|16,45	|13,35	|13,13	|16,29	|16,82	|23,3	|16,84	|11,29	|18,59	|17,28	|12,21	|18,25	|16,54	|16,45	|14,91	|16,4	|14,02	|19,31	|11,49	|21,29	|18,33	|19,04	|19,23	|100	|18,67	|
________________________________________________________
72	|3,36	|3,64	|1,61	|3	|3,3	|3,05	|2,45	|3,35	|1,44	|2,8	|2,79	|3,86	|0	|3,53	|3,62	|3,26	|22,18	|17,11	|12,78	|20,28	|16,42	|13,53	|16,79	|16,74	|16,62	|10,68	|12,28	|16,73	|15,06	|13,48	|17,12	|16,18	|18,49	|17,14	|19,37	|16,83	|14,06	|20,89	|19,58	|16,54	|20,02	|18,86	|0	|14,44	|16,39	|11,57	|10,93	|17,42	|13,69	|13,37	|16,25	|16,03	|22,43	|16,5	|13,08	|18,42	|16,92	|14,28	|16,19	|16,18	|16,5	|14,76	|16,85	|14,08	|19,14	|19,01	|20,66	|18,63	|19,35	|19,06	|18,63	|100	|
________________________________________________________
