0	|1	|2	|3	|4	|5	|6	|7	|8	|9	|10	|11	|12	|13	|14	|15	|16	|17	|18	|19	|20	|21	|22	|23	|24	|25	|26	|27	|28	|29	|30	|31	|32	|33	|34	|35	|36	|37	|38	|39	|40	|41	|42	|43	|44	|45	|46	|47	|48	|49	|50	|51	|52	|53	|54	|55	|56	|57	|58	|59	|60	|61	|62	|63	|64	|65	|66	|67	|68	|69	|70	|71	|72	|
1	|3224	|112	|50	|120	|126	|86	|93	|140	|90	|104	|0	|121	|92	|67	|84	|95	|764	|3224	|388	|664	|651	|428	|611	|583	|627	|440	|458	|539	|550	|355	|553	|529	|723	|597	|3224	|576	|558	|575	|598	|402	|617	|372	|524	|535	|0	|277	|0	|687	|518	|413	|592	|599	|639	|663	|502	|558	|573	|368	|518	|515	|597	|568	|494	|0	|625	|627	|694	|543	|676	|489	|511	|556	|
________________________________________________________
2	|112	|3564	|67	|117	|120	|126	|0	|112	|61	|136	|101	|165	|70	|109	|104	|112	|872	|610	|506	|3564	|732	|489	|641	|643	|634	|293	|466	|657	|412	|359	|605	|557	|742	|3564	|711	|717	|687	|646	|671	|604	|576	|573	|581	|577	|727	|455	|0	|476	|0	|462	|658	|661	|863	|608	|504	|799	|553	|423	|552	|620	|0	|465	|737	|621	|643	|657	|589	|758	|605	|592	|592	|603	|
________________________________________________________
3	|50	|67	|1726	|46	|58	|85	|41	|48	|60	|61	|71	|53	|48	|59	|81	|53	|0	|257	|0	|447	|346	|247	|361	|324	|238	|260	|229	|275	|255	|178	|304	|276	|0	|272	|409	|378	|318	|302	|241	|337	|277	|331	|283	|286	|341	|1726	|186	|293	|281	|223	|333	|329	|299	|320	|230	|275	|332	|216	|287	|275	|313	|1726	|290	|338	|333	|327	|220	|308	|246	|360	|280	|266	|
________________________________________________________
4	|120	|117	|46	|2817	|0	|88	|68	|125	|64	|0	|69	|141	|60	|54	|105	|104	|785	|606	|0	|515	|0	|399	|543	|524	|467	|305	|411	|575	|349	|307	|470	|472	|637	|558	|541	|0	|494	|522	|534	|404	|624	|400	|469	|482	|542	|342	|302	|2817	|432	|355	|549	|559	|668	|504	|433	|605	|569	|489	|470	|459	|572	|417	|2817	|405	|525	|543	|506	|456	|575	|544	|434	|496	|
________________________________________________________
5	|126	|120	|58	|0	|2990	|72	|64	|96	|75	|118	|55	|87	|101	|87	|0	|93	|703	|567	|474	|677	|2990	|374	|519	|621	|514	|276	|513	|584	|506	|423	|506	|510	|526	|496	|630	|576	|449	|467	|630	|453	|2990	|563	|572	|587	|574	|375	|411	|0	|318	|0	|586	|553	|670	|507	|362	|476	|627	|438	|478	|511	|465	|446	|606	|373	|470	|475	|693	|573	|423	|0	|557	|547	|
________________________________________________________
6	|86	|126	|85	|88	|72	|2632	|53	|69	|47	|111	|76	|101	|59	|98	|89	|111	|623	|513	|326	|542	|426	|327	|2632	|526	|468	|288	|313	|504	|349	|308	|519	|327	|334	|524	|436	|495	|418	|423	|497	|2632	|457	|501	|470	|488	|497	|357	|333	|531	|415	|0	|338	|0	|579	|434	|338	|545	|449	|359	|582	|376	|350	|550	|431	|413	|411	|428	|0	|359	|553	|533	|504	|505	|
________________________________________________________
7	|93	|0	|41	|68	|64	|53	|2151	|64	|47	|45	|56	|45	|84	|67	|89	|68	|509	|412	|320	|0	|261	|0	|432	|475	|381	|223	|296	|306	|443	|267	|348	|403	|332	|483	|406	|335	|337	|354	|0	|244	|448	|416	|405	|408	|401	|263	|286	|424	|2151	|253	|330	|432	|497	|360	|269	|295	|417	|290	|323	|416	|402	|349	|356	|302	|332	|398	|447	|2151	|391	|424	|395	|406	|
________________________________________________________
8	|140	|112	|48	|125	|96	|69	|64	|2940	|78	|70	|50	|101	|87	|0	|111	|117	|706	|552	|407	|700	|607	|0	|369	|0	|473	|354	|348	|486	|455	|382	|667	|414	|617	|456	|725	|427	|501	|479	|628	|485	|404	|0	|571	|551	|563	|403	|340	|618	|419	|317	|2940	|582	|641	|484	|359	|540	|497	|389	|577	|517	|547	|394	|537	|289	|504	|499	|702	|530	|2940	|595	|520	|554	|
________________________________________________________
9	|90	|61	|60	|64	|75	|47	|47	|78	|1889	|46	|36	|62	|60	|37	|63	|91	|326	|415	|251	|366	|364	|219	|332	|317	|410	|1889	|244	|313	|343	|246	|346	|375	|417	|354	|420	|338	|1889	|303	|337	|258	|364	|244	|353	|241	|204	|300	|224	|289	|277	|221	|309	|324	|0	|193	|0	|435	|396	|276	|372	|369	|353	|316	|406	|309	|255	|0	|350	|312	|382	|316	|386	|238	|
________________________________________________________
10	|104	|136	|61	|0	|118	|111	|45	|70	|46	|2803	|84	|114	|95	|95	|0	|111	|605	|477	|446	|619	|569	|460	|459	|462	|563	|295	|368	|2803	|552	|357	|546	|546	|620	|553	|563	|2803	|444	|561	|478	|383	|585	|524	|452	|455	|456	|326	|393	|578	|319	|308	|441	|412	|820	|553	|0	|431	|0	|428	|543	|508	|485	|464	|0	|389	|545	|593	|531	|442	|404	|574	|457	|464	|
________________________________________________________
11	|0	|101	|71	|69	|55	|76	|56	|50	|36	|84	|2502	|74	|51	|103	|109	|75	|479	|523	|366	|509	|439	|326	|403	|414	|0	|178	|0	|523	|386	|298	|440	|460	|525	|476	|0	|367	|488	|497	|458	|352	|332	|566	|400	|459	|485	|372	|350	|392	|344	|317	|397	|372	|671	|2502	|322	|488	|526	|369	|490	|500	|456	|424	|457	|2502	|417	|528	|492	|419	|258	|503	|357	|462	|
________________________________________________________
12	|121	|165	|53	|141	|87	|101	|45	|101	|62	|114	|74	|3341	|0	|111	|108	|142	|777	|533	|483	|807	|511	|466	|526	|527	|676	|424	|0	|447	|0	|473	|634	|616	|663	|654	|734	|740	|491	|0	|567	|476	|548	|541	|730	|460	|629	|350	|395	|633	|326	|398	|547	|588	|857	|575	|437	|3341	|699	|466	|589	|623	|621	|596	|640	|520	|3341	|625	|597	|519	|583	|549	|676	|639	|
________________________________________________________
13	|92	|70	|48	|60	|101	|59	|84	|87	|60	|95	|51	|0	|2462	|59	|55	|76	|505	|421	|311	|365	|482	|322	|371	|431	|472	|279	|369	|537	|2462	|281	|402	|575	|473	|423	|511	|412	|429	|475	|491	|426	|547	|398	|2462	|468	|427	|263	|311	|342	|455	|304	|404	|468	|644	|458	|389	|0	|269	|0	|474	|491	|413	|357	|421	|284	|528	|307	|492	|459	|511	|453	|321	|0	|
________________________________________________________
14	|67	|109	|59	|54	|87	|98	|67	|0	|37	|95	|103	|111	|59	|2713	|92	|81	|575	|463	|331	|580	|460	|382	|516	|528	|537	|330	|339	|544	|396	|322	|2713	|568	|493	|439	|400	|477	|395	|509	|530	|446	|548	|2713	|472	|587	|458	|325	|323	|481	|391	|418	|589	|357	|667	|504	|401	|621	|540	|0	|336	|0	|431	|424	|390	|559	|446	|504	|571	|508	|0	|404	|529	|585	|
________________________________________________________
15	|84	|104	|81	|105	|0	|89	|89	|111	|63	|0	|109	|108	|55	|92	|3019	|69	|664	|461	|364	|516	|588	|462	|477	|512	|565	|342	|433	|0	|302	|0	|625	|671	|535	|520	|503	|693	|477	|489	|591	|492	|0	|385	|601	|589	|516	|332	|528	|612	|447	|485	|479	|478	|763	|564	|453	|690	|3019	|394	|499	|634	|501	|439	|542	|511	|451	|512	|662	|575	|580	|3019	|501	|600	|
________________________________________________________
16	|95	|112	|53	|104	|93	|111	|68	|117	|91	|111	|75	|142	|76	|81	|69	|3015	|669	|494	|392	|632	|530	|404	|620	|412	|545	|317	|380	|570	|531	|0	|383	|0	|561	|510	|583	|534	|637	|419	|605	|508	|624	|612	|438	|0	|504	|360	|326	|505	|372	|384	|564	|364	|784	|563	|426	|667	|518	|349	|3015	|642	|486	|438	|555	|393	|611	|318	|597	|556	|593	|507	|3015	|540	|
________________________________________________________
17	|764	|872	|0	|785	|703	|623	|509	|706	|326	|605	|479	|777	|505	|575	|664	|669	|21888	|4017	|2985	|4917	|4129	|2997	|3984	|4169	|3978	|1852	|2526	|3710	|3160	|2453	|3682	|3632	|4080	|3752	|4210	|3622	|3547	|3506	|3873	|3185	|3706	|3596	|3606	|3649	|3196	|0	|2949	|4189	|3252	|2874	|4041	|4132	|5358	|3226	|2819	|4064	|3721	|2619	|3648	|3614	|3638	|3279	|3629	|3099	|3660	|3616	|4076	|3497	|3786	|3717	|3591	|3672	|
________________________________________________________
18	|3224	|610	|257	|606	|567	|513	|412	|552	|415	|477	|523	|533	|421	|463	|461	|494	|4017	|16619	|2075	|3845	|3170	|2264	|3084	|3052	|3327	|2338	|1948	|2869	|2453	|1827	|2789	|2801	|2956	|2879	|3224	|2764	|2659	|2634	|2953	|2459	|2853	|2721	|2762	|2840	|0	|1528	|0	|3205	|2537	|2188	|3175	|3196	|3126	|3350	|1978	|3043	|2725	|2035	|2729	|2749	|2777	|2601	|2806	|2359	|2781	|2766	|3062	|2714	|2777	|2843	|2623	|2833	|
________________________________________________________
19	|388	|506	|0	|0	|474	|326	|320	|407	|251	|446	|366	|483	|311	|331	|364	|392	|2985	|2075	|12429	|2508	|2598	|1889	|2195	|2327	|2255	|1118	|1747	|2030	|1845	|1373	|2078	|2061	|2741	|2228	|2346	|2563	|2309	|2291	|2487	|1580	|2045	|2034	|2038	|2041	|2424	|0	|1184	|0	|2002	|1669	|2242	|2284	|3008	|2083	|1636	|2346	|2097	|1505	|2049	|2074	|2501	|0	|0	|2162	|2311	|2259	|2486	|2028	|2044	|2121	|2029	|2116	|
________________________________________________________
20	|664	|3564	|447	|515	|677	|542	|0	|700	|366	|619	|509	|807	|365	|580	|516	|632	|4917	|3845	|2508	|19799	|3955	|2657	|3623	|3667	|3188	|2035	|2122	|3831	|2297	|2227	|3347	|3215	|3605	|3564	|3752	|3319	|3337	|3189	|3474	|2872	|3370	|3310	|3233	|3213	|3722	|2612	|0	|2830	|0	|2717	|3771	|3726	|4519	|3404	|2424	|4310	|2919	|2452	|3264	|3271	|3261	|2914	|3383	|2857	|3314	|3321	|3684	|3275	|3366	|3424	|3282	|3358	|
________________________________________________________
21	|651	|732	|346	|0	|2990	|426	|261	|607	|364	|569	|439	|511	|482	|460	|588	|530	|4129	|3170	|2598	|3955	|16980	|2050	|3201	|3215	|2807	|1711	|2174	|3356	|3023	|1851	|2906	|2875	|3015	|2860	|3215	|2876	|2705	|2700	|2962	|2551	|2990	|2773	|2787	|2783	|3159	|2161	|2290	|0	|1826	|0	|3179	|3127	|3834	|2920	|2025	|2663	|3449	|2031	|2803	|2781	|2769	|2561	|2771	|2462	|2860	|2777	|3127	|2676	|2834	|2799	|2839	|2719	|
________________________________________________________
22	|428	|489	|247	|399	|374	|327	|0	|0	|219	|460	|326	|466	|322	|382	|462	|404	|2997	|2264	|1889	|2657	|2050	|12188	|2125	|2402	|1997	|1289	|1447	|2190	|1633	|1563	|2084	|1924	|2294	|2079	|2096	|2271	|2002	|1996	|2676	|1766	|2129	|2367	|2210	|2293	|2265	|1591	|1512	|2363	|0	|1195	|0	|2396	|2803	|2124	|1482	|2468	|2191	|1652	|2044	|2039	|2020	|1809	|2082	|1950	|2055	|2010	|2793	|0	|0	|2437	|2250	|2240	|
________________________________________________________
23	|611	|641	|361	|543	|519	|2632	|432	|369	|332	|459	|403	|526	|371	|516	|477	|620	|3984	|3084	|2195	|3623	|3201	|2125	|16370	|3259	|2741	|1809	|1937	|2727	|2512	|1626	|3159	|2037	|3033	|2738	|3087	|2711	|2634	|2631	|2803	|2632	|2824	|2692	|2754	|2809	|3077	|2242	|1986	|3048	|2539	|0	|2120	|0	|3632	|2658	|2030	|2936	|2748	|1977	|3490	|2367	|2741	|2532	|2714	|2322	|2693	|2660	|2913	|2627	|2761	|2755	|2728	|2780	|
________________________________________________________
24	|583	|643	|324	|524	|621	|526	|475	|0	|317	|462	|414	|527	|431	|528	|512	|412	|4169	|3052	|2327	|3667	|3215	|2402	|3259	|16593	|2762	|1721	|1996	|2775	|2427	|2069	|3231	|3177	|2995	|2793	|3163	|2796	|2698	|2700	|2809	|2362	|2828	|2687	|2714	|2704	|3185	|2086	|2018	|3166	|2640	|2339	|0	|1328	|3738	|2748	|2027	|3039	|2794	|2005	|2332	|3496	|2731	|2543	|2749	|2376	|2707	|2735	|3033	|2650	|2770	|2781	|2695	|2771	|
________________________________________________________
25	|627	|634	|238	|467	|514	|468	|381	|473	|410	|563	|0	|676	|472	|537	|565	|545	|3978	|3327	|2255	|3188	|2807	|1997	|2741	|2762	|16511	|2314	|2370	|3121	|2747	|2175	|3218	|3162	|3094	|2783	|3149	|2803	|2556	|2671	|2993	|2420	|2861	|2704	|2823	|2745	|3229	|1455	|1836	|2759	|2297	|1905	|2696	|2814	|3201	|0	|2506	|3515	|3119	|2190	|3022	|3180	|2795	|2485	|2724	|2279	|2748	|2715	|3056	|2676	|2817	|2760	|2768	|2752	|
________________________________________________________
26	|440	|293	|260	|305	|276	|288	|223	|354	|1889	|295	|178	|424	|279	|330	|342	|317	|1852	|2338	|1118	|2035	|1711	|1289	|1809	|1721	|2314	|10535	|1256	|2009	|1770	|1358	|1986	|1994	|1951	|1744	|1993	|1808	|1889	|1635	|1835	|1564	|1807	|1683	|1744	|1814	|1142	|1720	|1155	|1797	|1439	|1251	|1767	|1743	|0	|1127	|0	|2248	|2057	|1456	|1975	|2031	|1699	|1543	|1766	|1502	|1769	|1692	|1952	|1726	|1829	|1793	|1722	|1768	|
________________________________________________________
27	|458	|466	|229	|411	|513	|313	|296	|348	|244	|368	|0	|0	|369	|339	|433	|380	|2526	|1948	|1747	|2122	|2174	|1447	|1937	|1996	|2370	|1256	|11864	|1996	|2137	|1553	|2205	|2177	|2375	|2239	|2694	|2013	|1926	|2471	|2118	|1737	|2301	|1734	|2024	|2035	|2008	|1331	|1517	|2050	|1818	|1399	|1937	|1948	|3296	|0	|1264	|0	|2451	|1571	|2130	|2114	|2202	|2020	|2320	|0	|0	|2529	|2232	|1996	|2230	|2079	|1963	|2033	|
________________________________________________________
28	|539	|657	|275	|575	|584	|504	|306	|486	|313	|2803	|523	|447	|537	|544	|0	|570	|3710	|2869	|2030	|3831	|3356	|2190	|2727	|2775	|3121	|2009	|1996	|16696	|3097	|2204	|3320	|3134	|3117	|2795	|3133	|2803	|2700	|2710	|2907	|2468	|2887	|2677	|2748	|2846	|2733	|1834	|1821	|3464	|1830	|1906	|2684	|2759	|4328	|3207	|0	|2477	|0	|2382	|3132	|3137	|2713	|2505	|2771	|2438	|2714	|2800	|3087	|2681	|2883	|2769	|2715	|2770	|
________________________________________________________
29	|550	|412	|255	|349	|506	|349	|443	|455	|343	|552	|386	|0	|2462	|396	|302	|531	|3160	|2453	|1845	|2297	|3023	|1633	|2512	|2427	|2747	|1770	|2137	|3097	|14778	|1648	|2857	|2878	|2692	|2453	|3044	|2462	|2313	|2359	|2614	|2201	|2605	|2324	|2462	|2519	|2447	|1593	|1777	|1988	|2710	|1635	|2431	|2426	|3709	|2744	|2205	|0	|1655	|0	|2823	|2843	|2466	|2149	|2635	|1968	|2385	|2402	|2775	|2441	|2525	|2401	|2359	|2494	|
________________________________________________________
30	|355	|359	|178	|307	|423	|308	|267	|382	|246	|357	|298	|473	|281	|322	|0	|0	|2453	|1827	|1373	|2227	|1851	|1563	|1626	|2069	|2175	|1358	|1553	|2204	|1648	|11032	|1952	|2241	|1985	|1820	|2122	|1816	|1593	|2052	|2159	|1718	|2342	|1822	|1853	|2283	|1755	|1224	|1209	|1853	|1517	|1444	|1743	|2013	|2851	|2045	|1558	|2430	|0	|1144	|0	|2211	|1914	|1701	|1884	|1600	|1824	|2109	|2321	|2013	|2264	|0	|0	|2231	|
________________________________________________________
31	|553	|605	|304	|470	|506	|519	|348	|667	|346	|546	|440	|634	|402	|2713	|625	|383	|3682	|2789	|2078	|3347	|2906	|2084	|3159	|3231	|3218	|1986	|2205	|3320	|2857	|1952	|16832	|3573	|3116	|2784	|3302	|2845	|2830	|2646	|2962	|2434	|2946	|2713	|2813	|2822	|2841	|1977	|1874	|2869	|2279	|1938	|3653	|2358	|4337	|3156	|2327	|3562	|3262	|0	|2047	|0	|2781	|2523	|2752	|2445	|2735	|2726	|3091	|2737	|2906	|2840	|2756	|2835	|
________________________________________________________
32	|529	|557	|276	|472	|510	|327	|403	|414	|375	|546	|460	|616	|575	|568	|671	|0	|3632	|2801	|2061	|3215	|2875	|1924	|2037	|3177	|3162	|1994	|2177	|3134	|2878	|2241	|3573	|16721	|3065	|2822	|3198	|2773	|2863	|2668	|2804	|2414	|2873	|2766	|2779	|2715	|2780	|1861	|1897	|2740	|2284	|2094	|2365	|3495	|4328	|3168	|2325	|3424	|3266	|2438	|0	|1500	|2813	|2481	|2784	|2436	|2731	|2731	|3059	|2738	|2858	|2811	|2691	|2678	|
________________________________________________________
33	|723	|742	|0	|637	|526	|334	|332	|617	|417	|620	|525	|663	|473	|493	|535	|561	|4080	|2956	|2741	|3605	|3015	|2294	|3033	|2995	|3094	|1951	|2375	|3117	|2692	|1985	|3116	|3065	|18335	|3383	|3894	|3477	|3464	|3319	|3658	|1857	|3222	|2915	|3077	|3155	|3028	|2134	|2506	|3106	|2362	|2362	|3022	|3048	|4162	|3138	|2579	|3434	|3065	|2206	|3057	|3046	|2789	|0	|3497	|2961	|3541	|3431	|4245	|2615	|3147	|3189	|3082	|3062	|
________________________________________________________
34	|597	|3564	|272	|558	|496	|524	|483	|456	|354	|553	|476	|654	|423	|439	|520	|510	|3752	|2879	|2228	|3564	|2860	|2079	|2738	|2793	|2783	|1744	|2239	|2795	|2453	|1820	|2784	|2822	|3383	|16916	|3732	|3222	|3139	|3107	|3298	|2813	|2916	|2646	|2851	|2825	|2807	|1939	|0	|2831	|2235	|1886	|2730	|2840	|3835	|2824	|2356	|3167	|2887	|2031	|2747	|2913	|0	|2203	|3153	|2715	|3207	|3205	|2778	|3589	|2946	|2811	|2809	|2838	|
________________________________________________________
35	|3224	|711	|409	|541	|630	|436	|406	|725	|420	|563	|0	|734	|511	|400	|503	|583	|4210	|3224	|2346	|3752	|3215	|2096	|3087	|3163	|3149	|1993	|2694	|3133	|3044	|2122	|3302	|3198	|3894	|3732	|19132	|3497	|3502	|3543	|3265	|2765	|3658	|2307	|3121	|3245	|3147	|2179	|0	|3286	|2621	|2251	|3172	|3203	|4395	|3174	|2947	|3455	|3338	|2408	|3074	|3174	|3602	|3320	|2978	|0	|3552	|3568	|3606	|3148	|4140	|2838	|3131	|3207	|
________________________________________________________
36	|576	|717	|378	|0	|576	|495	|335	|427	|338	|2803	|367	|740	|412	|477	|693	|534	|3622	|2764	|2563	|3319	|2876	|2271	|2711	|2796	|2803	|1808	|2013	|2803	|2462	|1816	|2845	|2773	|3477	|3222	|3497	|16780	|3213	|3153	|2922	|2451	|3304	|3125	|2759	|2774	|2731	|1906	|2342	|2793	|2183	|1938	|2747	|2778	|3859	|2737	|0	|3169	|2974	|2054	|2849	|2814	|3116	|2870	|0	|2177	|3240	|3217	|3178	|2692	|2392	|3761	|2768	|2786	|
________________________________________________________
37	|558	|687	|318	|494	|449	|418	|337	|501	|1889	|444	|488	|491	|429	|395	|477	|637	|3547	|2659	|2309	|3337	|2705	|2002	|2634	|2698	|2556	|1889	|1926	|2700	|2313	|1593	|2830	|2863	|3464	|3139	|3502	|3213	|16327	|2988	|2901	|2365	|2782	|2682	|3117	|1964	|2693	|1856	|1989	|2603	|2116	|1881	|2646	|2826	|3697	|2762	|0	|3040	|2757	|2024	|2751	|2764	|3100	|2770	|2967	|2725	|2442	|0	|3110	|2630	|2804	|2800	|3526	|2328	|
________________________________________________________
38	|575	|646	|302	|522	|467	|423	|354	|479	|303	|561	|497	|0	|475	|509	|489	|419	|3506	|2634	|2291	|3189	|2700	|1996	|2631	|2700	|2671	|1635	|2471	|2710	|2359	|2052	|2646	|2668	|3319	|3107	|3543	|3153	|2988	|16310	|2844	|2364	|2787	|2693	|3103	|3156	|2636	|1935	|2030	|2789	|2176	|1854	|2621	|2687	|3641	|2662	|2425	|2794	|2767	|1962	|2718	|2696	|3044	|2785	|2992	|2704	|0	|2396	|3100	|2665	|2803	|2784	|2246	|3458	|
________________________________________________________
39	|598	|671	|241	|534	|630	|497	|0	|628	|337	|478	|458	|567	|491	|530	|591	|605	|3873	|2953	|2487	|3474	|2962	|2676	|2803	|2809	|2993	|1835	|2118	|2907	|2614	|2159	|2962	|2804	|3658	|3298	|3265	|2922	|2901	|2844	|17543	|2727	|3377	|3254	|3320	|3305	|2944	|1964	|1961	|2983	|2386	|2435	|2873	|2904	|3878	|2905	|2179	|3245	|3042	|2352	|2949	|2855	|3816	|2253	|2920	|2600	|2817	|2948	|3163	|0	|3460	|3441	|3266	|3241	|
________________________________________________________
40	|402	|604	|337	|404	|453	|2632	|244	|485	|258	|383	|352	|476	|426	|446	|492	|508	|3185	|2459	|1580	|2872	|2551	|1766	|2632	|2362	|2420	|1564	|1737	|2468	|2201	|1718	|2434	|2414	|1857	|2813	|2765	|2451	|2365	|2364	|2727	|14646	|2866	|2685	|2771	|2806	|2412	|1670	|1631	|2461	|1979	|0	|2447	|2429	|3237	|2367	|1891	|2682	|2471	|1989	|2536	|2439	|1889	|3051	|2409	|2103	|2433	|2469	|0	|1965	|2923	|2822	|2815	|2738	|
________________________________________________________
41	|617	|576	|277	|624	|2990	|457	|448	|404	|364	|585	|332	|548	|547	|548	|0	|624	|3706	|2853	|2045	|3370	|2990	|2129	|2824	|2828	|2861	|1807	|2301	|2887	|2605	|2342	|2946	|2873	|3222	|2916	|3658	|3304	|2782	|2787	|3377	|2866	|17179	|3219	|3237	|3320	|2845	|1941	|1948	|2917	|2290	|0	|2827	|2845	|3913	|2794	|2128	|3188	|2969	|2433	|2895	|2863	|2884	|2507	|3649	|1992	|2786	|2783	|3572	|3183	|2476	|0	|3231	|3315	|
________________________________________________________
42	|372	|573	|331	|400	|563	|501	|416	|0	|244	|524	|566	|541	|398	|2713	|385	|612	|3596	|2721	|2034	|3310	|2773	|2367	|2692	|2687	|2704	|1683	|1734	|2677	|2324	|1822	|2713	|2766	|2915	|2646	|2307	|3125	|2682	|2693	|3254	|2685	|3219	|16335	|3115	|3180	|2677	|1871	|2041	|2774	|2180	|2314	|2721	|2709	|3706	|2732	|2056	|3042	|2747	|0	|2685	|2766	|2769	|2429	|2370	|3226	|2736	|2743	|3388	|2983	|0	|2384	|3123	|3123	|
________________________________________________________
43	|524	|581	|283	|469	|572	|470	|405	|571	|353	|452	|400	|730	|2462	|472	|601	|438	|3606	|2762	|2038	|3233	|2787	|2210	|2754	|2714	|2823	|1744	|2024	|2748	|2462	|1853	|2813	|2779	|3077	|2851	|3121	|2759	|3117	|3103	|3320	|2771	|3237	|3115	|16564	|3132	|2823	|1893	|1848	|2752	|2218	|2163	|2740	|2775	|3768	|2775	|2102	|3040	|2814	|0	|2705	|2703	|2730	|2498	|2729	|2331	|3553	|2358	|3462	|3058	|3262	|3241	|2334	|0	|
________________________________________________________
44	|535	|577	|286	|482	|587	|488	|408	|551	|241	|455	|459	|460	|468	|587	|589	|0	|3649	|2840	|2041	|3213	|2783	|2293	|2809	|2704	|2745	|1814	|2035	|2846	|2519	|2283	|2822	|2715	|3155	|2825	|3245	|2774	|1964	|3156	|3305	|2806	|3320	|3180	|3132	|16745	|2799	|1869	|1863	|2849	|2213	|2144	|2755	|2688	|3779	|2836	|2212	|3074	|2797	|2435	|2719	|2705	|2827	|2492	|2835	|2384	|2297	|3542	|3536	|3067	|3212	|3244	|0	|2390	|
________________________________________________________
45	|0	|727	|341	|542	|574	|497	|401	|563	|204	|456	|485	|629	|427	|458	|516	|504	|3196	|0	|2424	|3722	|3159	|2265	|3077	|3185	|3229	|1142	|2008	|2733	|2447	|1755	|2841	|2780	|3028	|2807	|3147	|2731	|2693	|2636	|2944	|2412	|2845	|2677	|2823	|2799	|16523	|2247	|2213	|3165	|2617	|2199	|3023	|3137	|4405	|3296	|2284	|3091	|2866	|1989	|2743	|2772	|2804	|2433	|2696	|2328	|2688	|2730	|3055	|2609	|2877	|2822	|2765	|2713	|
________________________________________________________
46	|277	|455	|1726	|342	|375	|357	|263	|403	|300	|326	|372	|350	|263	|325	|332	|360	|0	|1528	|0	|2612	|2161	|1591	|2242	|2086	|1455	|1720	|1331	|1834	|1593	|1224	|1977	|1861	|2134	|1939	|2179	|1906	|1856	|1935	|1964	|1670	|1941	|1871	|1893	|1869	|2247	|11431	|1234	|2202	|1766	|1458	|2243	|2187	|2054	|2334	|1272	|2146	|1945	|1360	|1961	|1879	|1891	|1726	|1925	|1672	|1951	|1949	|2116	|1832	|1956	|1926	|1918	|1916	|
________________________________________________________
47	|0	|0	|186	|302	|411	|333	|286	|340	|224	|393	|350	|395	|311	|323	|528	|326	|2949	|0	|1184	|0	|2290	|1512	|1986	|2018	|1836	|1155	|1517	|1821	|1777	|1209	|1874	|1897	|2506	|0	|0	|2342	|1989	|2030	|1961	|1631	|1948	|2041	|1848	|1863	|2213	|1234	|11065	|1864	|1815	|1579	|2056	|2025	|2469	|1872	|1599	|1811	|2132	|1429	|1865	|1840	|2309	|1637	|1883	|2009	|2064	|2050	|2034	|1790	|1650	|2157	|1763	|1809	|
________________________________________________________
48	|687	|476	|293	|2817	|0	|531	|424	|618	|289	|578	|392	|633	|342	|481	|612	|505	|4189	|3205	|0	|2830	|0	|2363	|3048	|3166	|2759	|1797	|2050	|3464	|1988	|1853	|2869	|2740	|3106	|2831	|3286	|2793	|2603	|2789	|2983	|2461	|2917	|2774	|2752	|2849	|3165	|2202	|1864	|16670	|2670	|2317	|3153	|3178	|3802	|2750	|2107	|3594	|3396	|2193	|2755	|2762	|2736	|2492	|2817	|2314	|2664	|2839	|3108	|2742	|2864	|2907	|2718	|2884	|
________________________________________________________
49	|518	|0	|281	|432	|318	|415	|2151	|419	|277	|319	|344	|326	|455	|391	|447	|372	|3252	|2537	|2002	|0	|1826	|0	|2539	|2640	|2297	|1439	|1818	|1830	|2710	|1517	|2279	|2284	|2362	|2235	|2621	|2183	|2116	|2176	|2386	|1979	|2290	|2180	|2218	|2213	|2617	|1766	|1815	|2670	|13477	|1571	|2565	|2600	|3001	|2198	|1653	|1813	|2692	|1516	|2203	|2252	|2159	|1997	|2260	|1894	|2214	|2165	|2526	|2151	|2343	|2258	|2205	|2267	|
________________________________________________________
50	|413	|462	|223	|355	|0	|0	|253	|317	|221	|308	|317	|398	|304	|418	|485	|384	|2874	|2188	|1669	|2717	|0	|1195	|0	|2339	|1905	|1251	|1399	|1906	|1635	|1444	|1938	|2094	|2362	|1886	|2251	|1938	|1881	|1854	|2435	|0	|0	|2314	|2163	|2144	|2199	|1458	|1579	|2317	|1571	|11593	|1996	|2360	|2671	|2049	|1426	|2090	|2041	|1733	|1674	|2052	|2218	|1554	|1908	|1642	|1936	|1931	|2575	|1910	|1983	|2535	|2169	|2213	|
________________________________________________________
51	|592	|658	|333	|549	|586	|338	|330	|2940	|309	|441	|397	|547	|404	|589	|479	|564	|4041	|3175	|2242	|3771	|3179	|0	|2120	|0	|2696	|1767	|1937	|2684	|2431	|1743	|3653	|2365	|3022	|2730	|3172	|2747	|2646	|2621	|2873	|2447	|2827	|2721	|2740	|2755	|3023	|2243	|2056	|3153	|2565	|1996	|16506	|3348	|3658	|2755	|2041	|3047	|2833	|1867	|3035	|3037	|2776	|2514	|2690	|2348	|2755	|2794	|3063	|2721	|2940	|2775	|2691	|2691	|
________________________________________________________
52	|599	|661	|329	|559	|553	|0	|432	|582	|324	|412	|372	|588	|468	|357	|478	|364	|4132	|3196	|2284	|3726	|3127	|2396	|0	|1328	|2814	|1743	|1948	|2759	|2426	|2013	|2358	|3495	|3048	|2840	|3203	|2778	|2826	|2687	|2904	|2429	|2845	|2709	|2775	|2688	|3137	|2187	|2025	|3178	|2600	|2360	|3348	|16690	|3854	|2849	|2051	|3115	|2872	|2023	|2025	|3201	|2779	|2600	|2767	|2267	|2823	|2764	|2955	|2573	|2871	|2842	|2779	|2654	|
________________________________________________________
53	|639	|863	|299	|668	|670	|579	|497	|641	|0	|820	|671	|857	|644	|667	|763	|784	|5358	|3126	|3008	|4519	|3834	|2803	|3632	|3738	|3201	|0	|3296	|4328	|3709	|2851	|4337	|4328	|4162	|3835	|4395	|3859	|3697	|3641	|3878	|3237	|3913	|3706	|3768	|3779	|4405	|2054	|2469	|3802	|3001	|2671	|3658	|3854	|22707	|4394	|3091	|4887	|4228	|3065	|4223	|4357	|3879	|3495	|3758	|3275	|3796	|3690	|4289	|3742	|3884	|3904	|3849	|3713	|
________________________________________________________
54	|663	|608	|320	|504	|507	|434	|360	|484	|193	|553	|2502	|575	|458	|504	|564	|563	|3226	|3350	|2083	|3404	|2920	|2124	|2658	|2748	|0	|1127	|0	|3207	|2744	|2045	|3156	|3168	|3138	|2824	|3174	|2737	|2762	|2662	|2905	|2367	|2794	|2732	|2775	|2836	|3296	|2334	|1872	|2750	|2198	|2049	|2755	|2849	|4394	|16741	|2106	|3509	|3124	|2336	|3098	|3231	|2763	|2461	|2937	|2502	|2826	|2748	|3123	|2655	|2806	|2877	|2783	|2731	|
________________________________________________________
55	|502	|504	|230	|433	|362	|338	|269	|359	|0	|0	|322	|437	|389	|401	|453	|426	|2819	|1978	|1636	|2424	|2025	|1482	|2030	|2027	|2506	|0	|1264	|0	|2205	|1558	|2327	|2325	|2579	|2356	|2947	|0	|0	|2425	|2179	|1891	|2128	|2056	|2102	|2212	|2284	|1272	|1599	|2107	|1653	|1426	|2041	|2051	|3091	|2106	|12315	|2324	|2560	|1762	|2321	|2256	|2300	|2067	|2518	|1765	|2076	|2420	|2260	|2058	|2109	|2023	|1866	|2165	|
________________________________________________________
56	|558	|799	|275	|605	|476	|545	|295	|540	|435	|431	|488	|3341	|0	|621	|690	|667	|4064	|3043	|2346	|4310	|2663	|2468	|2936	|3039	|3515	|2248	|0	|2477	|0	|2430	|3562	|3424	|3434	|3167	|3455	|3169	|3040	|2794	|3245	|2682	|3188	|3042	|3040	|3074	|3091	|2146	|1811	|3594	|1813	|2090	|3047	|3115	|4887	|3509	|2324	|18393	|3805	|2555	|3390	|3412	|3052	|2794	|2948	|2755	|3341	|2959	|3391	|2960	|3137	|3197	|3072	|3050	|
________________________________________________________
57	|573	|553	|332	|569	|627	|449	|417	|497	|396	|0	|526	|699	|269	|540	|3019	|518	|3721	|2725	|2097	|2919	|3449	|2191	|2748	|2794	|3119	|2057	|2451	|0	|1655	|0	|3262	|3266	|3065	|2887	|3338	|2974	|2757	|2767	|3042	|2471	|2969	|2747	|2814	|2797	|2866	|1945	|2132	|3396	|2692	|2041	|2833	|2872	|4228	|3124	|2560	|3805	|17040	|2144	|3205	|3237	|2763	|2526	|2817	|2427	|2748	|2769	|3205	|2790	|2901	|3019	|2855	|2801	|
________________________________________________________
58	|368	|423	|216	|489	|438	|359	|290	|389	|276	|428	|369	|466	|0	|0	|394	|349	|2619	|2035	|1505	|2452	|2031	|1652	|1977	|2005	|2190	|1456	|1571	|2382	|0	|1144	|0	|2438	|2206	|2031	|2408	|2054	|2024	|1962	|2352	|1989	|2433	|0	|0	|2435	|1989	|1360	|1429	|2193	|1516	|1733	|1867	|2023	|3065	|2336	|1762	|2555	|2144	|12020	|2145	|2348	|2064	|1780	|2138	|1622	|1944	|1917	|2536	|2144	|2442	|2117	|2017	|2364	|
________________________________________________________
59	|518	|552	|287	|470	|478	|582	|323	|577	|372	|543	|490	|589	|474	|336	|499	|3015	|3648	|2729	|2049	|3264	|2803	|2044	|3490	|2332	|3022	|1975	|2130	|3132	|2823	|0	|2047	|0	|3057	|2747	|3074	|2849	|2751	|2718	|2949	|2536	|2895	|2685	|2705	|2719	|2743	|1961	|1865	|2755	|2203	|1674	|3035	|2025	|4223	|3098	|2321	|3390	|3205	|2145	|16566	|3423	|2792	|2449	|2809	|2426	|2692	|2670	|3071	|2697	|2813	|2839	|3015	|2681	|
________________________________________________________
60	|515	|620	|275	|459	|511	|376	|416	|517	|369	|508	|500	|623	|491	|0	|634	|642	|3614	|2749	|2074	|3271	|2781	|2039	|2367	|3496	|3180	|2031	|2114	|3137	|2843	|2211	|0	|1500	|3046	|2913	|3174	|2814	|2764	|2696	|2855	|2439	|2863	|2766	|2703	|2705	|2772	|1879	|1840	|2762	|2252	|2052	|3037	|3201	|4357	|3231	|2256	|3412	|3237	|2348	|3423	|16674	|2758	|2528	|2745	|2391	|2671	|2763	|3081	|2688	|2860	|2887	|2732	|2678	|
________________________________________________________
61	|597	|0	|313	|572	|465	|350	|402	|547	|353	|485	|456	|621	|413	|431	|501	|486	|3638	|2777	|2501	|3261	|2769	|2020	|2741	|2731	|2795	|1699	|2202	|2713	|2466	|1914	|2781	|2813	|2789	|0	|3602	|3116	|3100	|3044	|3816	|1889	|2884	|2769	|2730	|2827	|2804	|1891	|2309	|2736	|2159	|2218	|2776	|2779	|3879	|2763	|2300	|3052	|2763	|2064	|2792	|2758	|16751	|2744	|3279	|2755	|3177	|3073	|3710	|3208	|2855	|2821	|2718	|2732	|
________________________________________________________
62	|568	|465	|1726	|417	|446	|550	|349	|394	|316	|464	|424	|596	|357	|424	|439	|438	|3279	|2601	|0	|2914	|2561	|1809	|2532	|2543	|2485	|1543	|2020	|2505	|2149	|1701	|2523	|2481	|0	|2203	|3320	|2870	|2770	|2785	|2253	|3051	|2507	|2429	|2498	|2492	|2433	|1726	|1637	|2492	|1997	|1554	|2514	|2600	|3495	|2461	|2067	|2794	|2526	|1780	|2449	|2528	|2744	|14994	|2857	|2442	|2807	|2793	|1974	|2780	|2604	|2611	|2464	|2444	|
________________________________________________________
63	|494	|737	|290	|2817	|606	|431	|356	|537	|406	|0	|457	|640	|421	|390	|542	|555	|3629	|2806	|0	|3383	|2771	|2082	|2714	|2749	|2724	|1766	|2320	|2771	|2635	|1884	|2752	|2784	|3497	|3153	|2978	|0	|2967	|2992	|2920	|2409	|3649	|2370	|2729	|2835	|2696	|1925	|1883	|2817	|2260	|1908	|2690	|2767	|3758	|2937	|2518	|2948	|2817	|2138	|2809	|2745	|3279	|2857	|16691	|2698	|3077	|3095	|3037	|2700	|3196	|3145	|2709	|2789	|
________________________________________________________
64	|0	|621	|338	|405	|373	|413	|302	|289	|309	|389	|2502	|520	|284	|559	|511	|393	|3099	|2359	|2162	|2857	|2462	|1950	|2322	|2376	|2279	|1502	|0	|2438	|1968	|1600	|2445	|2436	|2961	|2715	|0	|2177	|2725	|2704	|2600	|2103	|1992	|3226	|2331	|2384	|2328	|1672	|2009	|2314	|1894	|1642	|2348	|2267	|3275	|2502	|1765	|2755	|2427	|1622	|2426	|2391	|2755	|2442	|2698	|14385	|2760	|2680	|2648	|2336	|1596	|2865	|2317	|2331	|
________________________________________________________
65	|625	|643	|333	|525	|470	|411	|332	|504	|255	|545	|417	|3341	|528	|446	|451	|611	|3660	|2781	|2311	|3314	|2860	|2055	|2693	|2707	|2748	|1769	|0	|2714	|2385	|1824	|2735	|2731	|3541	|3207	|3552	|3240	|2442	|0	|2817	|2433	|2786	|2736	|3553	|2297	|2688	|1951	|2064	|2664	|2214	|1936	|2755	|2823	|3796	|2826	|2076	|3341	|2748	|1944	|2692	|2671	|3177	|2807	|3077	|2760	|16548	|3038	|2980	|2652	|2829	|2709	|3190	|3168	|
________________________________________________________
66	|627	|657	|327	|543	|475	|428	|398	|499	|0	|593	|528	|625	|307	|504	|512	|318	|3616	|2766	|2259	|3321	|2777	|2010	|2660	|2735	|2715	|1692	|2529	|2800	|2402	|2109	|2726	|2731	|3431	|3205	|3568	|3217	|0	|2396	|2948	|2469	|2783	|2743	|2358	|3542	|2730	|1949	|2050	|2839	|2165	|1931	|2794	|2764	|3690	|2748	|2420	|2959	|2769	|1917	|2670	|2763	|3073	|2793	|3095	|2680	|3038	|16549	|3037	|2715	|2833	|2880	|1899	|3147	|
________________________________________________________
67	|694	|589	|220	|506	|693	|0	|447	|702	|350	|531	|492	|597	|492	|571	|662	|597	|4076	|3062	|2486	|3684	|3127	|2793	|2913	|3033	|3056	|1952	|2232	|3087	|2775	|2321	|3091	|3059	|4245	|2778	|3606	|3178	|3110	|3100	|3163	|0	|3572	|3388	|3462	|3536	|3055	|2116	|2034	|3108	|2526	|2575	|3063	|2955	|4289	|3123	|2260	|3391	|3205	|2536	|3071	|3081	|3710	|1974	|3037	|2648	|2980	|3037	|18475	|3396	|3686	|3556	|3518	|3420	|
________________________________________________________
68	|543	|758	|308	|456	|573	|359	|2151	|530	|312	|442	|419	|519	|459	|508	|575	|556	|3497	|2714	|2028	|3275	|2676	|0	|2627	|2650	|2676	|1726	|1996	|2681	|2441	|2013	|2737	|2738	|2615	|3589	|3148	|2692	|2630	|2665	|0	|1965	|3183	|2983	|3058	|3067	|2609	|1832	|1790	|2742	|2151	|1910	|2721	|2573	|3742	|2655	|2058	|2960	|2790	|2144	|2697	|2688	|3208	|2780	|2700	|2336	|2652	|2715	|3396	|16186	|3203	|3134	|3028	|3084	|
________________________________________________________
69	|676	|605	|246	|575	|423	|553	|391	|2940	|382	|404	|258	|583	|511	|0	|580	|593	|3786	|2777	|2044	|3366	|2834	|0	|2761	|2770	|2817	|1829	|2230	|2883	|2525	|2264	|2906	|2858	|3147	|2946	|4140	|2392	|2804	|2803	|3460	|2923	|2476	|0	|3262	|3212	|2877	|1956	|1650	|2864	|2343	|1983	|2940	|2871	|3884	|2806	|2109	|3137	|2901	|2442	|2813	|2860	|2855	|2604	|3196	|1596	|2829	|2833	|3686	|3203	|17112	|3363	|3145	|3203	|
________________________________________________________
70	|489	|592	|360	|544	|0	|533	|424	|595	|316	|574	|503	|549	|453	|404	|3019	|507	|3717	|2843	|2121	|3424	|2799	|2437	|2755	|2781	|2760	|1793	|2079	|2769	|2401	|0	|2840	|2811	|3189	|2811	|2838	|3761	|2800	|2784	|3441	|2822	|0	|2384	|3241	|3244	|2822	|1926	|2157	|2907	|2258	|2535	|2775	|2842	|3904	|2877	|2023	|3197	|3019	|2117	|2839	|2887	|2821	|2611	|3145	|2865	|2709	|2880	|3556	|3134	|3363	|17002	|3177	|3155	|
________________________________________________________
71	|511	|592	|280	|434	|557	|504	|395	|520	|386	|457	|357	|676	|321	|529	|501	|3015	|3591	|2623	|2029	|3282	|2839	|2250	|2728	|2695	|2768	|1722	|1963	|2715	|2359	|0	|2756	|2691	|3082	|2809	|3131	|2768	|3526	|2246	|3266	|2815	|3231	|3123	|2334	|0	|2765	|1918	|1763	|2718	|2205	|2169	|2691	|2779	|3849	|2783	|1866	|3072	|2855	|2017	|3015	|2732	|2718	|2464	|2709	|2317	|3190	|1899	|3518	|3028	|3145	|3177	|16522	|3085	|
________________________________________________________
72	|556	|603	|266	|496	|547	|505	|406	|554	|238	|464	|462	|639	|0	|585	|600	|540	|3672	|2833	|2116	|3358	|2719	|2240	|2780	|2771	|2752	|1768	|2033	|2770	|2494	|2231	|2835	|2678	|3062	|2838	|3207	|2786	|2328	|3458	|3241	|2738	|3315	|3123	|0	|2390	|2713	|1916	|1809	|2884	|2267	|2213	|2691	|2654	|3713	|2731	|2165	|3050	|2801	|2364	|2681	|2678	|2732	|2444	|2789	|2331	|3168	|3147	|3420	|3084	|3203	|3155	|3085	|16556	|
________________________________________________________
