0	|1	|2	|3	|4	|5	|6	|7	|8	|9	|10	|11	|12	|13	|14	|15	|16	|17	|18	|19	|20	|21	|22	|23	|24	|25	|26	|27	|28	|29	|30	|31	|32	|33	|34	|35	|36	|37	|38	|39	|40	|41	|42	|43	|44	|45	|46	|47	|48	|49	|50	|51	|52	|53	|54	|55	|56	|57	|58	|59	|60	|61	|62	|63	|64	|65	|66	|67	|68	|69	|70	|71	|72	|
1	|3203	|91	|47	|87	|132	|75	|76	|149	|100	|97	|0	|108	|100	|65	|74	|108	|803	|3203	|370	|665	|672	|429	|588	|602	|631	|485	|430	|535	|497	|370	|550	|515	|672	|523	|3203	|547	|608	|599	|616	|420	|585	|361	|538	|534	|0	|274	|0	|640	|502	|388	|614	|633	|619	|663	|500	|569	|527	|392	|519	|514	|677	|586	|465	|0	|599	|586	|628	|511	|716	|465	|537	|541	|
________________________________________________________
2	|91	|3598	|61	|124	|113	|126	|0	|115	|45	|130	|122	|166	|71	|84	|88	|103	|926	|573	|467	|3598	|672	|514	|699	|667	|672	|302	|477	|640	|411	|382	|587	|613	|689	|3598	|701	|722	|720	|724	|748	|574	|602	|579	|596	|637	|722	|446	|0	|513	|0	|495	|649	|648	|901	|607	|482	|816	|557	|468	|587	|617	|0	|471	|740	|653	|648	|674	|601	|802	|589	|602	|579	|614	|
________________________________________________________
3	|47	|61	|1693	|48	|67	|61	|46	|35	|40	|66	|66	|59	|50	|44	|73	|42	|0	|228	|0	|412	|357	|215	|332	|325	|223	|249	|245	|292	|255	|203	|278	|287	|0	|273	|375	|383	|299	|344	|245	|356	|284	|316	|310	|303	|322	|1693	|197	|307	|282	|208	|314	|296	|271	|362	|226	|278	|323	|208	|267	|264	|307	|1693	|304	|304	|322	|326	|223	|311	|260	|328	|285	|268	|
________________________________________________________
4	|87	|124	|48	|2780	|0	|106	|71	|104	|56	|0	|71	|131	|76	|80	|123	|112	|724	|552	|0	|527	|0	|414	|552	|504	|452	|300	|443	|598	|361	|327	|455	|456	|595	|558	|450	|0	|479	|533	|452	|425	|610	|387	|486	|452	|599	|324	|291	|2780	|430	|381	|512	|519	|656	|440	|421	|588	|579	|480	|472	|468	|593	|453	|2780	|442	|524	|530	|485	|466	|499	|542	|478	|451	|
________________________________________________________
5	|132	|113	|67	|0	|3053	|63	|50	|122	|84	|106	|71	|101	|110	|91	|0	|109	|768	|601	|479	|717	|3053	|346	|483	|585	|500	|331	|529	|587	|526	|422	|504	|507	|546	|488	|622	|592	|483	|472	|636	|461	|3053	|533	|594	|594	|575	|402	|390	|0	|299	|0	|633	|654	|676	|533	|351	|513	|656	|473	|506	|503	|508	|450	|606	|386	|525	|476	|685	|589	|458	|0	|592	|592	|
________________________________________________________
6	|75	|126	|61	|106	|63	|2804	|73	|67	|57	|122	|81	|101	|73	|99	|107	|109	|694	|544	|387	|635	|459	|358	|2804	|576	|483	|314	|345	|530	|346	|329	|560	|383	|346	|524	|481	|536	|463	|453	|528	|2804	|479	|563	|496	|518	|501	|331	|363	|582	|449	|0	|366	|0	|615	|460	|322	|566	|482	|381	|551	|374	|354	|554	|496	|473	|475	|490	|0	|368	|552	|633	|587	|558	|
________________________________________________________
7	|76	|0	|46	|71	|50	|73	|2084	|76	|43	|37	|42	|57	|77	|63	|83	|74	|512	|391	|321	|0	|243	|0	|448	|414	|347	|219	|277	|293	|400	|267	|348	|348	|314	|435	|415	|348	|319	|322	|0	|263	|401	|432	|399	|404	|369	|264	|256	|447	|2084	|239	|362	|443	|470	|353	|246	|292	|410	|274	|309	|357	|402	|331	|309	|269	|346	|338	|439	|2084	|362	|453	|400	|378	|
________________________________________________________
8	|149	|115	|35	|104	|122	|67	|76	|2885	|66	|80	|40	|89	|87	|0	|81	|123	|718	|588	|400	|676	|610	|0	|376	|0	|484	|303	|365	|498	|430	|414	|599	|397	|594	|441	|690	|438	|496	|464	|649	|480	|445	|0	|508	|567	|510	|392	|334	|579	|420	|348	|2885	|580	|662	|488	|367	|504	|471	|449	|536	|511	|524	|364	|569	|269	|458	|453	|649	|505	|2885	|566	|544	|587	|
________________________________________________________
9	|100	|45	|40	|56	|84	|57	|43	|66	|1871	|40	|32	|71	|74	|68	|68	|83	|319	|390	|230	|356	|375	|238	|303	|320	|439	|1871	|229	|328	|344	|238	|357	|358	|365	|345	|445	|321	|1871	|334	|328	|296	|354	|275	|338	|211	|206	|290	|233	|304	|262	|241	|301	|306	|0	|206	|0	|445	|392	|287	|352	|352	|316	|310	|369	|289	|281	|0	|357	|307	|367	|294	|401	|258	|
________________________________________________________
10	|97	|130	|66	|0	|106	|122	|37	|80	|40	|2806	|91	|94	|95	|118	|0	|99	|604	|462	|416	|618	|567	|487	|501	|456	|531	|276	|334	|2806	|484	|378	|540	|532	|579	|540	|585	|2806	|489	|614	|522	|434	|569	|510	|487	|461	|437	|343	|398	|556	|298	|304	|457	|440	|769	|569	|0	|414	|0	|418	|547	|544	|540	|468	|0	|356	|548	|564	|483	|444	|427	|616	|458	|501	|
________________________________________________________
11	|0	|122	|66	|71	|71	|81	|42	|40	|32	|91	|2327	|69	|64	|84	|100	|69	|416	|485	|346	|480	|402	|307	|384	|374	|0	|151	|0	|486	|377	|291	|426	|473	|498	|480	|0	|367	|449	|485	|422	|363	|321	|525	|391	|444	|465	|334	|310	|391	|317	|278	|402	|379	|614	|2327	|262	|474	|506	|295	|445	|417	|400	|395	|453	|2327	|407	|485	|405	|338	|279	|465	|356	|436	|
________________________________________________________
12	|108	|166	|59	|131	|101	|101	|57	|89	|71	|94	|69	|3343	|0	|101	|105	|146	|775	|552	|472	|763	|495	|438	|539	|560	|686	|434	|0	|433	|0	|440	|635	|593	|695	|685	|742	|661	|509	|0	|621	|517	|583	|538	|735	|441	|568	|361	|387	|665	|320	|365	|553	|554	|880	|561	|406	|3343	|693	|456	|633	|603	|630	|585	|674	|510	|3343	|605	|628	|495	|560	|544	|649	|633	|
________________________________________________________
13	|100	|71	|50	|76	|110	|73	|77	|87	|74	|95	|64	|0	|2550	|56	|66	|82	|536	|450	|306	|369	|516	|297	|381	|441	|459	|330	|420	|546	|2550	|273	|403	|537	|467	|412	|506	|435	|475	|480	|540	|428	|518	|404	|2550	|486	|390	|268	|299	|312	|459	|328	|417	|464	|651	|471	|384	|0	|298	|0	|523	|499	|410	|391	|470	|333	|582	|342	|549	|459	|541	|496	|357	|0	|
________________________________________________________
14	|65	|84	|44	|80	|91	|99	|63	|0	|68	|118	|84	|101	|56	|2736	|70	|74	|580	|456	|325	|541	|471	|387	|520	|495	|531	|370	|342	|572	|405	|311	|2736	|547	|531	|446	|378	|547	|443	|546	|565	|443	|520	|2736	|415	|562	|431	|320	|342	|439	|366	|356	|632	|365	|689	|467	|363	|606	|499	|0	|339	|0	|424	|383	|396	|504	|447	|544	|589	|481	|0	|387	|553	|554	|
________________________________________________________
15	|74	|88	|73	|123	|0	|107	|83	|81	|68	|0	|100	|105	|66	|70	|2948	|81	|607	|504	|386	|525	|609	|435	|486	|469	|577	|368	|445	|0	|301	|0	|583	|584	|482	|516	|509	|674	|452	|477	|590	|512	|0	|388	|621	|589	|436	|341	|444	|571	|435	|423	|447	|465	|717	|544	|424	|687	|2948	|356	|499	|611	|460	|407	|585	|490	|484	|446	|603	|515	|597	|2948	|524	|613	|
________________________________________________________
16	|108	|103	|42	|112	|109	|109	|74	|123	|83	|99	|69	|146	|82	|74	|81	|3033	|658	|512	|375	|603	|527	|415	|652	|483	|573	|366	|378	|572	|498	|0	|366	|0	|572	|499	|637	|521	|681	|408	|601	|503	|596	|582	|414	|0	|529	|320	|370	|508	|386	|387	|560	|338	|737	|585	|405	|646	|560	|368	|3033	|642	|507	|441	|542	|390	|590	|342	|671	|536	|663	|515	|3033	|592	|
________________________________________________________
17	|803	|926	|0	|724	|768	|694	|512	|718	|319	|604	|416	|775	|536	|580	|607	|658	|21898	|4053	|3037	|5007	|4284	|2973	|4114	|4133	|4151	|1848	|2649	|3706	|3190	|2461	|3668	|3593	|4073	|3716	|4204	|3726	|3550	|3604	|3797	|3226	|3796	|3483	|3643	|3657	|3208	|0	|2980	|4079	|3143	|2823	|4155	|4036	|5386	|3208	|2809	|4112	|3780	|2649	|3613	|3674	|3570	|3271	|3637	|3019	|3601	|3631	|4121	|3627	|3618	|3526	|3553	|3672	|
________________________________________________________
18	|3203	|573	|228	|552	|601	|544	|391	|588	|390	|462	|485	|552	|450	|456	|504	|512	|4053	|16650	|1957	|3847	|3270	|2374	|3167	|3164	|3334	|2335	|1946	|2764	|2464	|1895	|2817	|2723	|2980	|2746	|3203	|2789	|2691	|2813	|2932	|2521	|2877	|2723	|2774	|2817	|0	|1495	|0	|3203	|2405	|2056	|3149	|3137	|3202	|3375	|2060	|3104	|2932	|1922	|2745	|2705	|2748	|2543	|2856	|2348	|2702	|2742	|2986	|2678	|2903	|2748	|2822	|2833	|
________________________________________________________
19	|370	|467	|0	|0	|479	|387	|321	|400	|230	|416	|346	|472	|306	|325	|386	|375	|3037	|1957	|12065	|2478	|2578	|1839	|2279	|2267	|2198	|1114	|1789	|1979	|1718	|1298	|2041	|2045	|2728	|2070	|2350	|2492	|2252	|2182	|2387	|1578	|2059	|2036	|2016	|2054	|2486	|0	|1211	|0	|1898	|1562	|2227	|2238	|2897	|2037	|1615	|2214	|2030	|1375	|2024	|1932	|2379	|0	|0	|2008	|2179	|2251	|2428	|2011	|1986	|2037	|2036	|1969	|
________________________________________________________
20	|665	|3598	|412	|527	|717	|635	|0	|676	|356	|618	|480	|763	|369	|541	|525	|603	|5007	|3847	|2478	|19975	|3894	|2838	|3834	|3801	|3390	|2092	|2207	|3702	|2266	|2272	|3296	|3418	|3482	|3598	|3850	|3372	|3320	|3384	|3606	|2981	|3475	|3259	|3272	|3305	|3764	|2599	|0	|2875	|0	|2697	|3710	|3750	|4551	|3333	|2436	|4368	|3094	|2579	|3223	|3351	|3202	|2901	|3435	|2802	|3262	|3310	|3658	|3205	|3360	|3306	|3356	|3346	|
________________________________________________________
21	|672	|672	|357	|0	|3053	|459	|243	|610	|375	|567	|402	|495	|516	|471	|609	|527	|4284	|3270	|2578	|3894	|17236	|2031	|3217	|3258	|2900	|1837	|2281	|3348	|3004	|1898	|2863	|2839	|3107	|2737	|3318	|3013	|2831	|2813	|3067	|2593	|3053	|2768	|2911	|2894	|3243	|2186	|2365	|0	|1708	|0	|3292	|3288	|3893	|2878	|2047	|2707	|3620	|2046	|2952	|2823	|2807	|2607	|2809	|2411	|2854	|2854	|3251	|2689	|2940	|2887	|2890	|2974	|
________________________________________________________
22	|429	|514	|215	|414	|346	|358	|0	|0	|238	|487	|307	|438	|297	|387	|435	|415	|2973	|2374	|1839	|2838	|2031	|12220	|2153	|2438	|1994	|1340	|1499	|2201	|1569	|1621	|2002	|2086	|2165	|2071	|2090	|2285	|2045	|1947	|2602	|1864	|2123	|2328	|2216	|2227	|2364	|1562	|1588	|2447	|0	|1239	|0	|2510	|2727	|2063	|1478	|2457	|2073	|1555	|2056	|2072	|1970	|1727	|2026	|1948	|1983	|2000	|2755	|0	|0	|2483	|2301	|2257	|
________________________________________________________
23	|588	|699	|332	|552	|483	|2804	|448	|376	|303	|501	|384	|539	|381	|520	|486	|652	|4114	|3167	|2279	|3834	|3217	|2153	|16647	|3178	|2774	|1791	|1982	|2836	|2366	|1626	|3151	|2055	|3061	|2865	|3182	|2850	|2749	|2687	|2880	|2804	|2907	|2713	|2799	|2870	|3153	|2131	|2031	|3188	|2514	|0	|2260	|0	|3637	|2741	|1984	|3057	|2777	|2071	|3473	|2335	|2683	|2504	|2748	|2347	|2740	|2803	|2921	|2669	|2802	|2788	|2942	|2791	|
________________________________________________________
24	|602	|667	|325	|504	|585	|576	|414	|0	|320	|456	|374	|560	|441	|495	|469	|483	|4133	|3164	|2267	|3801	|3258	|2438	|3178	|16509	|2741	|1715	|2056	|2821	|2362	|2055	|3204	|3123	|3009	|2758	|3211	|2731	|2788	|2748	|2714	|2443	|2812	|2637	|2716	|2680	|3047	|2174	|1944	|3113	|2447	|2319	|0	|1281	|3807	|2787	|2030	|3089	|2825	|1975	|2448	|3581	|2698	|2519	|2767	|2284	|2791	|2726	|2978	|2611	|2695	|2731	|2785	|2685	|
________________________________________________________
25	|631	|672	|223	|452	|500	|483	|347	|484	|439	|531	|0	|686	|459	|531	|577	|573	|4151	|3334	|2198	|3390	|2900	|1994	|2774	|2741	|16724	|2381	|2477	|3157	|2761	|2079	|3290	|3274	|3030	|2842	|3270	|2798	|2746	|2751	|2980	|2473	|2879	|2668	|2830	|2710	|3255	|1456	|1883	|2730	|2181	|1872	|2766	|2708	|3172	|0	|2456	|3614	|3315	|2222	|3152	|3120	|2710	|2527	|2846	|2381	|2710	|2761	|3102	|2718	|2887	|2820	|2865	|2773	|
________________________________________________________
26	|485	|302	|249	|300	|331	|314	|219	|303	|1871	|276	|151	|434	|330	|370	|368	|366	|1848	|2335	|1114	|2092	|1837	|1340	|1791	|1715	|2381	|10600	|1307	|2010	|1734	|1342	|2040	|2018	|1909	|1785	|2101	|1815	|1871	|1723	|1874	|1648	|1805	|1749	|1788	|1755	|1167	|1707	|1211	|1746	|1393	|1205	|1706	|1710	|0	|1168	|0	|2302	|2147	|1416	|1998	|1928	|1766	|1547	|1794	|1435	|1773	|1810	|1942	|1667	|1819	|1741	|1816	|1765	|
________________________________________________________
27	|430	|477	|245	|443	|529	|345	|277	|365	|229	|334	|0	|0	|420	|342	|445	|378	|2649	|1946	|1789	|2207	|2281	|1499	|1982	|2056	|2477	|1307	|12045	|2085	|2179	|1604	|2204	|2160	|2496	|2197	|2723	|1998	|2037	|2585	|2022	|1755	|2262	|1739	|2024	|1981	|1963	|1364	|1485	|1984	|1777	|1412	|1933	|2004	|3328	|0	|1288	|0	|2452	|1694	|2123	|2244	|2341	|2064	|2539	|0	|0	|2517	|2208	|1996	|2215	|2056	|1947	|1990	|
________________________________________________________
28	|535	|640	|292	|598	|587	|530	|293	|498	|328	|2806	|486	|433	|546	|572	|0	|572	|3706	|2764	|1979	|3702	|3348	|2201	|2836	|2821	|3157	|2010	|2085	|16687	|3069	|2252	|3196	|3213	|3021	|2819	|3242	|2806	|2776	|2885	|2835	|2513	|2862	|2651	|2785	|2806	|2778	|1924	|1895	|3425	|1805	|1875	|2740	|2680	|4375	|3050	|0	|2510	|0	|2364	|3135	|3130	|2835	|2536	|2855	|2346	|2785	|2682	|3028	|2775	|2834	|2790	|2735	|2924	|
________________________________________________________
29	|497	|411	|255	|361	|526	|346	|400	|430	|344	|484	|377	|0	|2550	|405	|301	|498	|3190	|2464	|1718	|2266	|3004	|1569	|2366	|2362	|2761	|1734	|2179	|3069	|14635	|1653	|2719	|2823	|2537	|2394	|2969	|2433	|2312	|2367	|2595	|2177	|2506	|2376	|2550	|2581	|2373	|1686	|1768	|1850	|2629	|1688	|2467	|2495	|3693	|2692	|2147	|0	|1724	|0	|2794	|2703	|2383	|2216	|2631	|1932	|2415	|2362	|2672	|2344	|2506	|2342	|2318	|2501	|
________________________________________________________
30	|370	|382	|203	|327	|422	|329	|267	|414	|238	|378	|291	|440	|273	|311	|0	|0	|2461	|1895	|1298	|2272	|1898	|1621	|1626	|2055	|2079	|1342	|1604	|2252	|1653	|11263	|1942	|2198	|2026	|1920	|2201	|1872	|1700	|2153	|2242	|1902	|2382	|1862	|1880	|2280	|1856	|1343	|1230	|1849	|1476	|1484	|1845	|2058	|2858	|2106	|1544	|2537	|0	|1154	|0	|2248	|1870	|1777	|1926	|1599	|1799	|2107	|2339	|2071	|2353	|0	|0	|2271	|
________________________________________________________
31	|550	|587	|278	|455	|504	|560	|348	|599	|357	|540	|426	|635	|403	|2736	|583	|366	|3668	|2817	|2041	|3296	|2863	|2002	|3151	|3204	|3290	|2040	|2204	|3196	|2719	|1942	|16633	|3494	|3048	|2899	|3214	|2755	|2912	|2805	|3082	|2496	|2921	|2736	|2862	|2708	|2760	|1878	|1854	|2722	|2236	|1915	|3605	|2344	|4266	|3067	|2264	|3664	|3286	|0	|2043	|0	|2687	|2485	|2780	|2335	|2695	|2802	|3073	|2621	|2751	|2754	|2837	|2800	|
________________________________________________________
32	|515	|613	|287	|456	|507	|383	|348	|397	|358	|532	|473	|593	|537	|547	|584	|0	|3593	|2723	|2045	|3418	|2839	|2086	|2055	|3123	|3274	|2018	|2160	|3213	|2823	|2198	|3494	|16624	|3018	|2829	|3260	|2827	|2904	|2747	|2854	|2445	|2874	|2696	|2796	|2632	|2721	|1896	|1850	|2756	|2121	|2082	|2352	|3474	|4241	|3158	|2271	|3505	|3265	|2385	|0	|1401	|2727	|2480	|2798	|2307	|2708	|2682	|3020	|2585	|2763	|2771	|2835	|2742	|
________________________________________________________
33	|672	|689	|0	|595	|546	|346	|314	|594	|365	|579	|498	|695	|467	|531	|482	|572	|4073	|2980	|2728	|3482	|3107	|2165	|3061	|3009	|3030	|1909	|2496	|3021	|2537	|2026	|3048	|3018	|18288	|3349	|3947	|3529	|3479	|3466	|3714	|1836	|3260	|3001	|3123	|3039	|3112	|2079	|2581	|3109	|2338	|2278	|2970	|3020	|4209	|3090	|2399	|3450	|3053	|2165	|3032	|3062	|2714	|0	|3400	|2906	|3482	|3437	|4232	|2490	|3180	|2955	|3075	|2987	|
________________________________________________________
34	|523	|3598	|273	|558	|488	|524	|435	|441	|345	|540	|480	|685	|412	|446	|516	|499	|3716	|2746	|2070	|3598	|2737	|2071	|2865	|2758	|2842	|1785	|2197	|2819	|2394	|1920	|2899	|2829	|3349	|16850	|3679	|3187	|3317	|3171	|3350	|2787	|2919	|2724	|2788	|2842	|2813	|1876	|0	|2815	|2130	|1940	|2744	|2579	|3866	|2922	|2228	|3262	|2872	|1966	|2857	|2755	|0	|2249	|3249	|2718	|3177	|3141	|2802	|3546	|2847	|2769	|2782	|2899	|
________________________________________________________
35	|3203	|701	|375	|450	|622	|481	|415	|690	|445	|585	|0	|742	|506	|378	|509	|637	|4204	|3203	|2350	|3850	|3318	|2090	|3182	|3211	|3270	|2101	|2723	|3242	|2969	|2201	|3214	|3260	|3947	|3679	|19237	|3475	|3656	|3671	|3363	|2886	|3744	|2245	|3190	|3195	|3200	|2201	|0	|3121	|2558	|2231	|3240	|3269	|4369	|3215	|2896	|3422	|3347	|2477	|3188	|3227	|3669	|3263	|2968	|0	|3525	|3569	|3500	|3105	|4077	|2745	|3248	|3222	|
________________________________________________________
36	|547	|722	|383	|0	|592	|536	|348	|438	|321	|2806	|367	|661	|435	|547	|674	|521	|3726	|2789	|2492	|3372	|3013	|2285	|2850	|2731	|2798	|1815	|1998	|2806	|2433	|1872	|2755	|2827	|3529	|3187	|3475	|16873	|3285	|3277	|3060	|2559	|3386	|3198	|2795	|2806	|2788	|1948	|2389	|2746	|2240	|1908	|2836	|2739	|3789	|2830	|0	|3111	|2976	|2025	|2840	|2846	|3164	|2836	|0	|2061	|3185	|3269	|3049	|2674	|2402	|3692	|2821	|2825	|
________________________________________________________
37	|608	|720	|299	|479	|483	|463	|319	|496	|1871	|489	|449	|509	|475	|443	|452	|681	|3550	|2691	|2252	|3320	|2831	|2045	|2749	|2788	|2746	|1871	|2037	|2776	|2312	|1700	|2912	|2904	|3479	|3317	|3656	|3285	|16593	|3193	|2927	|2510	|2820	|2697	|3108	|1910	|2758	|1845	|2033	|2721	|2087	|1923	|2802	|2648	|3680	|2740	|0	|3125	|2783	|2048	|2802	|2849	|3106	|2793	|2986	|2615	|2513	|0	|3047	|2717	|2809	|2690	|3669	|2382	|
________________________________________________________
38	|599	|724	|344	|533	|472	|453	|322	|464	|334	|614	|485	|0	|480	|546	|477	|408	|3604	|2813	|2182	|3384	|2813	|1947	|2687	|2748	|2751	|1723	|2585	|2885	|2367	|2153	|2805	|2747	|3466	|3171	|3671	|3277	|3193	|16720	|2891	|2488	|2845	|2811	|3163	|3114	|2746	|1968	|2025	|2789	|2136	|1919	|2816	|2798	|3765	|2801	|2364	|2929	|2845	|1885	|2618	|2649	|3206	|2868	|3209	|2685	|0	|2466	|3034	|2704	|2854	|2782	|2396	|3628	|
________________________________________________________
39	|616	|748	|245	|452	|636	|528	|0	|649	|328	|522	|422	|621	|540	|565	|590	|601	|3797	|2932	|2387	|3606	|3067	|2602	|2880	|2714	|2980	|1874	|2022	|2835	|2595	|2242	|3082	|2854	|3714	|3350	|3363	|3060	|2927	|2891	|17686	|2916	|3459	|3268	|3332	|3340	|2935	|2018	|1989	|2861	|2311	|2557	|2972	|2884	|3914	|2959	|2193	|3337	|3035	|2394	|2972	|2793	|3906	|2111	|2892	|2472	|2896	|2991	|3030	|0	|3540	|3286	|3359	|3354	|
________________________________________________________
40	|420	|574	|356	|425	|461	|2804	|263	|480	|296	|434	|363	|517	|428	|443	|512	|503	|3226	|2521	|1578	|2981	|2593	|1864	|2804	|2443	|2473	|1648	|1755	|2513	|2177	|1902	|2496	|2445	|1836	|2787	|2886	|2559	|2510	|2488	|2916	|14936	|2840	|2772	|2846	|2843	|2424	|1698	|1667	|2482	|2008	|0	|2486	|2433	|3268	|2514	|1770	|2868	|2515	|1992	|2534	|2408	|2014	|3123	|2540	|2184	|2476	|2485	|0	|1964	|2874	|2866	|2880	|2928	|
________________________________________________________
41	|585	|602	|284	|610	|3053	|479	|401	|445	|354	|569	|321	|583	|518	|520	|0	|596	|3796	|2877	|2059	|3475	|3053	|2123	|2907	|2812	|2879	|1805	|2262	|2862	|2506	|2382	|2921	|2874	|3260	|2919	|3744	|3386	|2820	|2845	|3459	|2840	|17293	|3188	|3231	|3260	|2856	|1968	|1961	|2769	|2254	|0	|2894	|2912	|3847	|2896	|2157	|3224	|3039	|2501	|2796	|2881	|2921	|2618	|3719	|2004	|2893	|2867	|3578	|3183	|2586	|0	|3298	|3319	|
________________________________________________________
42	|361	|579	|316	|387	|533	|563	|432	|0	|275	|510	|525	|538	|404	|2736	|388	|582	|3483	|2723	|2036	|3259	|2768	|2328	|2713	|2637	|2668	|1749	|1739	|2651	|2376	|1862	|2736	|2696	|3001	|2724	|2245	|3198	|2697	|2811	|3268	|2772	|3188	|16380	|3004	|3244	|2664	|1859	|2035	|2684	|2205	|2294	|2760	|2626	|3708	|2708	|1880	|3026	|2711	|0	|2716	|2696	|2672	|2368	|2377	|3120	|2801	|2737	|3360	|3011	|0	|2257	|3165	|3227	|
________________________________________________________
43	|538	|596	|310	|486	|594	|496	|399	|508	|338	|487	|391	|735	|2550	|415	|621	|414	|3643	|2774	|2016	|3272	|2911	|2216	|2799	|2716	|2830	|1788	|2024	|2785	|2550	|1880	|2862	|2796	|3123	|2788	|3190	|2795	|3108	|3163	|3332	|2846	|3231	|3004	|16637	|3139	|2808	|1898	|1861	|2670	|2231	|2160	|2695	|2667	|3733	|2795	|2069	|3073	|2870	|0	|2774	|2709	|2760	|2486	|2824	|2301	|3669	|2281	|3395	|3065	|3180	|3216	|2365	|0	|
________________________________________________________
44	|534	|637	|303	|452	|594	|518	|404	|567	|211	|461	|444	|441	|486	|562	|589	|0	|3657	|2817	|2054	|3305	|2894	|2227	|2870	|2680	|2710	|1755	|1981	|2806	|2581	|2280	|2708	|2632	|3039	|2842	|3195	|2806	|1910	|3114	|3340	|2843	|3260	|3244	|3139	|16671	|2715	|1922	|1801	|2740	|2237	|2124	|2825	|2704	|3778	|2719	|2167	|3102	|2786	|2395	|2728	|2762	|2757	|2468	|2777	|2416	|2299	|3597	|3466	|3026	|3186	|3188	|0	|2418	|
________________________________________________________
45	|0	|722	|322	|599	|575	|501	|369	|510	|206	|437	|465	|568	|390	|431	|436	|529	|3208	|0	|2486	|3764	|3243	|2364	|3153	|3047	|3255	|1167	|1963	|2778	|2373	|1856	|2760	|2721	|3112	|2813	|3200	|2788	|2758	|2746	|2935	|2424	|2856	|2664	|2808	|2715	|16643	|2265	|2268	|3207	|2459	|2135	|3091	|3108	|4411	|3353	|2219	|3150	|2831	|2045	|2752	|2741	|2704	|2412	|2799	|2335	|2611	|2757	|3015	|2717	|2753	|2718	|2807	|2766	|
________________________________________________________
46	|274	|446	|1693	|324	|402	|331	|264	|392	|290	|343	|334	|361	|268	|320	|341	|320	|0	|1495	|0	|2599	|2186	|1562	|2131	|2174	|1456	|1707	|1364	|1924	|1686	|1343	|1878	|1896	|2079	|1876	|2201	|1948	|1845	|1968	|2018	|1698	|1968	|1859	|1898	|1922	|2265	|11397	|1277	|2221	|1707	|1478	|2176	|2146	|1990	|2358	|1251	|2125	|1932	|1340	|1882	|1871	|1915	|1693	|1942	|1614	|1916	|1978	|2088	|1815	|2024	|1915	|1957	|1851	|
________________________________________________________
47	|0	|0	|197	|291	|390	|363	|256	|334	|233	|398	|310	|387	|299	|342	|444	|370	|2980	|0	|1211	|0	|2365	|1588	|2031	|1944	|1883	|1211	|1485	|1895	|1768	|1230	|1854	|1850	|2581	|0	|0	|2389	|2033	|2025	|1989	|1667	|1961	|2035	|1861	|1801	|2268	|1277	|11216	|1840	|1804	|1573	|1975	|2036	|2554	|1851	|1654	|1901	|2055	|1333	|1871	|1865	|2256	|1756	|1833	|1990	|2077	|2035	|2047	|1758	|1673	|2113	|1877	|1876	|
________________________________________________________
48	|640	|513	|307	|2780	|0	|582	|447	|579	|304	|556	|391	|665	|312	|439	|571	|508	|4079	|3203	|0	|2875	|0	|2447	|3188	|3113	|2730	|1746	|1984	|3425	|1850	|1849	|2722	|2756	|3109	|2815	|3121	|2746	|2721	|2789	|2861	|2482	|2769	|2684	|2670	|2740	|3207	|2221	|1840	|16593	|2642	|2341	|3120	|3042	|3817	|2729	|2028	|3713	|3372	|2216	|2651	|2740	|2751	|2424	|2780	|2387	|2790	|2718	|3034	|2732	|2745	|2754	|2802	|2786	|
________________________________________________________
49	|502	|0	|282	|430	|299	|449	|2084	|420	|262	|298	|317	|320	|459	|366	|435	|386	|3143	|2405	|1898	|0	|1708	|0	|2514	|2447	|2181	|1393	|1777	|1805	|2629	|1476	|2236	|2121	|2338	|2130	|2558	|2240	|2087	|2136	|2311	|2008	|2254	|2205	|2231	|2237	|2459	|1707	|1804	|2642	|13147	|1526	|2539	|2501	|2985	|2186	|1550	|1786	|2622	|1370	|2202	|2151	|2117	|1916	|2181	|1770	|2200	|2177	|2435	|2084	|2302	|2162	|2242	|2163	|
________________________________________________________
50	|388	|495	|208	|381	|0	|0	|239	|348	|241	|304	|278	|365	|328	|356	|423	|387	|2823	|2056	|1562	|2697	|0	|1239	|0	|2319	|1872	|1205	|1412	|1875	|1688	|1484	|1915	|2082	|2278	|1940	|2231	|1908	|1923	|1919	|2557	|0	|0	|2294	|2160	|2124	|2135	|1478	|1573	|2341	|1526	|11494	|1928	|2186	|2622	|1981	|1426	|2066	|1941	|1669	|1773	|2048	|2127	|1496	|1962	|1562	|1851	|1870	|2480	|1890	|2028	|2348	|2172	|2180	|
________________________________________________________
51	|614	|649	|314	|512	|633	|366	|362	|2885	|301	|457	|402	|553	|417	|632	|447	|560	|4155	|3149	|2227	|3710	|3292	|0	|2260	|0	|2766	|1706	|1933	|2740	|2467	|1845	|3605	|2352	|2970	|2744	|3240	|2836	|2802	|2816	|2972	|2486	|2894	|2760	|2695	|2825	|3091	|2176	|1975	|3120	|2539	|1928	|16626	|3283	|3820	|2776	|2051	|3094	|2829	|2053	|3156	|3051	|2722	|2530	|2817	|2322	|2681	|2724	|3082	|2783	|2885	|2743	|2816	|2836	|
________________________________________________________
52	|633	|648	|296	|519	|654	|0	|443	|580	|306	|440	|379	|554	|464	|365	|465	|338	|4036	|3137	|2238	|3750	|3288	|2510	|0	|1281	|2708	|1710	|2004	|2680	|2495	|2058	|2344	|3474	|3020	|2579	|3269	|2739	|2648	|2798	|2884	|2433	|2912	|2626	|2667	|2704	|3108	|2146	|2036	|3042	|2501	|2186	|3283	|16480	|3634	|2721	|2084	|2972	|2847	|1931	|1974	|3130	|2806	|2451	|2761	|2197	|2743	|2723	|2866	|2577	|2765	|2669	|2715	|2800	|
________________________________________________________
53	|619	|901	|271	|656	|676	|615	|470	|662	|0	|769	|614	|880	|651	|689	|717	|737	|5386	|3202	|2897	|4551	|3893	|2727	|3637	|3807	|3172	|0	|3328	|4375	|3693	|2858	|4266	|4241	|4209	|3866	|4369	|3789	|3680	|3765	|3914	|3268	|3847	|3708	|3733	|3778	|4411	|1990	|2554	|3817	|2985	|2622	|3820	|3634	|22558	|4387	|3016	|4933	|4284	|3076	|4222	|4270	|3757	|3404	|3844	|3118	|3728	|3620	|4167	|3725	|3671	|3764	|3804	|3789	|
________________________________________________________
54	|663	|607	|362	|440	|533	|460	|353	|488	|206	|569	|2327	|561	|471	|467	|544	|585	|3208	|3375	|2037	|3333	|2878	|2063	|2741	|2787	|0	|1168	|0	|3050	|2692	|2106	|3067	|3158	|3090	|2922	|3215	|2830	|2740	|2801	|2959	|2514	|2896	|2708	|2795	|2719	|3353	|2358	|1851	|2729	|2186	|1981	|2776	|2721	|4387	|16643	|2072	|3669	|3288	|2272	|3139	|3160	|2686	|2459	|2859	|2327	|2763	|2750	|3023	|2632	|2860	|2810	|2822	|2794	|
________________________________________________________
55	|500	|482	|226	|421	|351	|322	|246	|367	|0	|0	|262	|406	|384	|363	|424	|405	|2809	|2060	|1615	|2436	|2047	|1478	|1984	|2030	|2456	|0	|1288	|0	|2147	|1544	|2264	|2271	|2399	|2228	|2896	|0	|0	|2364	|2193	|1770	|2157	|1880	|2069	|2167	|2219	|1251	|1654	|2028	|1550	|1426	|2051	|2084	|3016	|2072	|12168	|2369	|2569	|1816	|2270	|2315	|2203	|2019	|2520	|1733	|1993	|2447	|2222	|1945	|2126	|1943	|1889	|2171	|
________________________________________________________
56	|569	|816	|278	|588	|513	|566	|292	|504	|445	|414	|474	|3343	|0	|606	|687	|646	|4112	|3104	|2214	|4368	|2707	|2457	|3057	|3089	|3614	|2302	|0	|2510	|0	|2537	|3664	|3505	|3450	|3262	|3422	|3111	|3125	|2929	|3337	|2868	|3224	|3026	|3073	|3102	|3150	|2125	|1901	|3713	|1786	|2066	|3094	|2972	|4933	|3669	|2369	|18677	|4013	|2535	|3524	|3489	|3149	|2833	|3035	|2757	|3343	|2993	|3399	|2930	|3094	|3217	|3093	|3161	|
________________________________________________________
57	|527	|557	|323	|579	|656	|482	|410	|471	|392	|0	|506	|693	|298	|499	|2948	|560	|3780	|2932	|2030	|3094	|3620	|2073	|2777	|2825	|3315	|2147	|2452	|0	|1724	|0	|3286	|3265	|3053	|2872	|3347	|2976	|2783	|2845	|3035	|2515	|3039	|2711	|2870	|2786	|2831	|1932	|2055	|3372	|2622	|1941	|2829	|2847	|4284	|3288	|2569	|4013	|17164	|2142	|3276	|3303	|2868	|2475	|2984	|2429	|2780	|2793	|3118	|2755	|3009	|2948	|3003	|2849	|
________________________________________________________
58	|392	|468	|208	|480	|473	|381	|274	|449	|287	|418	|295	|456	|0	|0	|356	|368	|2649	|1922	|1375	|2579	|2046	|1555	|2071	|1975	|2222	|1416	|1694	|2364	|0	|1154	|0	|2385	|2165	|1966	|2477	|2025	|2048	|1885	|2394	|1992	|2501	|0	|0	|2395	|2045	|1340	|1333	|2216	|1370	|1669	|2053	|1931	|3076	|2272	|1816	|2535	|2142	|11950	|2115	|2404	|1978	|1728	|2127	|1462	|1838	|1895	|2537	|2140	|2519	|2024	|2081	|2437	|
________________________________________________________
59	|519	|587	|267	|472	|506	|551	|309	|536	|352	|547	|445	|633	|523	|339	|499	|3033	|3613	|2745	|2024	|3223	|2952	|2056	|3473	|2448	|3152	|1998	|2123	|3135	|2794	|0	|2043	|0	|3032	|2857	|3188	|2840	|2802	|2618	|2972	|2534	|2796	|2716	|2774	|2728	|2752	|1882	|1871	|2651	|2202	|1773	|3156	|1974	|4222	|3139	|2270	|3524	|3276	|2115	|16549	|3418	|2728	|2416	|2852	|2340	|2658	|2753	|3076	|2634	|2799	|2815	|3033	|2689	|
________________________________________________________
60	|514	|617	|264	|468	|503	|374	|357	|511	|352	|544	|417	|603	|499	|0	|611	|642	|3674	|2705	|1932	|3351	|2823	|2072	|2335	|3581	|3120	|1928	|2244	|3130	|2703	|2248	|0	|1401	|3062	|2755	|3227	|2846	|2849	|2649	|2793	|2408	|2881	|2696	|2709	|2762	|2741	|1871	|1865	|2740	|2151	|2048	|3051	|3130	|4270	|3160	|2315	|3489	|3303	|2404	|3418	|16526	|2841	|2491	|2793	|2249	|2611	|2705	|2966	|2658	|2816	|2690	|2698	|2643	|
________________________________________________________
61	|677	|0	|307	|593	|508	|354	|402	|524	|316	|540	|400	|630	|410	|424	|460	|507	|3570	|2748	|2379	|3202	|2807	|1970	|2683	|2698	|2710	|1766	|2341	|2835	|2383	|1870	|2687	|2727	|2714	|0	|3669	|3164	|3106	|3206	|3906	|2014	|2921	|2672	|2760	|2757	|2704	|1915	|2256	|2751	|2117	|2127	|2722	|2806	|3757	|2686	|2203	|3149	|2868	|1978	|2728	|2841	|16588	|2749	|3219	|2486	|3048	|3104	|3547	|3104	|2784	|2675	|2829	|2795	|
________________________________________________________
62	|586	|471	|1693	|453	|450	|554	|331	|364	|310	|468	|395	|585	|391	|383	|407	|441	|3271	|2543	|0	|2901	|2607	|1727	|2504	|2519	|2527	|1547	|2064	|2536	|2216	|1777	|2485	|2480	|0	|2249	|3263	|2836	|2793	|2868	|2111	|3123	|2618	|2368	|2486	|2468	|2412	|1693	|1756	|2424	|1916	|1496	|2530	|2451	|3404	|2459	|2019	|2833	|2475	|1728	|2416	|2491	|2749	|14925	|3044	|2393	|2807	|2777	|1890	|2729	|2640	|2381	|2470	|2484	|
________________________________________________________
63	|465	|740	|304	|2780	|606	|496	|309	|569	|369	|0	|453	|674	|470	|396	|585	|542	|3637	|2856	|0	|3435	|2809	|2026	|2748	|2767	|2846	|1794	|2539	|2855	|2631	|1926	|2780	|2798	|3400	|3249	|2968	|0	|2986	|3209	|2892	|2540	|3719	|2377	|2824	|2777	|2799	|1942	|1833	|2780	|2181	|1962	|2817	|2761	|3844	|2859	|2520	|3035	|2984	|2127	|2852	|2793	|3219	|3044	|16853	|2722	|3092	|3238	|3089	|2695	|3377	|3210	|2825	|2829	|
________________________________________________________
64	|0	|653	|304	|442	|386	|473	|269	|269	|289	|356	|2327	|510	|333	|504	|490	|390	|3019	|2348	|2008	|2802	|2411	|1948	|2347	|2284	|2381	|1435	|0	|2346	|1932	|1599	|2335	|2307	|2906	|2718	|0	|2061	|2615	|2685	|2472	|2184	|2004	|3120	|2301	|2416	|2335	|1614	|1990	|2387	|1770	|1562	|2322	|2197	|3118	|2327	|1733	|2757	|2429	|1462	|2340	|2249	|2486	|2393	|2722	|13981	|2615	|2701	|2536	|2256	|1554	|2758	|2356	|2326	|
________________________________________________________
65	|599	|648	|322	|524	|525	|475	|346	|458	|281	|548	|407	|3343	|582	|447	|484	|590	|3601	|2702	|2179	|3262	|2854	|1983	|2740	|2791	|2710	|1773	|0	|2785	|2415	|1799	|2695	|2708	|3482	|3177	|3525	|3185	|2513	|0	|2896	|2476	|2893	|2801	|3669	|2299	|2611	|1916	|2077	|2790	|2200	|1851	|2681	|2743	|3728	|2763	|1993	|3343	|2780	|1838	|2658	|2611	|3048	|2807	|3092	|2615	|16368	|2898	|2984	|2560	|2760	|2726	|3230	|3087	|
________________________________________________________
66	|586	|674	|326	|530	|476	|490	|338	|453	|0	|564	|485	|605	|342	|544	|446	|342	|3631	|2742	|2251	|3310	|2854	|2000	|2803	|2726	|2761	|1810	|2517	|2682	|2362	|2107	|2802	|2682	|3437	|3141	|3569	|3269	|0	|2466	|2991	|2485	|2867	|2737	|2281	|3597	|2757	|1978	|2035	|2718	|2177	|1870	|2724	|2723	|3620	|2750	|2447	|2993	|2793	|1895	|2753	|2705	|3104	|2777	|3238	|2701	|2898	|16556	|2993	|2561	|2793	|2698	|1917	|3161	|
________________________________________________________
67	|628	|601	|223	|485	|685	|0	|439	|649	|357	|483	|405	|628	|549	|589	|603	|671	|4121	|2986	|2428	|3658	|3251	|2755	|2921	|2978	|3102	|1942	|2208	|3028	|2672	|2339	|3073	|3020	|4232	|2802	|3500	|3049	|3047	|3034	|3030	|0	|3578	|3360	|3395	|3466	|3015	|2088	|2047	|3034	|2435	|2480	|3082	|2866	|4167	|3023	|2222	|3399	|3118	|2537	|3076	|2966	|3547	|1890	|3089	|2536	|2984	|2993	|18274	|3317	|3603	|3496	|3460	|3488	|
________________________________________________________
68	|511	|802	|311	|466	|589	|368	|2084	|505	|307	|444	|338	|495	|459	|481	|515	|536	|3627	|2678	|2011	|3205	|2689	|0	|2669	|2611	|2718	|1667	|1996	|2775	|2344	|2071	|2621	|2585	|2490	|3546	|3105	|2674	|2717	|2704	|0	|1964	|3183	|3011	|3065	|3026	|2717	|1815	|1758	|2732	|2084	|1890	|2783	|2577	|3725	|2632	|1945	|2930	|2755	|2140	|2634	|2658	|3104	|2729	|2695	|2256	|2560	|2561	|3317	|16054	|3102	|3003	|3057	|3052	|
________________________________________________________
69	|716	|589	|260	|499	|458	|552	|362	|2885	|367	|427	|279	|560	|541	|0	|597	|663	|3618	|2903	|1986	|3360	|2940	|0	|2802	|2695	|2887	|1819	|2215	|2834	|2506	|2353	|2751	|2763	|3180	|2847	|4077	|2402	|2809	|2854	|3540	|2874	|2586	|0	|3180	|3186	|2753	|2024	|1673	|2745	|2302	|2028	|2885	|2765	|3671	|2860	|2126	|3094	|3009	|2519	|2799	|2816	|2784	|2640	|3377	|1554	|2760	|2793	|3603	|3102	|16950	|3305	|3253	|3240	|
________________________________________________________
70	|465	|602	|328	|542	|0	|633	|453	|566	|294	|616	|465	|544	|496	|387	|2948	|515	|3526	|2748	|2037	|3306	|2887	|2483	|2788	|2731	|2820	|1741	|2056	|2790	|2342	|0	|2754	|2771	|2955	|2769	|2745	|3692	|2690	|2782	|3286	|2866	|0	|2257	|3216	|3188	|2718	|1915	|2113	|2754	|2162	|2348	|2743	|2669	|3764	|2810	|1943	|3217	|2948	|2024	|2815	|2690	|2675	|2381	|3210	|2758	|2726	|2698	|3496	|3003	|3305	|16651	|3256	|3175	|
________________________________________________________
71	|537	|579	|285	|478	|592	|587	|400	|544	|401	|458	|356	|649	|357	|553	|524	|3033	|3553	|2822	|2036	|3356	|2890	|2301	|2942	|2785	|2865	|1816	|1947	|2735	|2318	|0	|2837	|2835	|3075	|2782	|3248	|2821	|3669	|2396	|3359	|2880	|3298	|3165	|2365	|0	|2807	|1957	|1877	|2802	|2242	|2172	|2816	|2715	|3804	|2822	|1889	|3093	|3003	|2081	|3033	|2698	|2829	|2470	|2825	|2356	|3230	|1917	|3460	|3057	|3253	|3256	|16792	|3218	|
________________________________________________________
72	|541	|614	|268	|451	|592	|558	|378	|587	|258	|501	|436	|633	|0	|554	|613	|592	|3672	|2833	|1969	|3346	|2974	|2257	|2791	|2685	|2773	|1765	|1990	|2924	|2501	|2271	|2800	|2742	|2987	|2899	|3222	|2825	|2382	|3628	|3354	|2928	|3319	|3227	|0	|2418	|2766	|1851	|1876	|2786	|2163	|2180	|2836	|2800	|3789	|2794	|2171	|3161	|2849	|2437	|2689	|2643	|2795	|2484	|2829	|2326	|3087	|3161	|3488	|3052	|3240	|3175	|3218	|16709	|
________________________________________________________
