0	|1	|2	|3	|4	|5	|6	|7	|8	|9	|10	|11	|12	|13	|14	|15	|16	|17	|18	|19	|20	|21	|22	|23	|24	|25	|26	|27	|28	|29	|30	|31	|32	|33	|34	|35	|36	|37	|38	|39	|40	|41	|42	|43	|44	|45	|46	|47	|48	|49	|50	|51	|52	|53	|54	|55	|56	|57	|58	|59	|60	|61	|62	|63	|64	|65	|66	|67	|68	|69	|70	|71	|72	|
1	|100	|2,96	|1,52	|3,01	|3,85	|2,72	|2,87	|4,39	|3,94	|3,46	|0	|3,49	|2,87	|2,45	|2,36	|3,13	|24,3	|100	|12,42	|20,27	|20,36	|13,07	|19,88	|18,93	|20,15	|15,13	|13,94	|17,34	|16,45	|11,94	|16,3	|15,55	|22,06	|16,54	|100	|18,03	|17,64	|18,87	|19,31	|12,63	|19,22	|12,33	|17,28	|16,18	|0	|7,91	|0	|20,96	|16,84	|13,01	|18,27	|18,84	|17,79	|21,19	|14,72	|16,87	|16,09	|12,06	|16,24	|17,67	|20,21	|16,69	|14,66	|0	|18,36	|17,61	|20,6	|15,7	|21,55	|14,72	|17,4	|17,67	|
________________________________________________________
2	|2,66	|100	|2,23	|2,82	|3,52	|4,22	|0	|3,12	|1,77	|4,32	|2,44	|4,78	|2,2	|3,04	|2,82	|2,98	|23,53	|15,36	|13,03	|100	|19,34	|12,79	|19,53	|18,88	|17,43	|9,37	|13,75	|19,69	|11,74	|11,04	|17,32	|17,51	|20,04	|100	|19,26	|20,74	|18,45	|18,61	|20,36	|17,51	|16,98	|17,24	|17,11	|16,87	|19,58	|12,57	|0	|13,56	|0	|13,56	|18,48	|17,32	|24,36	|16,17	|13,11	|21,92	|15,12	|11,63	|16,28	|16,76	|0	|12,89	|19,42	|16,98	|19,61	|19,34	|16,65	|20,39	|16,76	|15,82	|16,52	|17,11	|
________________________________________________________
3	|2,92	|4,76	|100	|1,78	|3,73	|4,19	|2,58	|3,15	|2,75	|4,01	|4,01	|2,87	|2,87	|3,84	|4,82	|3,1	|0	|13,53	|0	|27,06	|21,27	|13,82	|19,55	|18,81	|13,53	|15,08	|15,19	|18,06	|15,6	|11,98	|18,81	|16,51	|0	|14,91	|22,65	|20,93	|18,98	|18	|15,19	|19,67	|16,86	|19,04	|17,49	|17,6	|20,24	|100	|10,49	|14,85	|16,28	|11,87	|18,64	|18,92	|17,72	|20,53	|13,25	|17,32	|19,27	|11,98	|15,65	|14,97	|17,55	|100	|14,85	|17,6	|17,55	|19,38	|12,84	|17,03	|14,56	|18,12	|16,57	|18,81	|
________________________________________________________
4	|3,73	|3,87	|1,14	|100	|0	|3,1	|2,25	|3,76	|2,44	|0	|2,29	|4,24	|2,14	|2,55	|4,06	|4,43	|26,27	|20,07	|0	|18,38	|0	|13,43	|18,12	|18,23	|17,05	|11,51	|14,54	|20,59	|11,62	|11,14	|18,56	|16,46	|22,21	|19,74	|17,97	|0	|16,05	|19,26	|17,71	|15,09	|22,84	|14,1	|16,24	|16,64	|19,82	|12,73	|11,37	|100	|16,31	|13,91	|20,22	|17,71	|21,51	|16,49	|15,5	|21,88	|21,66	|16,75	|17,16	|15,68	|20,66	|14,94	|100	|15,9	|18,04	|17,97	|17,53	|16,09	|18,15	|19,08	|15,57	|16,27	|
________________________________________________________
5	|4,38	|4,45	|2,21	|0	|100	|2,55	|2,1	|3,67	|2,61	|3,22	|1,8	|2,99	|3,87	|3,39	|0	|3,84	|24,61	|17,68	|14,87	|23,29	|100	|11,58	|17,07	|19,96	|17,48	|10,52	|18,5	|19,69	|17,07	|13,65	|17,45	|16,9	|17,04	|16,02	|22	|19,45	|15,58	|16,02	|20,06	|15,24	|100	|17,85	|20,2	|18,57	|18,13	|13,31	|14,09	|0	|10,76	|0	|20,64	|18,87	|22,57	|15,61	|12,42	|17,07	|22,67	|14,66	|16,87	|16,02	|16,06	|14,97	|21,49	|11,54	|16,56	|15,44	|20,94	|18,6	|14,9	|0	|19,45	|19,01	|
________________________________________________________
6	|3,38	|5,83	|2,71	|3,12	|2,79	|100	|2,38	|2,79	|1,82	|3,94	|3,31	|3,49	|2,64	|4,61	|3,83	|4,2	|24,78	|19,17	|13,67	|23,92	|17,35	|12,93	|100	|19,5	|16,53	|10,36	|12,82	|17,98	|11,92	|11,55	|19,24	|11,18	|10,7	|20,51	|18,42	|18,09	|16,86	|16,72	|18,42	|100	|16,01	|19,95	|20,39	|17,98	|19,69	|12,52	|12,78	|18,76	|16,31	|0	|13,45	|0	|22,07	|17,35	|12,59	|20,99	|16,9	|13,56	|20,06	|14,78	|13,19	|21,06	|15,34	|16,05	|15,27	|16,68	|0	|13,67	|19,43	|20,65	|19,32	|19,5	|
________________________________________________________
7	|4,6	|0	|2,16	|2,92	|2,97	|3,07	|100	|3,02	|1,92	|2,49	|2,01	|2,06	|3,16	|3,69	|4,17	|2,63	|25,05	|17,43	|15,47	|0	|13,98	|0	|19,11	|19,49	|17,05	|11,4	|13,55	|13,6	|18,77	|12,6	|17,39	|17,29	|14,7	|21,65	|18,97	|17,24	|15,23	|16,57	|0	|12,36	|19,2	|20,16	|17,72	|19,06	|18,92	|11,69	|14,42	|18,63	|100	|12,26	|17,1	|20,59	|22,17	|16,19	|12,79	|13,89	|18,68	|13,12	|15,23	|18,34	|19,2	|16,81	|16,48	|12,84	|15,42	|15,47	|21,07	|100	|17,58	|21,31	|18,58	|19,97	|
________________________________________________________
8	|4,86	|3,83	|1,82	|3,37	|3,57	|2,48	|2,08	|100	|2,41	|2,55	|1,45	|3,44	|2,88	|0	|3,27	|4,56	|24,93	|19,4	|14,31	|24,63	|21,02	|0	|12,69	|0	|16,33	|11,5	|14,12	|16,43	|14,38	|13,12	|20,83	|15,04	|20,73	|15,07	|24,89	|14,58	|16,6	|16,53	|22,05	|15,47	|14,81	|0	|18,45	|18,51	|19,97	|13,29	|11,14	|19,27	|13,79	|11,44	|100	|19,9	|22,78	|16,79	|11,97	|18,48	|16,6	|14,18	|20,46	|18,71	|20,63	|14,28	|18,71	|8,56	|15,17	|15,97	|24,3	|16,79	|100	|19,07	|19,44	|19,37	|
________________________________________________________
9	|7,26	|3,63	|2,64	|3,63	|4,24	|2,7	|2,2	|4,02	|100	|2,42	|2,15	|3,63	|3,25	|2,75	|3,19	|4,4	|17,11	|24,97	|11,61	|18,32	|19,91	|12,6	|15,9	|16,89	|20,9	|100	|11,28	|18,15	|16,45	|11,61	|19,58	|20,79	|20,96	|19,97	|23,54	|16,78	|100	|18,21	|18,92	|15,4	|19,91	|13,86	|19,31	|11,22	|10,51	|17	|12,82	|18,87	|15,46	|12,38	|16,78	|16,01	|0	|11,11	|0	|23,65	|20,57	|12,71	|19,97	|17,66	|17,93	|15,46	|20,02	|16,5	|15,13	|0	|18,43	|15,95	|19,47	|16,39	|23,1	|13,42	|
________________________________________________________
10	|4,01	|5,57	|2,42	|0	|3,28	|3,67	|1,8	|2,66	|1,52	|100	|2,84	|3,98	|3,18	|4,22	|0	|3,7	|21,13	|18,53	|14,76	|22,89	|19,5	|18,53	|15,28	|16,22	|19,5	|10,55	|11,13	|100	|18,95	|13,24	|18,53	|18,78	|19,57	|19,16	|21,92	|100	|16,6	|21,3	|19,74	|14,7	|19,29	|20,23	|17,08	|18,26	|15,91	|11,27	|13,21	|18,74	|11,13	|11,41	|16,84	|16,49	|26,11	|20,06	|0	|16,32	|0	|12,69	|19,4	|19,29	|19,23	|18,74	|0	|11,72	|20,92	|21,47	|17,67	|15,32	|14,83	|21,89	|16,46	|18,5	|
________________________________________________________
11	|0	|4	|3,08	|2,72	|2,33	|3,91	|1,85	|1,93	|1,71	|3,6	|100	|3,87	|2,2	|4,7	|3,82	|3,38	|18,5	|20,56	|15,51	|20,25	|17,75	|13,27	|17,18	|16,65	|0	|7,43	|0	|21,22	|15,73	|12,83	|20,04	|19,11	|20,43	|18,19	|0	|14,85	|18,76	|21,18	|17,44	|16,3	|13,31	|22,89	|16,83	|18,59	|18,85	|14,41	|14,37	|16,39	|13,58	|11,47	|16,17	|15,82	|27,28	|100	|11,51	|20,96	|19,68	|12,3	|19,24	|18,98	|19,33	|17,09	|17,84	|100	|16,78	|20,12	|19,02	|16,7	|10,76	|17,66	|14,54	|18,1	|
________________________________________________________
12	|3,47	|5,29	|1,48	|3,41	|2,61	|2,79	|1,28	|3,09	|1,96	|3,41	|2,61	|100	|0	|3,24	|4,1	|4,01	|22,65	|15,71	|14,01	|22,45	|13,87	|13,6	|17,01	|15,65	|20,28	|12,44	|0	|13,48	|0	|13,42	|18,71	|19	|22,09	|19,66	|22,74	|21,23	|14,04	|0	|19,24	|15,17	|16,95	|16,92	|20,13	|14,04	|18,76	|10,33	|11,91	|19,18	|9,89	|11,05	|16,39	|16,48	|26,13	|17,43	|12,62	|100	|20,9	|13,81	|18,74	|19,09	|18,38	|16,36	|18,5	|14,73	|100	|17,79	|18,85	|15,77	|17,13	|16,86	|19,3	|19,45	|
________________________________________________________
13	|3,98	|3,4	|2,07	|2,41	|4,73	|2,95	|2,74	|3,61	|2,45	|3,82	|2,07	|0	|100	|2,45	|2,53	|3,28	|21,87	|16,8	|12,41	|17,1	|21,95	|12,82	|15,93	|20,33	|19,5	|12,74	|15,81	|21,58	|100	|9,79	|16,31	|20,75	|17,34	|16,85	|19,59	|16,22	|18,38	|18,76	|20,04	|17,05	|20,83	|16,6	|100	|19,96	|16,27	|10,95	|12,9	|11,91	|18,01	|12,9	|16,39	|18,8	|25,68	|17,97	|15,02	|0	|11,41	|0	|20,12	|20,54	|16,51	|15,52	|17,26	|12,49	|20,04	|12,66	|21,66	|18,26	|21,16	|20,66	|14,69	|0	|
________________________________________________________
14	|2,9	|4	|2,37	|2,44	|3,54	|4,39	|2,72	|0	|1,77	|4,32	|3,79	|3,86	|2,09	|100	|3,11	|2,83	|21,51	|17,69	|11,5	|20,13	|17,2	|13,98	|19	|18,54	|19,57	|12,38	|12,46	|20,28	|13,8	|11,08	|100	|20,49	|19,5	|17,34	|14,86	|20,28	|14,83	|19,85	|20,35	|18,33	|19,53	|100	|17,3	|21,62	|16,53	|11,68	|12,85	|17,34	|13,87	|14,05	|21,94	|14,33	|26,01	|19,29	|13,45	|23	|21,51	|0	|12,28	|0	|15,75	|15,46	|14,3	|19,07	|15,57	|19,11	|20,38	|18,47	|0	|14,15	|20,28	|20,13	|
________________________________________________________
15	|2,73	|3,63	|2,9	|3,8	|0	|3,56	|3,01	|3,42	|2	|0	|3,01	|4,77	|2,11	|3,04	|100	|2,66	|22,22	|15,83	|11,92	|18,24	|20,32	|14,55	|17,28	|16,79	|19,32	|12,23	|14,72	|0	|9,68	|0	|21,42	|21,39	|17,69	|17,24	|16,69	|21,42	|14,96	|17,59	|20,63	|17,55	|0	|12,44	|20,49	|20,49	|15,62	|11,54	|16,72	|20,77	|15,03	|13,41	|16,21	|16,38	|25,54	|18,56	|16,24	|23,57	|100	|13,44	|17,04	|20,97	|15,45	|14,1	|19,8	|15,27	|16,14	|15,31	|21,94	|17,83	|20,21	|100	|17,35	|20,87	|
________________________________________________________
16	|3,54	|3,74	|1,82	|4,05	|3,81	|3,81	|1,85	|4,65	|2,7	|3,61	|2,6	|4,55	|2,66	|2,7	|2,6	|100	|21,31	|17,36	|12	|20,87	|17,09	|13,92	|23,13	|14,43	|18,17	|12,68	|13,15	|20,03	|17,8	|0	|12,64	|0	|19,08	|17,16	|19,32	|16,12	|21,71	|13,69	|20,06	|17,06	|19,89	|20,43	|14,36	|0	|16,28	|11,29	|11,06	|17,9	|12,1	|13,18	|19,52	|11,09	|24,98	|18,71	|13,65	|22,12	|16,93	|11,6	|100	|20,36	|15,88	|14,9	|18,11	|14,16	|19,55	|10,62	|20,73	|17,9	|20,47	|17,6	|100	|19,32	|
________________________________________________________
17	|3,75	|4,03	|0	|3,28	|3,34	|3,07	|2,41	|3,47	|1,43	|2,81	|1,94	|3,51	|2,42	|2,8	|2,96	|2,91	|100	|18,19	|13,75	|22,27	|19,72	|13,96	|18,93	|19,04	|19,06	|8,35	|11,95	|16,67	|14,63	|11,09	|17,01	|17,07	|18,75	|16,73	|19,54	|16,98	|16,52	|16,74	|17,72	|15,02	|17,46	|16,6	|16,73	|16,89	|15,01	|0	|13,67	|19,04	|15,1	|12,19	|18,49	|18,89	|24,97	|14,75	|13,1	|18,43	|17,15	|11,95	|16,17	|16,61	|16,63	|14,98	|16,28	|13,85	|16,12	|16,22	|18,76	|15,87	|16,83	|17,01	|16,86	|16,85	|
________________________________________________________
18	|20,3	|3,47	|1,43	|3,3	|3,16	|3,13	|2,21	|3,56	|2,75	|3,25	|2,84	|3,21	|2,45	|3,03	|2,78	|3,12	|23,95	|100	|12,33	|22,8	|19,81	|13,68	|18,97	|18,68	|20,09	|14,74	|11,95	|17,37	|14,89	|11,35	|16,58	|16,71	|18,07	|16,67	|20,3	|16,86	|16,06	|16,59	|17,74	|15,02	|16,45	|16,35	|16,68	|16,93	|0	|8,53	|0	|18,7	|14,91	|12,59	|19,09	|18,8	|18,61	|20,01	|12,18	|18,73	|16,86	|11,93	|16,8	|16,37	|16,51	|15,1	|16,44	|14,23	|16,02	|16,33	|18,45	|15,96	|17,5	|16,82	|16,97	|16,78	|
________________________________________________________
19	|3,38	|3,94	|0	|0	|3,56	|2,99	|2,62	|3,52	|1,71	|3,47	|2,87	|3,84	|2,43	|2,64	|2,8	|2,89	|24,29	|16,54	|100	|20,81	|21,19	|15,29	|18,52	|18,86	|17,83	|9,15	|14,48	|16,22	|14,63	|11,23	|16,24	|16,79	|22,37	|17,03	|19,13	|20,2	|18,03	|18,63	|19,46	|12,99	|16,6	|16,42	|16,35	|16,49	|19,94	|0	|9,82	|0	|16,04	|13,11	|18,37	|18,38	|24,01	|16,64	|13,93	|18,46	|16,76	|11,7	|16,86	|16,77	|19,67	|0	|0	|17,84	|18,15	|18,56	|21,08	|15,8	|16,8	|16,69	|16,8	|17,5	|
________________________________________________________
20	|3,38	|18,52	|2,35	|2,48	|3,41	|3,2	|0	|3,71	|1,66	|3,29	|2,29	|3,76	|2,05	|2,83	|2,63	|3,08	|24,08	|18,72	|12,74	|100	|19,67	|14,07	|18,66	|18,38	|16,44	|10,69	|11,55	|19,43	|11,91	|11,36	|17,03	|16,85	|18	|18,52	|19,51	|16,69	|16,56	|17,35	|17,89	|14,76	|16,91	|16,35	|16,68	|16,61	|19,59	|12,96	|0	|14,47	|0	|13,54	|18,9	|18,49	|22,66	|16,83	|12,33	|21,24	|14,68	|12,58	|16,42	|16,39	|16,04	|14,98	|16,74	|14,24	|16,83	|17,15	|18,72	|16,09	|17,45	|16,99	|16,66	|17,3	|
________________________________________________________
21	|3,94	|4,16	|2,14	|0	|17	|2,7	|1,69	|3,67	|2,09	|3,26	|2,33	|2,7	|3,05	|2,81	|3,39	|2,93	|24,73	|18,87	|15,05	|22,82	|100	|11,85	|18,9	|18,96	|16,84	|10,95	|13,45	|19,3	|17,73	|11,31	|17,21	|16,81	|17,69	|16,54	|19,24	|17,14	|15,81	|16,53	|17,95	|15	|17	|16,13	|17,06	|16,45	|18,89	|12,61	|13,48	|0	|10,41	|0	|19,22	|18,71	|22,61	|16,5	|12,18	|15,48	|21,11	|11,69	|16,57	|16,66	|16,28	|15,19	|16,51	|13,85	|16,22	|16,33	|18,19	|15,96	|17,34	|16,44	|16,91	|16,5	|
________________________________________________________
22	|3,57	|3,88	|1,96	|2,97	|2,78	|2,84	|0	|0	|1,87	|4,37	|2,46	|3,73	|2,52	|3,22	|3,43	|3,36	|24,71	|18,39	|15,32	|23,04	|16,73	|100	|17,52	|19,66	|16,69	|10,84	|12,55	|18,18	|12,8	|13,94	|17,14	|16,56	|17,79	|16,76	|17,74	|19,11	|16,25	|16,31	|21,87	|14,7	|17,03	|19,49	|18,51	|18,26	|19,41	|12,76	|12,68	|19,39	|0	|9,95	|0	|19,97	|22,79	|16,62	|12,24	|20,79	|17,44	|12,13	|16,47	|16,53	|16,41	|15,9	|15,66	|15,88	|16,44	|16,46	|23,23	|0	|0	|19,61	|18,38	|19,02	|
________________________________________________________
23	|4,03	|4,39	|2,06	|2,97	|3,04	|16,27	|2,41	|2,32	|1,75	|2,67	|2,36	|3,46	|2,32	|3,25	|3,02	|4,15	|24,87	|18,92	|13,77	|22,67	|19,79	|13	|100	|19,55	|16,76	|10,16	|12,32	|16,26	|14,78	|9,87	|19,66	|12,03	|17,95	|16,63	|19,38	|16,71	|16,45	|16,49	|17,21	|16,27	|17,01	|16,08	|17,04	|16,84	|19,07	|12,57	|12,49	|18,37	|15,11	|0	|13,06	|0	|22,5	|16,94	|12,55	|18,5	|17,18	|11,55	|21,08	|14,4	|16,5	|15,67	|16,43	|14,1	|16,23	|16,48	|18	|15,89	|16,66	|17,36	|17,27	|17,52	|
________________________________________________________
24	|3,84	|4,25	|1,98	|2,99	|3,56	|3,18	|2,46	|0	|1,86	|2,84	|2,29	|3,19	|2,97	|3,17	|2,94	|2,59	|25,04	|18,66	|14,05	|22,36	|19,88	|14,6	|19,58	|100	|17,04	|11,07	|12,18	|16,81	|15,15	|12,47	|19,26	|18,78	|18,74	|16,59	|19,32	|16,71	|16,43	|16,76	|17,15	|14,6	|16,27	|16,8	|16,47	|16,05	|19,19	|12,18	|12,48	|18,43	|15,15	|14	|0	|8,17	|22,43	|16,49	|12,29	|18,55	|16,79	|11,32	|14,15	|20,79	|16,96	|14,9	|16,65	|14,08	|16,13	|16,69	|18,39	|15,7	|16,86	|16,88	|16,73	|16,7	|
________________________________________________________
25	|4,04	|3,88	|1,41	|2,76	|3,08	|2,66	|2,13	|2,96	|2,27	|3,37	|0	|4,09	|2,81	|3,31	|3,34	|3,22	|24,78	|19,84	|13,13	|19,77	|17,45	|12,26	|16,59	|16,84	|100	|14,65	|14,68	|18,73	|16,44	|12,6	|19,37	|19,28	|17,93	|17,07	|19,53	|17,07	|15	|16,56	|18,01	|14,78	|16,74	|16,49	|16,4	|16,82	|20,26	|8,78	|11,46	|16,78	|13,2	|11,67	|16,58	|17,03	|19,08	|0	|14,47	|21,93	|19,16	|13,32	|19,02	|18,33	|16,81	|15,13	|16,46	|14,19	|16,71	|16,82	|18,69	|15,88	|16,74	|17,38	|16,79	|17,04	|
________________________________________________________
26	|4,71	|3,24	|2,44	|2,9	|2,88	|2,59	|2,21	|3,23	|16,9	|2,83	|1,57	|3,89	|2,85	|3,25	|3,29	|3,49	|16,87	|22,6	|10,46	|19,96	|17,63	|12,37	|15,62	|17	|22,76	|100	|12,75	|19,52	|16,5	|12,12	|18,51	|18,83	|18,62	|16,53	|19,67	|16,91	|16,9	|16,96	|18,43	|15,39	|17,1	|16,1	|16,9	|16,62	|11,48	|15,56	|11,35	|16,8	|13,34	|11,78	|16,64	|17,11	|0	|10,88	|0	|20,96	|19,43	|13,86	|19,34	|19,43	|17,62	|14,49	|16,4	|14,1	|16,1	|16,06	|18,64	|15,97	|17,52	|16,96	|17,09	|16,71	|
________________________________________________________
27	|3,83	|4,2	|2,18	|3,23	|4,47	|2,83	|2,32	|3,51	|1,68	|2,64	|0	|0	|3,13	|2,89	|3,5	|3,2	|21,32	|16,19	|14,63	|19,06	|19,14	|12,65	|16,73	|16,52	|20,15	|11,26	|100	|17,02	|18,53	|13,18	|18,5	|17,91	|20,23	|18,51	|23,32	|16,28	|15,78	|21,55	|17,56	|15,24	|19,21	|14,42	|16,49	|17,16	|16,96	|11,44	|12,17	|16,81	|14,43	|11,72	|16,33	|16,67	|27,07	|0	|10,52	|0	|20,23	|13,59	|18,33	|18,45	|18,65	|17,09	|20,41	|0	|0	|20,98	|19,09	|15,59	|19,06	|16,9	|16,42	|16,85	|
________________________________________________________
28	|3,46	|4,36	|1,87	|3,32	|3,45	|2,88	|1,69	|2,96	|1,96	|17,21	|2,87	|2,7	|3,09	|3,41	|0	|3,53	|21,56	|17,05	|11,88	|23,24	|19,89	|13,28	|16	|16,53	|18,63	|12,49	|12,33	|100	|18,46	|13,45	|18,77	|19,23	|18,01	|16,63	|19,51	|17,21	|16,21	|17,02	|18,16	|14,59	|17,05	|16,26	|16,63	|17,08	|16,69	|11,35	|10,89	|20,1	|11,04	|11,55	|16,66	|16,94	|25,12	|19,1	|0	|14,96	|0	|14,11	|19,08	|19,07	|16,72	|15,59	|16,68	|13,58	|16,36	|16,59	|18,52	|15,97	|17,12	|17,03	|16,66	|17,63	|
________________________________________________________
29	|3,74	|2,97	|1,85	|2,14	|3,41	|2,18	|2,66	|2,95	|2,03	|3,72	|2,43	|0	|16,36	|2,65	|1,9	|3,58	|21,59	|16,68	|12,22	|16,25	|20,85	|10,66	|16,6	|16,99	|18,65	|12,05	|15,32	|21,06	|100	|10,78	|19,19	|19,35	|17,92	|16,62	|20,38	|17,38	|15,71	|16,6	|17,91	|14,68	|16,85	|15,76	|16,36	|17,59	|16,58	|10,73	|12,34	|13,15	|17,57	|11,27	|16,72	|16,96	|25,41	|18,54	|14,8	|0	|11,7	|0	|18,57	|18,84	|16,29	|14,78	|17,59	|12,71	|15,37	|16,42	|18,67	|15,92	|17,23	|17,02	|16,89	|17,05	|
________________________________________________________
30	|3,6	|3,7	|1,88	|2,72	|3,62	|2,8	|2,37	|3,57	|1,9	|3,45	|2,63	|4,07	|2,12	|2,82	|0	|0	|21,69	|16,85	|12,43	|20,55	|17,63	|15,39	|14,69	|18,53	|18,94	|11,73	|14,44	|20,33	|14,28	|100	|17,33	|19,21	|18,63	|16,64	|19,47	|16,26	|14,86	|19,11	|20,01	|16,88	|21,23	|15,94	|16,5	|20,06	|16,59	|11,17	|11,13	|16,69	|13,44	|12,74	|16,45	|18,62	|25,52	|18,17	|13,65	|21,95	|0	|10,25	|0	|19,67	|16,8	|15,18	|16,92	|14,01	|15,87	|18,43	|20,79	|17,78	|20,47	|0	|0	|20,29	|
________________________________________________________
31	|3,25	|3,84	|1,95	|3	|3,06	|3,09	|2,16	|3,75	|2,12	|3,19	|2,72	|3,75	|2,34	|16,84	|3,69	|2,23	|22,02	|16,3	|11,9	|20,4	|17,76	|12,53	|19,37	|18,96	|19,29	|11,87	|13,43	|18,8	|16,84	|11,48	|100	|20,7	|18,22	|16,9	|19,7	|17,22	|17	|17,01	|17,47	|15,1	|16,91	|16,84	|16,74	|16,91	|17,14	|11,49	|11,36	|16,79	|13,03	|11,37	|21,4	|14,46	|25,71	|18,93	|13,61	|20,75	|20,03	|0	|12,32	|0	|16,57	|15,08	|16,63	|14,14	|15,41	|16,32	|18,69	|16,31	|16,64	|17,31	|16,64	|16,87	|
________________________________________________________
32	|3,13	|3,92	|1,73	|2,68	|2,99	|1,81	|2,17	|2,74	|2,27	|3,27	|2,62	|3,85	|3,01	|3,48	|3,72	|0	|22,31	|16,58	|12,42	|20,37	|17,51	|12,23	|11,97	|18,66	|19,38	|12,18	|13,12	|19,44	|17,14	|12,85	|20,9	|100	|18,1	|16,52	|18,59	|16,93	|16,87	|16,6	|17,78	|14,28	|17,01	|16,24	|16,7	|16,24	|16,63	|11,13	|11,36	|16,29	|13,22	|12,75	|14,32	|22,2	|26,18	|19,41	|13,81	|20,84	|19,4	|14,38	|0	|8,55	|16,48	|15,06	|16,88	|14,18	|16,12	|16,55	|18,56	|15,47	|17,28	|17,36	|16,69	|16,62	|
________________________________________________________
33	|4,03	|4,07	|0	|3,28	|2,74	|1,57	|1,67	|3,42	|2,08	|3,09	|2,53	|4,06	|2,28	|3	|2,79	|3,09	|22,21	|16,26	|15,01	|19,72	|16,71	|11,91	|16,19	|16,88	|16,34	|10,92	|13,43	|16,5	|14,39	|11,29	|16,68	|16,41	|100	|18,26	|21,94	|18,83	|18,27	|19	|20,46	|10,06	|17,05	|16,29	|16,31	|17,01	|16,59	|11,37	|13,76	|16,38	|13,21	|12,97	|16,99	|16,26	|22,78	|16,69	|13,59	|19,23	|16,63	|11,43	|16,94	|16,59	|15,15	|0	|18,46	|15,75	|18,95	|18,99	|23,17	|13,96	|16,83	|16,98	|16,43	|16,73	|
________________________________________________________
34	|3,28	|22,06	|1,54	|3,17	|2,8	|3,27	|2,68	|2,7	|2,15	|3,28	|2,45	|3,92	|2,41	|2,9	|2,96	|3,02	|21,55	|16,3	|12,41	|22,06	|16,98	|12,19	|16,3	|16,24	|16,91	|10,54	|13,36	|16,56	|14,5	|10,96	|16,8	|16,27	|19,84	|100	|21,99	|19,25	|18,09	|19,02	|20,44	|17,18	|17,1	|16,13	|16,44	|17,1	|16,48	|11,38	|0	|16,18	|12,9	|11,35	|15,95	|16,36	|22,76	|16,3	|13,47	|18,78	|16,93	|11,99	|16,75	|16,83	|0	|13,16	|18,54	|15,67	|18,96	|18,59	|16,04	|20,02	|17,1	|16,78	|16,7	|17,35	|
________________________________________________________
35	|17,3	|3,7	|2,04	|2,52	|3,35	|2,56	|2,05	|3,89	|2,21	|3,27	|0	|3,96	|2,44	|2,17	|2,49	|2,96	|21,93	|17,3	|12,16	|20,26	|17,22	|11,25	|16,56	|16,49	|16,86	|10,93	|14,67	|16,94	|15,51	|11,18	|17,08	|15,97	|20,79	|19,17	|100	|18,58	|17,98	|19,22	|17,61	|15,17	|19,48	|11,79	|16,58	|16,63	|16,65	|11,07	|0	|16,86	|13,34	|11,67	|16,47	|17,2	|22,31	|16,66	|14,81	|17,68	|17,12	|12,88	|16,49	|16,79	|19,04	|17,17	|15,19	|0	|18,36	|18,45	|18,69	|15,95	|21,43	|14,67	|16,67	|17,18	|
________________________________________________________
36	|3,58	|4,57	|2,16	|0	|3,39	|2,88	|2,13	|2,61	|1,81	|17,12	|2	|4,23	|2,32	|3,39	|3,67	|2,83	|21,86	|16,48	|14,71	|19,87	|17,58	|13,89	|16,37	|16,35	|16,9	|10,77	|11,74	|17,12	|15,16	|10,71	|17,11	|16,67	|20,45	|19,24	|21,31	|100	|18,57	|19,64	|17,81	|14,72	|18,83	|18,99	|16,77	|16,78	|16,61	|11,21	|13,99	|16,62	|13,39	|11,62	|16,46	|16,35	|22,58	|16,55	|0	|19,08	|16,56	|11,6	|16,25	|16,34	|18,42	|17,28	|0	|11,88	|18,82	|19,46	|18,43	|15,74	|14,56	|22	|16,5	|17,21	|
________________________________________________________
37	|3,66	|4,26	|2,05	|2,7	|2,84	|2,81	|1,97	|3,11	|11,27	|2,97	|2,65	|2,93	|2,75	|2,6	|2,68	|3,99	|22,25	|16,43	|13,75	|20,62	|16,97	|12,36	|16,87	|16,82	|15,54	|11,27	|11,91	|16,88	|14,34	|10,24	|17,69	|17,38	|20,77	|18,93	|21,57	|19,43	|100	|18,24	|17,52	|14,98	|17,13	|16,58	|18,58	|11,84	|16,54	|11,55	|12,19	|16,26	|13,24	|11,32	|16,38	|16,56	|22,61	|16,68	|0	|18,3	|16,63	|11,63	|17,36	|16,4	|18,57	|17,3	|18,03	|16,4	|14,62	|0	|18,69	|15,79	|17,04	|16,89	|22,12	|14,58	|
________________________________________________________
38	|3,75	|4,11	|1,86	|3,1	|2,8	|2,67	|2,05	|2,97	|1,96	|3,66	|2,86	|0	|2,68	|3,33	|3,02	|2,41	|21,59	|16,25	|13,6	|20,69	|16,99	|11,88	|16,19	|16,43	|16,43	|10,83	|15,58	|16,97	|14,51	|12,61	|16,95	|16,38	|20,69	|19,05	|22,09	|19,68	|17,46	|100	|17,91	|15,04	|17,35	|16,73	|18,89	|19,22	|16,67	|11,33	|12,31	|16,6	|12,94	|11,72	|16,59	|16,48	|22,28	|16,43	|14,96	|17,8	|16,54	|11,65	|15,93	|16,5	|18,78	|17,13	|18,67	|15,6	|0	|14,86	|18,94	|15,56	|17,07	|17,02	|13,92	|21,87	|
________________________________________________________
39	|3,64	|4,27	|1,49	|2,7	|3,33	|2,79	|0	|3,75	|1,94	|3,21	|2,23	|3,65	|2,72	|3,24	|3,36	|3,35	|21,68	|16,48	|13,48	|20,25	|17,51	|15,11	|16,03	|15,95	|16,94	|11,16	|12,04	|17,19	|14,85	|12,52	|16,5	|16,64	|21,13	|19,42	|19,19	|16,93	|15,91	|16,99	|100	|15,67	|19,27	|18,64	|19,25	|19,57	|16,38	|11,17	|11,34	|16,68	|13,57	|13,93	|16,31	|16,06	|22,07	|16,54	|12,35	|18,65	|17,44	|13,2	|16,42	|15,86	|21,89	|12,41	|16,39	|14,35	|16,4	|16,83	|17,45	|0	|20	|18,97	|18,92	|18,59	|
________________________________________________________
40	|2,85	|4,39	|2,31	|2,75	|3,02	|18,12	|1,74	|3,15	|1,89	|2,86	|2,5	|3,44	|2,77	|3,49	|3,42	|3,41	|21,98	|16,69	|10,76	|19,97	|17,5	|12,14	|18,12	|16,24	|16,63	|11,15	|12,49	|16,51	|14,56	|12,63	|17,06	|15,98	|12,43	|19,52	|19,77	|16,74	|16,27	|17,06	|18,74	|100	|19,33	|18,65	|18,82	|19,03	|16,64	|11,11	|11,02	|16,24	|13,47	|0	|16,46	|15,56	|22,29	|16,46	|12,3	|18,78	|16,84	|13,31	|16,66	|16,59	|13,45	|20,5	|16,35	|14,27	|16,08	|16,41	|0	|13,38	|19,21	|18,95	|18,99	|18,88	|
________________________________________________________
41	|3,78	|3,71	|1,73	|3,63	|17,3	|2,53	|2,35	|2,63	|2,13	|3,28	|1,78	|3,35	|2,95	|3,24	|0	|3,46	|22,28	|15,94	|12	|19,96	|17,3	|12,27	|16,52	|15,78	|16,43	|10,8	|13,74	|16,82	|14,58	|13,86	|16,67	|16,6	|18,37	|16,94	|22,14	|18,67	|16,23	|17,17	|20,1	|16,86	|100	|18,81	|18,95	|19,06	|16,7	|11,23	|11,18	|16,64	|13,19	|0	|16,83	|16,7	|22,39	|16,66	|12,1	|18,74	|17,24	|14,28	|16,64	|16,39	|16,78	|14,75	|21,55	|11,34	|16,09	|16,29	|20,37	|18,22	|14,86	|0	|18,51	|19,35	|
________________________________________________________
42	|2,53	|3,93	|2,03	|2,34	|3,22	|3,29	|2,58	|0	|1,54	|3,58	|3,19	|3,49	|2,45	|17,31	|2,21	|3,71	|22,1	|16,53	|12,38	|20,13	|17,12	|14,65	|16,3	|17,01	|16,89	|10,61	|10,76	|16,74	|14,23	|10,86	|17,31	|16,55	|18,31	|16,68	|13,98	|19,65	|16,39	|17,28	|20,29	|16,97	|19,63	|100	|18,86	|19,24	|16,24	|11,21	|12,68	|16,8	|13,82	|13,87	|16,57	|16,66	|22,84	|16,96	|12,04	|19,05	|16,55	|0	|16,79	|16,59	|16,29	|14,66	|13,75	|19,32	|17,15	|17,03	|20,36	|17,77	|0	|14,18	|19,4	|19,21	|
________________________________________________________
43	|3,51	|3,86	|1,85	|2,67	|3,61	|3,33	|2,24	|3,38	|2,13	|2,99	|2,32	|4,11	|14,61	|2,96	|3,59	|2,58	|22,05	|16,68	|12,2	|20,33	|17,91	|13,77	|17,09	|16,5	|16,62	|11,02	|12,18	|16,95	|14,61	|11,12	|17,03	|16,83	|18,14	|16,82	|19,46	|17,17	|18,17	|19,3	|20,73	|16,95	|19,57	|18,66	|100	|19,1	|16,28	|11,25	|11,36	|16,26	|12,95	|12,78	|16,65	|16,4	|22,03	|16,24	|12,27	|18,38	|17,37	|0	|16,45	|16,8	|16,93	|15,08	|15,95	|14,28	|20,99	|13,84	|21,57	|18,01	|19,4	|19,09	|14,62	|0	|
________________________________________________________
44	|3,24	|3,76	|1,84	|2,7	|3,27	|2,9	|2,38	|3,35	|1,22	|3,16	|2,53	|2,83	|2,88	|3,66	|3,55	|0	|21,97	|16,72	|12,14	|19,98	|17,06	|13,42	|16,67	|15,87	|16,82	|10,7	|12,51	|17,18	|15,51	|13,35	|16,99	|16,16	|18,67	|17,27	|19,27	|16,96	|11,43	|19,39	|20,8	|16,91	|19,43	|18,79	|18,85	|100	|16,14	|11,56	|11	|16,7	|13,2	|12,87	|16,35	|16,29	|22,98	|16,55	|13,14	|17,99	|16,97	|14,43	|16,03	|16,18	|16,84	|15,02	|16,51	|13,81	|14,2	|21,4	|20,89	|18,5	|19,38	|19,62	|0	|14,21	|
________________________________________________________
45	|0	|4,38	|2,12	|3,22	|3,21	|3,18	|2,37	|3,63	|1,15	|2,76	|2,57	|3,79	|2,35	|2,8	|2,71	|2,9	|19,58	|0	|14,73	|23,64	|19,64	|14,3	|18,94	|19,03	|20,32	|7,41	|12,4	|16,84	|14,66	|11,07	|17,27	|16,6	|18,27	|16,69	|19,35	|16,84	|16,02	|16,86	|17,47	|14,83	|17,08	|15,91	|16,12	|16,18	|100	|13,7	|13,49	|18,79	|14,63	|12,38	|19,01	|18,94	|26,27	|19,36	|13,19	|18,78	|16,76	|11,87	|16,57	|16,45	|16,93	|15,18	|16,39	|13,52	|16,4	|16,56	|18,74	|15,96	|16,85	|16,6	|16,78	|16,64	|
________________________________________________________
46	|2,37	|4,18	|15,57	|3,08	|3,5	|3,01	|2,18	|3,59	|2,76	|2,91	|2,93	|3,11	|2,36	|2,95	|2,98	|2,99	|0	|12,56	|0	|23,26	|19,51	|13,98	|18,56	|17,96	|13,11	|14,95	|12,44	|17,03	|14,11	|11,09	|17,21	|16,52	|18,62	|17,14	|19,13	|16,9	|16,64	|17,04	|17,71	|14,73	|17,07	|16,33	|16,57	|17,24	|20,38	|100	|11,36	|18,61	|14,78	|12,93	|19,31	|18,68	|17,7	|20,27	|11,19	|18,88	|16,86	|11,98	|16,48	|16,36	|16,92	|15,57	|16,44	|13,99	|16,44	|17,29	|18,58	|15,83	|16,81	|16,63	|16,57	|16,93	|
________________________________________________________
47	|0	|0	|1,64	|2,76	|3,72	|3,09	|2,7	|3,02	|2,09	|3,43	|2,93	|3,6	|2,79	|3,26	|4,34	|2,94	|26,66	|0	|10,84	|0	|20,95	|13,97	|18,55	|18,51	|17,18	|10,96	|13,3	|16,42	|16,31	|11,1	|17,11	|16,95	|22,65	|0	|0	|21,2	|17,65	|18,61	|18,08	|14,69	|17,09	|18,57	|16,81	|16,49	|20,16	|11,41	|100	|16,5	|16,78	|14,1	|18,36	|17,79	|22,17	|16,71	|14,04	|17,5	|19,11	|11,89	|16,32	|16,73	|20,03	|15,35	|15,98	|17,7	|17,8	|18,65	|18,73	|15,92	|14,96	|18,7	|16,66	|16,38	|
________________________________________________________
48	|4,26	|3,06	|1,57	|16,45	|0	|3,06	|2,36	|3,54	|2,08	|3,29	|2,26	|3,92	|1,74	|2,97	|3,65	|3,22	|25,12	|18,73	|0	|17,65	|0	|14,44	|18,45	|18,48	|17,02	|10,97	|12,43	|20,51	|11,76	|11,26	|17,11	|16,44	|18,24	|16,57	|19,81	|17,03	|15,92	|16,98	|17,98	|14,64	|17,2	|16,64	|16,28	|16,93	|19	|12,65	|11,16	|100	|15,95	|14,13	|19,2	|18,61	|22,48	|16,44	|12,23	|21,61	|20,45	|12,54	|16,39	|16,62	|17,14	|14,83	|16,45	|13,75	|16,12	|16,33	|18,26	|15,9	|16,54	|16,92	|16,45	|16,65	|
________________________________________________________
49	|4,25	|0	|2,14	|3,33	|2,39	|3,31	|15,73	|3,14	|2,12	|2,43	|2,33	|2,51	|3,27	|2,95	|3,28	|2,7	|24,73	|18,53	|14,87	|0	|13,59	|0	|18,84	|18,87	|16,62	|10,81	|13,24	|13,98	|19,51	|11,26	|16,48	|16,57	|18,26	|16,4	|19,46	|17,04	|16,09	|16,43	|18,16	|15,08	|16,93	|17	|16,1	|16,62	|18,36	|12,48	|14,09	|19,8	|100	|11,85	|19,59	|18,77	|22,49	|16,59	|12,39	|14,02	|19,96	|10,92	|16,45	|16,37	|16,35	|14,23	|16,25	|13,28	|15,81	|16,32	|18,74	|15,73	|17,01	|16,72	|16,63	|16,75	|
________________________________________________________
50	|3,82	|4,42	|1,81	|3,3	|0	|0	|2,24	|3,03	|1,97	|2,89	|2,29	|3,26	|2,72	|3,48	|3,4	|3,42	|23,2	|18,19	|14,12	|23,82	|0	|10,69	|0	|20,25	|17,07	|11,09	|12,5	|16,99	|14,53	|12,4	|16,7	|18,57	|20,83	|16,77	|19,79	|17,18	|16	|17,29	|21,66	|0	|0	|19,82	|18,46	|18,82	|18,06	|12,68	|13,76	|20,39	|13,77	|100	|16,97	|20,29	|22,87	|16,77	|11,93	|18,66	|16,62	|15,2	|15,3	|18,45	|19,24	|12,76	|16,74	|14,05	|16,29	|17,33	|22,83	|16,64	|17,19	|20,84	|18,93	|19,09	|
________________________________________________________
51	|3,68	|4,14	|1,95	|3,29	|3,66	|2,18	|2,15	|18,19	|1,83	|2,93	|2,21	|3,32	|2,37	|3,73	|2,82	|3,48	|24,16	|18,94	|13,59	|22,84	|20,02	|0	|12,99	|0	|16,66	|10,76	|11,96	|16,84	|14,81	|11	|21,6	|14,32	|18,74	|16,19	|19,17	|16,71	|15,89	|16,8	|17,42	|14,7	|17,23	|16,26	|16,51	|16,42	|19,05	|13	|12,3	|19,02	|15,63	|11,65	|100	|20,31	|22,69	|16,51	|12,03	|18,62	|17,06	|11,8	|19,51	|18,43	|16,71	|14,96	|16,32	|13,89	|16,24	|16,63	|18,76	|16,24	|18,19	|16,44	|16,8	|16,66	|
________________________________________________________
52	|3,8	|3,88	|1,98	|2,89	|3,34	|0	|2,59	|3,62	|1,75	|2,87	|2,17	|3,34	|2,72	|2,44	|2,85	|1,98	|24,7	|18,66	|13,61	|22,36	|19,5	|14,74	|0	|8,12	|17,12	|11,07	|12,22	|17,13	|15,02	|12,45	|14,6	|22,2	|17,94	|16,61	|20,03	|16,61	|16,08	|16,7	|17,16	|13,91	|17,11	|16,35	|16,27	|16,37	|18,98	|12,58	|11,93	|18,44	|14,99	|13,94	|20,32	|100	|22,65	|16,49	|12,05	|18,41	|17,14	|11,58	|11,66	|18,94	|16,46	|15,69	|16,14	|13,79	|16,37	|16,88	|18,37	|15,82	|16,38	|16,73	|16,42	|16,61	|
________________________________________________________
53	|2,65	|4,03	|1,37	|2,59	|2,95	|2,64	|2,05	|3,06	|0	|3,35	|2,76	|3,91	|2,75	|3,26	|3,28	|3,29	|24,08	|13,63	|13,12	|20,21	|17,38	|12,42	|16,52	|16,45	|14,15	|0	|14,64	|18,74	|16,61	|12,59	|19,15	|19,32	|18,54	|17,05	|19,17	|16,93	|16,2	|16,67	|17,4	|14,7	|16,93	|16,55	|16,13	|17,04	|19,43	|8,8	|10,97	|16,44	|13,25	|11,59	|16,75	|16,71	|100	|19,35	|13,53	|21,18	|19,03	|13,61	|18,82	|19,33	|16,53	|15,11	|16,36	|14,02	|16,4	|16,59	|18,85	|16,11	|17,27	|16,85	|16,64	|16,58	|
________________________________________________________
54	|4,27	|3,62	|2,15	|2,69	|2,77	|2,81	|2,03	|3,06	|1,21	|3,49	|13,69	|3,53	|2,6	|3,28	|3,23	|3,34	|19,28	|19,87	|12,31	|20,34	|17,19	|12,27	|16,85	|16,39	|0	|7,04	|0	|19,31	|16,43	|12,15	|19,11	|19,41	|18,42	|16,55	|19,4	|16,81	|16,19	|16,65	|17,68	|14,7	|17,06	|16,65	|16,11	|16,64	|19,4	|13,66	|11,2	|16,29	|13,24	|11,52	|16,52	|16,49	|26,22	|100	|12,5	|21,78	|19,13	|13,59	|19,02	|18,83	|16,55	|14,93	|16,56	|13,69	|16,39	|16,17	|18,92	|16,19	|17,26	|16,67	|16,84	|16,89	|
________________________________________________________
55	|4,04	|4	|1,89	|3,45	|3	|2,78	|2,19	|2,97	|0	|0	|2,15	|3,49	|2,97	|3,12	|3,86	|3,32	|23,36	|16,49	|14,06	|20,34	|17,32	|12,32	|17,04	|16,65	|19,84	|0	|10,51	|0	|17,88	|12,45	|18,74	|18,84	|20,45	|18,65	|23,53	|0	|0	|20,68	|18	|14,99	|16,91	|16,13	|16,6	|18,01	|18,03	|10,28	|12,84	|16,53	|13,49	|11,18	|16,42	|16,44	|25,01	|17,05	|100	|19,38	|20,54	|14,43	|18,71	|18,79	|18,83	|16,5	|20,41	|14,23	|16,13	|19,46	|18,12	|15,4	|17,17	|17,18	|15,01	|18,1	|
________________________________________________________
56	|3,05	|4,41	|1,63	|3,2	|2,72	|3,05	|1,57	|3,02	|2,32	|2,55	|2,58	|18,18	|0	|3,51	|3,68	|3,54	|21,62	|16,69	|12,26	|23,05	|14,48	|13,78	|16,52	|16,55	|19,79	|12,17	|0	|13,58	|0	|13,17	|18,8	|18,71	|19,04	|17,11	|18,48	|17,39	|15,94	|16,2	|17,89	|15,06	|17,23	|16,79	|16,37	|16,23	|16,89	|11,42	|10,53	|19,22	|10,05	|11,5	|16,73	|16,53	|25,76	|19,55	|12,76	|100	|20,91	|13,51	|19,14	|19,18	|16,54	|15,09	|15,64	|14,84	|18,18	|16,31	|18,52	|16,12	|16,62	|17,16	|17,12	|17,1	|
________________________________________________________
57	|3,17	|3,31	|1,98	|3,45	|3,93	|2,68	|2,29	|2,95	|2,2	|0	|2,63	|4,14	|1,62	|3,58	|17,02	|2,95	|21,92	|16,36	|12,13	|17,35	|21,52	|12,59	|16,72	|16,32	|18,83	|12,3	|14,49	|0	|10,13	|0	|19,78	|18,97	|17,94	|16,8	|19,5	|16,45	|15,78	|16,4	|18,23	|14,71	|17,27	|15,89	|16,85	|16,68	|16,43	|11,11	|12,53	|19,82	|15,58	|11,16	|16,69	|16,76	|25,21	|18,71	|14,73	|22,79	|100	|12,63	|18,98	|18,8	|16,26	|14,85	|17,15	|13,56	|15,95	|16,09	|18,98	|15,56	|17,35	|17,02	|16,7	|15,99	|
________________________________________________________
58	|3,38	|3,62	|1,75	|3,8	|3,62	|3,06	|2,29	|3,59	|1,93	|3,07	|2,34	|3,89	|0	|0	|3,26	|2,88	|21,75	|16,48	|12,05	|21,16	|16,95	|12,46	|16	|15,65	|18,63	|12,48	|13,86	|19,85	|0	|9,54	|0	|20,02	|17,54	|16,93	|20,88	|16,4	|15,71	|16,44	|19,63	|16,55	|20,36	|0	|0	|20,18	|16,55	|11,23	|11,09	|17,29	|12,14	|14,53	|16,42	|16,12	|25,67	|18,92	|14,72	|20,94	|17,98	|100	|17,24	|19,54	|16,02	|15,36	|18,41	|11,88	|15,84	|15,66	|20,77	|18,27	|20,67	|16,92	|16,76	|20,35	|
________________________________________________________
59	|3,29	|3,66	|1,65	|2,81	|3	|3,26	|1,92	|3,74	|2,19	|3,39	|2,65	|3,81	|2,93	|2,1	|2,98	|17,92	|21,23	|16,74	|12,53	|19,94	|17,34	|12,21	|21,07	|14,12	|19,2	|12,57	|13,49	|19,37	|16,53	|0	|12,49	|0	|18,77	|17,08	|19,28	|16,58	|16,93	|16,22	|17,62	|14,95	|17,12	|16,56	|16,39	|16,18	|16,68	|11,15	|10,99	|16,31	|13,19	|10,55	|19,6	|11,71	|25,61	|19,1	|13,78	|21,42	|19,49	|12,44	|100	|20,73	|16,4	|14,86	|16,22	|14,24	|16,04	|16,14	|18,95	|16,04	|17,51	|16,99	|17,92	|16,36	|
________________________________________________________
60	|3,57	|3,76	|1,57	|2,56	|2,85	|2,4	|2,31	|3,41	|1,94	|3,36	|2,6	|3,88	|2,98	|0	|3,66	|3,64	|21,76	|16,29	|12,44	|19,86	|17,41	|12,23	|14,36	|20,72	|18,47	|12,61	|13,55	|19,32	|16,73	|13,19	|0	|8,57	|18,35	|17,13	|19,59	|16,64	|15,95	|16,76	|16,99	|14,86	|16,83	|16,33	|16,71	|16,3	|16,52	|11,04	|11,24	|16,51	|13,1	|12,7	|18,48	|18,98	|26,26	|18,88	|13,81	|21,41	|19,27	|14,08	|20,69	|100	|17,06	|14,69	|16,2	|13,74	|16	|16,4	|18,41	|16,08	|17,26	|16,48	|16,81	|16,36	|
________________________________________________________
61	|4,07	|0	|1,84	|3,36	|2,84	|2,13	|2,41	|3,75	|1,96	|3,34	|2,64	|3,72	|2,39	|2,67	|2,69	|2,83	|21,71	|16,37	|14,54	|19,38	|16,94	|12,1	|16,4	|16,84	|16,88	|11,39	|13,65	|16,89	|14,42	|11,22	|16,71	|16,47	|16,7	|0	|22,15	|18,69	|18	|19,01	|23,37	|12	|17,17	|15,98	|16,78	|16,9	|16,95	|11,39	|13,41	|16,97	|13,04	|13,21	|16,7	|16,44	|22,37	|16,53	|13,79	|18,41	|16,61	|11,5	|16,31	|17	|100	|16,7	|19,06	|15,6	|18,55	|18,72	|21,5	|18,74	|17,6	|16,65	|16,8	|16,71	|
________________________________________________________
62	|3,72	|3,19	|11,59	|2,69	|2,93	|3,77	|2,33	|2,87	|1,87	|3,6	|2,59	|3,66	|2,49	|2,9	|2,71	|2,94	|21,64	|16,56	|0	|20,01	|17,49	|12,98	|17,23	|16,37	|16,81	|10,36	|13,84	|17,42	|14,48	|11,22	|16,82	|16,64	|0	|14,76	|22,1	|19,4	|18,56	|19,18	|14,65	|20,24	|16,7	|15,91	|16,54	|16,68	|16,81	|11,59	|11,37	|16,25	|12,56	|9,69	|16,54	|17,34	|22,63	|16,5	|13,37	|18,59	|16,78	|12,2	|16,35	|16,19	|18,47	|100	|19,4	|15,68	|18,53	|18,98	|12,92	|18,25	|17,46	|16,47	|17	|16,93	|
________________________________________________________
63	|2,96	|4,36	|1,56	|16,33	|3,81	|2,49	|2,07	|3,41	|2,19	|0	|2,45	|3,75	|2,51	|2,43	|3,45	|3,24	|21,32	|16,35	|0	|20,28	|17,23	|11,58	|16,38	|16,58	|16,58	|10,64	|14,98	|16,9	|15,61	|11,33	|16,82	|16,91	|20,4	|18,86	|17,72	|0	|17,53	|18,96	|17,55	|14,63	|22,11	|13,53	|15,85	|16,62	|16,45	|11,1	|10,73	|16,33	|13	|11,52	|16,35	|16,17	|22,21	|16,59	|14,99	|17,46	|17,56	|13,25	|16,18	|16,19	|19,12	|17,59	|100	|15,52	|17,77	|18,55	|18,3	|16,29	|20,22	|19,58	|16,11	|16,5	|
________________________________________________________
64	|0	|4,53	|2,2	|3,09	|2,44	|3,09	|1,92	|1,86	|2,15	|2,43	|16,3	|3,55	|2,16	|3,86	|3,17	|3,01	|21,57	|16,83	|15,72	|20,5	|17,19	|13,96	|16,71	|16,67	|16,99	|10,87	|0	|16,35	|13,41	|11,16	|17	|16,89	|20,69	|18,95	|0	|14,37	|18,95	|18,83	|18,26	|15,18	|13,83	|22,59	|16,87	|16,53	|16,13	|11,22	|14,13	|16,22	|12,63	|11,5	|16,55	|16,42	|22,62	|16,3	|12,43	|19,69	|16,52	|10,16	|16,89	|16,33	|18,6	|16,9	|18,45	|100	|18,96	|18,75	|18,4	|15,9	|10,88	|19,49	|17,03	|16,37	|
________________________________________________________
65	|3,77	|4,47	|1,87	|2,99	|2,99	|2,52	|1,97	|2,81	|1,68	|3,71	|2,34	|20,63	|2,96	|2,69	|2,86	|3,55	|21,46	|16,19	|13,68	|20,73	|17,21	|12,36	|16,44	|16,33	|17,11	|10,61	|0	|16,84	|13,87	|10,8	|15,84	|16,42	|21,29	|19,6	|21,77	|19,47	|14,45	|0	|17,84	|14,63	|16,79	|17,14	|21,2	|14,53	|16,73	|11,28	|12,15	|16,27	|12,85	|11,4	|16,54	|16,67	|22,62	|16,69	|12,04	|20,63	|16,61	|11,59	|16,26	|16,25	|18,91	|17,07	|18,06	|16,21	|100	|18,38	|18,67	|15,84	|16,37	|16,68	|19,19	|19,39	|
________________________________________________________
66	|3,56	|4,34	|2,04	|2,94	|2,75	|2,71	|1,95	|2,91	|0	|3,75	|2,76	|3,61	|1,84	|3,26	|2,67	|1,9	|21,28	|16,26	|13,78	|20,8	|17,08	|12,19	|16,45	|16,64	|16,96	|10,43	|15,42	|16,82	|14,6	|12,36	|16,53	|16,61	|21,02	|18,93	|21,56	|19,83	|0	|15,11	|18,04	|14,71	|16,74	|16,77	|13,78	|21,58	|16,65	|11,69	|12,54	|16,24	|13,07	|11,94	|16,7	|16,94	|22,55	|16,23	|14,31	|18,23	|16,51	|11,29	|16,12	|16,42	|18,8	|17,23	|18,57	|15,8	|18,11	|100	|18,3	|15,68	|16,74	|16,45	|11,82	|19,38	|
________________________________________________________
67	|3,7	|3,33	|1,2	|2,55	|3,31	|0	|2,36	|3,95	|1,8	|2,74	|2,32	|3,41	|2,8	|3,09	|3,41	|3,3	|21,89	|16,34	|13,93	|20,2	|16,92	|15,3	|15,99	|16,31	|16,77	|10,77	|12,48	|16,71	|14,77	|12,41	|16,85	|16,57	|22,82	|14,53	|19,42	|16,71	|16,19	|17,13	|16,64	|0	|18,62	|17,84	|19,11	|18,74	|16,77	|11,17	|11,2	|16,15	|13,35	|14	|16,75	|16,39	|22,8	|16,89	|11,86	|18,42	|17,32	|13,32	|16,85	|16,39	|19,21	|10,43	|16,3	|13,79	|16,36	|16,28	|100	|18,05	|20,23	|19,52	|19,32	|18,98	|
________________________________________________________
68	|3,29	|4,74	|1,86	|2,72	|3,42	|2,3	|13,05	|3,18	|1,81	|2,77	|2,38	|3,32	|2,75	|3,26	|3,22	|3,32	|21,56	|16,46	|12,15	|20,21	|17,28	|0	|16,43	|16,21	|16,59	|10,74	|11,87	|16,78	|14,66	|12,36	|17,11	|16,08	|16	|21,12	|19,3	|16,62	|15,92	|16,39	|0	|12,42	|19,39	|18,13	|18,57	|19,32	|16,62	|11,08	|11,09	|16,38	|13,05	|11,88	|16,89	|16,44	|22,68	|16,82	|11,73	|18,66	|16,54	|13,64	|16,6	|16,67	|19,49	|17,16	|16,89	|13,87	|16,17	|16,24	|21,02	|100	|19,62	|19,14	|19,18	|19,36	|
________________________________________________________
69	|4,21	|3,64	|1,48	|2,87	|2,56	|3,05	|2,14	|17,64	|2,06	|2,5	|1,43	|3,37	|2,97	|0	|3,41	|3,54	|21,33	|16,84	|12,05	|20,46	|17,52	|0	|16,07	|16,25	|16,32	|10,99	|13,54	|16,78	|14,81	|13,27	|16,29	|16,76	|18,01	|16,83	|24,2	|14,34	|16,03	|16,78	|20,72	|16,64	|14,76	|0	|18,67	|18,88	|16,37	|10,98	|9,72	|15,9	|13,17	|11,45	|17,64	|15,89	|22,69	|16,73	|12,21	|17,95	|17,2	|14,4	|16,9	|16,7	|17,08	|15,31	|19,57	|8,86	|15,59	|16,18	|21,97	|18,31	|100	|19,23	|18,55	|18,85	|
________________________________________________________
70	|2,92	|3,49	|1,87	|3,06	|0	|3,3	|2,64	|3,42	|1,77	|3,75	|2,38	|3,37	|2,95	|2,37	|17,16	|3,09	|21,91	|16,45	|12,18	|20,25	|16,89	|14,27	|17,03	|16,53	|17,22	|10,82	|12,21	|16,97	|14,87	|0	|17,23	|17,11	|18,47	|16,8	|16,84	|22,02	|16,16	|17	|19,98	|16,69	|0	|13,72	|18,67	|19,43	|16,39	|11,04	|12,35	|16,53	|13,16	|14,11	|16,21	|16,49	|22,5	|16,43	|12,41	|18,85	|17,16	|11,99	|16,68	|16,2	|16,43	|14,68	|19,27	|16,13	|16,14	|16,16	|21,56	|18,16	|19,55	|100	|19,64	|19,43	|
________________________________________________________
71	|3,49	|3,68	|1,73	|2,53	|3,43	|3,11	|2,32	|3,52	|2,51	|2,85	|1,98	|3,89	|2,12	|3,43	|3	|17,75	|21,93	|16,76	|12,37	|20,04	|17,53	|13,5	|17,1	|16,54	|16,8	|11,01	|11,97	|16,76	|14,89	|0	|16,72	|16,61	|18,04	|16,87	|19,32	|16,67	|21,37	|14,03	|20,11	|16,88	|18,86	|18,95	|14,43	|0	|16,73	|11,11	|11,11	|16,22	|13,21	|12,94	|16,72	|16,34	|22,44	|16,76	|10,95	|18,98	|17	|11,98	|17,75	|16,69	|16,73	|15,31	|16	|14,23	|18,75	|11,72	|21,54	|18,36	|19,03	|19,83	|100	|19,12	|
________________________________________________________
72	|3,51	|3,78	|1,95	|2,62	|3,32	|3,12	|2,48	|3,48	|1,45	|3,18	|2,45	|3,89	|0	|3,38	|3,59	|3,4	|21,74	|16,45	|12,78	|20,65	|16,97	|13,86	|17,21	|16,38	|16,91	|10,68	|12,18	|17,6	|14,91	|13,39	|16,81	|16,41	|18,22	|17,39	|19,75	|17,26	|13,96	|21,88	|19,61	|16,65	|19,56	|18,62	|0	|14,09	|16,46	|11,26	|10,84	|16,29	|13,2	|12,94	|16,46	|16,4	|22,18	|16,68	|13,1	|18,8	|16,14	|14,43	|16,08	|16,11	|16,51	|15,12	|16,26	|13,57	|18,8	|19,07	|20,99	|18,39	|19,19	|19,46	|18,96	|100	|
________________________________________________________
