0	|1	|2	|3	|4	|5	|6	|7	|8	|9	|10	|11	|12	|13	|14	|15	|16	|17	|18	|19	|20	|21	|22	|23	|24	|25	|26	|27	|28	|29	|30	|31	|32	|33	|34	|35	|36	|37	|38	|39	|40	|41	|42	|43	|44	|45	|46	|47	|48	|49	|50	|51	|52	|53	|54	|55	|56	|57	|58	|59	|60	|61	|62	|63	|64	|65	|66	|67	|68	|69	|70	|71	|72	|
1	|3350	|99	|51	|101	|129	|91	|96	|147	|132	|116	|0	|117	|96	|82	|79	|105	|814	|3350	|416	|679	|682	|438	|666	|634	|675	|507	|467	|581	|551	|400	|546	|521	|739	|554	|3350	|604	|591	|632	|647	|423	|644	|413	|579	|542	|0	|265	|0	|702	|564	|436	|612	|631	|596	|710	|493	|565	|539	|404	|544	|592	|677	|559	|491	|0	|615	|590	|690	|526	|722	|493	|583	|592	|
________________________________________________________
2	|99	|3723	|83	|105	|131	|157	|0	|116	|66	|161	|91	|178	|82	|113	|105	|111	|876	|572	|485	|3723	|720	|476	|727	|703	|649	|349	|512	|733	|437	|411	|645	|652	|746	|3723	|717	|772	|687	|693	|758	|652	|632	|642	|637	|628	|729	|468	|0	|505	|0	|505	|688	|645	|907	|602	|488	|816	|563	|433	|606	|624	|0	|480	|723	|632	|730	|720	|620	|759	|624	|589	|615	|637	|
________________________________________________________
3	|51	|83	|1744	|31	|65	|73	|45	|55	|48	|70	|70	|50	|50	|67	|84	|54	|0	|236	|0	|472	|371	|241	|341	|328	|236	|263	|265	|315	|272	|209	|328	|288	|0	|260	|395	|365	|331	|314	|265	|343	|294	|332	|305	|307	|353	|1744	|183	|259	|284	|207	|325	|330	|309	|358	|231	|302	|336	|209	|273	|261	|306	|1744	|259	|307	|306	|338	|224	|297	|254	|316	|289	|328	|
________________________________________________________
4	|101	|105	|31	|2710	|0	|84	|61	|102	|66	|0	|62	|115	|58	|69	|110	|120	|712	|544	|0	|498	|0	|364	|491	|494	|462	|312	|394	|558	|315	|302	|503	|446	|602	|535	|487	|0	|435	|522	|480	|409	|619	|382	|440	|451	|537	|345	|308	|2710	|442	|377	|548	|480	|583	|447	|420	|593	|587	|454	|465	|425	|560	|405	|2710	|431	|489	|487	|475	|436	|492	|517	|422	|441	|
________________________________________________________
5	|129	|131	|65	|0	|2946	|75	|62	|108	|77	|95	|53	|88	|114	|100	|0	|113	|725	|521	|438	|686	|2946	|341	|503	|588	|515	|310	|545	|580	|503	|402	|514	|498	|502	|472	|648	|573	|459	|472	|591	|449	|2946	|526	|595	|547	|534	|392	|415	|0	|317	|0	|608	|556	|665	|460	|366	|503	|668	|432	|497	|472	|473	|441	|633	|340	|488	|455	|617	|548	|439	|0	|573	|560	|
________________________________________________________
6	|91	|157	|73	|84	|75	|2692	|64	|75	|49	|106	|89	|94	|71	|124	|103	|113	|667	|516	|368	|644	|467	|348	|2692	|525	|445	|279	|345	|484	|321	|311	|518	|301	|288	|552	|496	|487	|454	|450	|496	|2692	|431	|537	|549	|484	|530	|337	|344	|505	|439	|0	|362	|0	|594	|467	|339	|565	|455	|365	|540	|398	|355	|567	|413	|432	|411	|449	|0	|368	|523	|556	|520	|525	|
________________________________________________________
7	|96	|0	|45	|61	|62	|64	|2088	|63	|40	|52	|42	|43	|66	|77	|87	|55	|523	|364	|323	|0	|292	|0	|399	|407	|356	|238	|283	|284	|392	|263	|363	|361	|307	|452	|396	|360	|318	|346	|0	|258	|401	|421	|370	|398	|395	|244	|301	|389	|2088	|256	|357	|430	|463	|338	|267	|290	|390	|274	|318	|383	|401	|351	|344	|268	|322	|323	|440	|2088	|367	|445	|388	|417	|
________________________________________________________
8	|147	|116	|55	|102	|108	|75	|63	|3025	|73	|77	|44	|104	|87	|0	|99	|138	|754	|587	|433	|745	|636	|0	|384	|0	|494	|348	|427	|497	|435	|397	|630	|455	|627	|456	|753	|441	|502	|500	|667	|468	|448	|0	|558	|560	|604	|402	|337	|583	|417	|346	|3025	|602	|689	|508	|362	|559	|502	|429	|619	|566	|624	|432	|566	|259	|459	|483	|735	|508	|3025	|577	|588	|586	|
________________________________________________________
9	|132	|66	|48	|66	|77	|49	|40	|73	|1818	|44	|39	|66	|59	|50	|58	|80	|311	|454	|211	|333	|362	|229	|289	|307	|380	|1818	|205	|330	|299	|211	|356	|378	|381	|363	|428	|305	|1818	|331	|344	|280	|362	|252	|351	|204	|191	|309	|233	|343	|281	|225	|305	|291	|0	|202	|0	|430	|374	|231	|363	|321	|326	|281	|364	|300	|275	|0	|335	|290	|354	|298	|420	|244	|
________________________________________________________
10	|116	|161	|70	|0	|95	|106	|52	|77	|44	|2892	|82	|115	|92	|122	|0	|107	|611	|536	|427	|662	|564	|536	|442	|469	|564	|305	|322	|2892	|548	|383	|536	|543	|566	|554	|634	|2892	|480	|616	|571	|425	|558	|585	|494	|528	|460	|326	|382	|542	|322	|330	|487	|477	|755	|580	|0	|472	|0	|367	|561	|558	|556	|542	|0	|339	|605	|621	|511	|443	|429	|633	|476	|535	|
________________________________________________________
11	|0	|91	|70	|62	|53	|89	|42	|44	|39	|82	|2276	|88	|50	|107	|87	|77	|421	|468	|353	|461	|404	|302	|391	|379	|0	|169	|0	|483	|358	|292	|456	|435	|465	|414	|0	|338	|427	|482	|397	|371	|303	|521	|383	|423	|429	|328	|327	|373	|309	|261	|368	|360	|621	|2276	|262	|477	|448	|280	|438	|432	|440	|389	|406	|2276	|382	|458	|433	|380	|245	|402	|331	|412	|
________________________________________________________
12	|117	|178	|50	|115	|88	|94	|43	|104	|66	|115	|88	|3368	|0	|109	|138	|135	|763	|529	|472	|756	|467	|458	|573	|527	|683	|419	|0	|454	|0	|452	|630	|640	|744	|662	|766	|715	|473	|0	|648	|511	|571	|570	|678	|473	|632	|348	|401	|646	|333	|372	|552	|555	|880	|587	|425	|3368	|704	|465	|631	|643	|619	|551	|623	|496	|3368	|599	|635	|531	|577	|568	|650	|655	|
________________________________________________________
13	|96	|82	|50	|58	|114	|71	|66	|87	|59	|92	|50	|0	|2410	|59	|61	|79	|527	|405	|299	|412	|529	|309	|384	|490	|470	|307	|381	|520	|2410	|236	|393	|500	|418	|406	|472	|391	|443	|452	|483	|411	|502	|400	|2410	|481	|392	|264	|311	|287	|434	|311	|395	|453	|619	|433	|362	|0	|275	|0	|485	|495	|398	|374	|416	|301	|483	|305	|522	|440	|510	|498	|354	|0	|
________________________________________________________
14	|82	|113	|67	|69	|100	|124	|77	|0	|50	|122	|107	|109	|59	|2826	|88	|80	|608	|500	|325	|569	|486	|395	|537	|524	|553	|350	|352	|573	|390	|313	|2826	|579	|551	|490	|420	|573	|419	|561	|575	|518	|552	|2826	|489	|611	|467	|330	|363	|490	|392	|397	|620	|405	|735	|545	|380	|650	|608	|0	|347	|0	|445	|437	|404	|539	|440	|540	|576	|522	|0	|400	|573	|569	|
________________________________________________________
15	|79	|105	|84	|110	|0	|103	|87	|99	|58	|0	|87	|138	|61	|88	|2894	|77	|643	|458	|345	|528	|588	|421	|500	|486	|559	|354	|426	|0	|280	|0	|620	|619	|512	|499	|483	|620	|433	|509	|597	|508	|0	|360	|593	|593	|452	|334	|484	|601	|435	|388	|469	|474	|739	|537	|470	|682	|2894	|389	|493	|607	|447	|408	|573	|442	|467	|443	|635	|516	|585	|2894	|502	|604	|
________________________________________________________
16	|105	|111	|54	|120	|113	|113	|55	|138	|80	|107	|77	|135	|79	|80	|77	|2966	|632	|515	|356	|619	|507	|413	|686	|428	|539	|376	|390	|594	|528	|0	|375	|0	|566	|509	|573	|478	|644	|406	|595	|506	|590	|606	|426	|0	|483	|335	|328	|531	|359	|391	|579	|329	|741	|555	|405	|656	|502	|344	|2966	|604	|471	|442	|537	|420	|580	|315	|615	|531	|607	|522	|2966	|573	|
________________________________________________________
17	|814	|876	|0	|712	|725	|667	|523	|754	|311	|611	|421	|763	|527	|608	|643	|632	|21733	|3953	|2989	|4841	|4285	|3033	|4115	|4138	|4143	|1815	|2597	|3623	|3180	|2411	|3696	|3710	|4074	|3637	|4246	|3691	|3590	|3638	|3852	|3265	|3794	|3607	|3637	|3671	|3262	|0	|2971	|4139	|3282	|2650	|4019	|4106	|5426	|3205	|2848	|4005	|3727	|2598	|3514	|3610	|3614	|3255	|3539	|3011	|3504	|3526	|4078	|3449	|3657	|3696	|3664	|3662	|
________________________________________________________
18	|3350	|572	|236	|544	|521	|516	|364	|587	|454	|536	|468	|529	|405	|500	|458	|515	|3953	|16503	|2035	|3763	|3269	|2257	|3130	|3083	|3316	|2432	|1972	|2866	|2458	|1873	|2736	|2757	|2982	|2751	|3350	|2783	|2651	|2738	|2928	|2479	|2715	|2699	|2752	|2794	|0	|1407	|0	|3086	|2460	|2078	|3150	|3102	|3071	|3303	|2010	|3091	|2782	|1969	|2772	|2702	|2724	|2492	|2713	|2349	|2643	|2695	|3044	|2634	|2888	|2775	|2800	|2770	|
________________________________________________________
19	|416	|485	|0	|0	|438	|368	|323	|433	|211	|427	|353	|472	|299	|325	|345	|356	|2989	|2035	|12305	|2561	|2608	|1881	|2279	|2321	|2194	|1126	|1782	|1996	|1800	|1382	|1998	|2066	|2753	|2095	|2354	|2485	|2219	|2292	|2394	|1599	|2043	|2020	|2012	|2029	|2454	|0	|1208	|0	|1974	|1613	|2261	|2262	|2955	|2047	|1714	|2271	|2062	|1440	|2075	|2063	|2420	|0	|0	|2195	|2233	|2284	|2594	|1944	|2067	|2054	|2067	|2153	|
________________________________________________________
20	|679	|3723	|472	|498	|686	|644	|0	|745	|333	|662	|461	|756	|412	|569	|528	|619	|4841	|3763	|2561	|20101	|3954	|2828	|3750	|3695	|3304	|2148	|2322	|3906	|2394	|2284	|3424	|3387	|3618	|3723	|3922	|3355	|3328	|3487	|3597	|2967	|3399	|3286	|3353	|3339	|3938	|2605	|0	|2908	|0	|2721	|3800	|3717	|4554	|3382	|2479	|4270	|2950	|2528	|3301	|3295	|3225	|3011	|3365	|2862	|3384	|3447	|3763	|3234	|3508	|3416	|3348	|3478	|
________________________________________________________
21	|682	|720	|371	|0	|2946	|467	|292	|636	|362	|564	|404	|467	|529	|486	|588	|507	|4285	|3269	|2608	|3954	|17325	|2053	|3275	|3285	|2917	|1897	|2331	|3343	|3072	|1960	|2982	|2912	|3065	|2866	|3334	|2969	|2739	|2863	|3110	|2599	|2946	|2794	|2955	|2850	|3273	|2185	|2335	|0	|1804	|0	|3330	|3242	|3917	|2859	|2111	|2682	|3658	|2025	|2871	|2887	|2820	|2631	|2860	|2400	|2810	|2830	|3152	|2765	|3004	|2849	|2929	|2858	|
________________________________________________________
22	|438	|476	|241	|364	|341	|348	|0	|0	|229	|536	|302	|458	|309	|395	|421	|413	|3033	|2257	|1881	|2828	|2053	|12275	|2151	|2413	|2049	|1331	|1541	|2232	|1571	|1711	|2104	|2033	|2184	|2057	|2178	|2346	|1995	|2002	|2685	|1804	|2090	|2392	|2272	|2242	|2382	|1566	|1557	|2380	|0	|1221	|0	|2451	|2798	|2040	|1502	|2552	|2141	|1489	|2022	|2029	|2014	|1952	|1922	|1949	|2018	|2021	|2851	|0	|0	|2407	|2256	|2335	|
________________________________________________________
23	|666	|727	|341	|491	|503	|2692	|399	|384	|289	|442	|391	|573	|384	|537	|500	|686	|4115	|3130	|2279	|3750	|3275	|2151	|16545	|3235	|2773	|1681	|2038	|2690	|2445	|1633	|3252	|1991	|2970	|2751	|3207	|2765	|2722	|2729	|2847	|2692	|2814	|2660	|2819	|2786	|3155	|2079	|2067	|3040	|2500	|0	|2160	|0	|3723	|2802	|2077	|3060	|2842	|1911	|3488	|2382	|2730	|2592	|2718	|2333	|2685	|2726	|2978	|2629	|2756	|2873	|2858	|2899	|
________________________________________________________
24	|634	|703	|328	|494	|588	|525	|407	|0	|307	|469	|379	|527	|490	|524	|486	|428	|4138	|3083	|2321	|3695	|3285	|2413	|3235	|16524	|2815	|1829	|2012	|2778	|2503	|2060	|3183	|3103	|3096	|2741	|3193	|2761	|2715	|2769	|2834	|2412	|2688	|2776	|2722	|2652	|3171	|2012	|2063	|3045	|2504	|2313	|0	|1350	|3706	|2725	|2030	|3066	|2775	|1870	|2338	|3436	|2803	|2462	|2752	|2327	|2666	|2758	|3039	|2594	|2786	|2789	|2764	|2759	|
________________________________________________________
25	|675	|649	|236	|462	|515	|445	|356	|494	|380	|564	|0	|683	|470	|553	|559	|539	|4143	|3316	|2194	|3304	|2917	|2049	|2773	|2815	|16716	|2449	|2454	|3131	|2748	|2106	|3238	|3223	|2998	|2854	|3264	|2854	|2508	|2768	|3010	|2470	|2799	|2757	|2742	|2811	|3386	|1468	|1915	|2805	|2206	|1950	|2771	|2846	|3189	|0	|2419	|3665	|3202	|2226	|3179	|3064	|2810	|2529	|2752	|2372	|2794	|2811	|3124	|2654	|2798	|2905	|2807	|2848	|
________________________________________________________
26	|507	|349	|263	|312	|310	|279	|238	|348	|1818	|305	|169	|419	|307	|350	|354	|376	|1815	|2432	|1126	|2148	|1897	|1331	|1681	|1829	|2449	|10760	|1372	|2100	|1775	|1304	|1992	|2026	|2003	|1779	|2117	|1819	|1818	|1825	|1983	|1656	|1840	|1732	|1818	|1788	|1235	|1674	|1221	|1808	|1435	|1267	|1790	|1841	|0	|1171	|0	|2255	|2091	|1491	|2081	|2091	|1896	|1559	|1765	|1517	|1732	|1728	|2006	|1718	|1885	|1825	|1839	|1798	|
________________________________________________________
27	|467	|512	|265	|394	|545	|345	|283	|427	|205	|322	|0	|0	|381	|352	|426	|390	|2597	|1972	|1782	|2322	|2331	|1541	|2038	|2012	|2454	|1372	|12181	|2073	|2257	|1605	|2254	|2182	|2464	|2255	|2841	|1983	|1922	|2625	|2139	|1856	|2340	|1757	|2009	|2090	|2066	|1393	|1482	|2048	|1758	|1428	|1989	|2031	|3298	|0	|1281	|0	|2464	|1656	|2233	|2247	|2272	|2082	|2486	|0	|0	|2556	|2325	|1899	|2322	|2059	|2000	|2052	|
________________________________________________________
28	|581	|733	|315	|558	|580	|484	|284	|497	|330	|2892	|483	|454	|520	|573	|0	|594	|3623	|2866	|1996	|3906	|3343	|2232	|2690	|2778	|3131	|2100	|2073	|16808	|3102	|2260	|3155	|3233	|3027	|2796	|3280	|2892	|2724	|2860	|3053	|2453	|2865	|2733	|2796	|2870	|2806	|1907	|1830	|3379	|1855	|1941	|2801	|2848	|4222	|3211	|0	|2515	|0	|2371	|3207	|3205	|2811	|2621	|2804	|2283	|2749	|2788	|3113	|2685	|2877	|2863	|2801	|2964	|
________________________________________________________
29	|551	|437	|272	|315	|503	|321	|392	|435	|299	|548	|358	|0	|2410	|390	|280	|528	|3180	|2458	|1800	|2394	|3072	|1571	|2445	|2503	|2748	|1775	|2257	|3102	|14732	|1588	|2827	|2851	|2640	|2448	|3002	|2560	|2314	|2445	|2638	|2163	|2483	|2322	|2410	|2592	|2443	|1581	|1818	|1937	|2589	|1660	|2463	|2498	|3743	|2731	|2180	|0	|1723	|0	|2736	|2775	|2400	|2178	|2591	|1872	|2264	|2419	|2751	|2346	|2539	|2508	|2488	|2512	|
________________________________________________________
30	|400	|411	|209	|302	|402	|311	|263	|397	|211	|383	|292	|452	|236	|313	|0	|0	|2411	|1873	|1382	|2284	|1960	|1711	|1633	|2060	|2106	|1304	|1605	|2260	|1588	|11117	|1927	|2136	|2071	|1850	|2164	|1808	|1652	|2125	|2225	|1876	|2360	|1772	|1834	|2230	|1844	|1242	|1237	|1855	|1494	|1416	|1829	|2070	|2837	|2020	|1518	|2440	|0	|1140	|0	|2187	|1868	|1688	|1881	|1558	|1764	|2049	|2311	|1977	|2276	|0	|0	|2256	|
________________________________________________________
31	|546	|645	|328	|503	|514	|518	|363	|630	|356	|536	|456	|630	|393	|2826	|620	|375	|3696	|2736	|1998	|3424	|2982	|2104	|3252	|3183	|3238	|1992	|2254	|3155	|2827	|1927	|16786	|3475	|3059	|2836	|3307	|2890	|2854	|2856	|2932	|2534	|2839	|2826	|2810	|2838	|2877	|1928	|1907	|2819	|2187	|1908	|3593	|2428	|4315	|3178	|2285	|3483	|3363	|0	|2068	|0	|2782	|2531	|2792	|2373	|2586	|2740	|3138	|2737	|2794	|2906	|2794	|2831	|
________________________________________________________
32	|521	|652	|288	|446	|498	|301	|361	|455	|378	|543	|435	|640	|500	|579	|619	|0	|3710	|2757	|2066	|3387	|2912	|2033	|1991	|3103	|3223	|2026	|2182	|3233	|2851	|2136	|3475	|16629	|3010	|2747	|3092	|2816	|2805	|2761	|2956	|2374	|2828	|2701	|2777	|2700	|2765	|1850	|1889	|2709	|2199	|2121	|2382	|3691	|4353	|3227	|2297	|3465	|3226	|2392	|0	|1422	|2741	|2504	|2807	|2358	|2681	|2752	|3086	|2573	|2873	|2886	|2775	|2764	|
________________________________________________________
33	|739	|746	|0	|602	|502	|288	|307	|627	|381	|566	|465	|744	|418	|551	|512	|566	|4074	|2982	|2753	|3618	|3065	|2184	|2970	|3096	|2998	|2003	|2464	|3027	|2640	|2071	|3059	|3010	|18344	|3349	|4025	|3454	|3352	|3486	|3754	|1846	|3128	|2988	|2992	|3120	|3044	|2086	|2524	|3005	|2424	|2379	|3117	|2983	|4178	|3062	|2493	|3527	|3051	|2096	|3108	|3044	|2779	|0	|3386	|2889	|3476	|3484	|4250	|2560	|3088	|3115	|3014	|3069	|
________________________________________________________
34	|554	|3723	|260	|535	|472	|552	|452	|456	|363	|554	|414	|662	|406	|490	|499	|509	|3637	|2751	|2095	|3723	|2866	|2057	|2751	|2741	|2854	|1779	|2255	|2796	|2448	|1850	|2836	|2747	|3349	|16879	|3711	|3250	|3054	|3211	|3450	|2900	|2886	|2723	|2775	|2886	|2781	|1920	|0	|2731	|2177	|1915	|2693	|2761	|3842	|2752	|2274	|3170	|2857	|2023	|2827	|2841	|0	|2221	|3130	|2645	|3200	|3138	|2707	|3380	|2886	|2833	|2819	|2929	|
________________________________________________________
35	|3350	|717	|395	|487	|648	|496	|396	|753	|428	|634	|0	|766	|472	|420	|483	|573	|4246	|3350	|2354	|3922	|3334	|2178	|3207	|3193	|3264	|2117	|2841	|3280	|3002	|2164	|3307	|3092	|4025	|3711	|19361	|3598	|3481	|3722	|3409	|2937	|3771	|2282	|3210	|3220	|3224	|2143	|0	|3264	|2583	|2260	|3188	|3331	|4320	|3225	|2868	|3423	|3315	|2494	|3192	|3250	|3686	|3325	|2940	|0	|3555	|3573	|3618	|3088	|4149	|2841	|3228	|3327	|
________________________________________________________
36	|604	|772	|365	|0	|573	|487	|360	|441	|305	|2892	|338	|715	|391	|573	|620	|478	|3691	|2783	|2485	|3355	|2969	|2346	|2765	|2761	|2854	|1819	|1983	|2892	|2560	|1808	|2890	|2816	|3454	|3250	|3598	|16888	|3136	|3317	|3008	|2486	|3180	|3207	|2832	|2834	|2805	|1893	|2363	|2807	|2262	|1962	|2780	|2762	|3814	|2795	|0	|3222	|2797	|1959	|2744	|2760	|3110	|2918	|0	|2006	|3179	|3286	|3112	|2659	|2459	|3715	|2786	|2907	|
________________________________________________________
37	|591	|687	|331	|435	|459	|454	|318	|502	|1818	|480	|427	|473	|443	|419	|433	|644	|3590	|2651	|2219	|3328	|2739	|1995	|2722	|2715	|2508	|1818	|1922	|2724	|2314	|1652	|2854	|2805	|3352	|3054	|3481	|3136	|16137	|2943	|2827	|2417	|2765	|2675	|2998	|1910	|2669	|1864	|1967	|2624	|2136	|1827	|2643	|2673	|3649	|2692	|0	|2953	|2683	|1877	|2802	|2646	|2996	|2792	|2909	|2646	|2360	|0	|3016	|2548	|2749	|2726	|3570	|2352	|
________________________________________________________
38	|632	|693	|314	|522	|472	|450	|346	|500	|331	|616	|482	|0	|452	|561	|509	|406	|3638	|2738	|2292	|3487	|2863	|2002	|2729	|2769	|2768	|1825	|2625	|2860	|2445	|2125	|2856	|2761	|3486	|3211	|3722	|3317	|2943	|16852	|3019	|2534	|2924	|2820	|3184	|3239	|2809	|1909	|2074	|2798	|2181	|1975	|2795	|2777	|3755	|2769	|2521	|3000	|2788	|1964	|2685	|2780	|3164	|2886	|3146	|2629	|0	|2505	|3191	|2623	|2877	|2868	|2345	|3686	|
________________________________________________________
39	|647	|758	|265	|480	|591	|496	|0	|667	|344	|571	|397	|648	|483	|575	|597	|595	|3852	|2928	|2394	|3597	|3110	|2685	|2847	|2834	|3010	|1983	|2139	|3053	|2638	|2225	|2932	|2956	|3754	|3450	|3409	|3008	|2827	|3019	|17765	|2783	|3424	|3312	|3419	|3476	|2910	|1984	|2015	|2963	|2411	|2474	|2897	|2853	|3920	|2939	|2194	|3314	|3099	|2345	|2917	|2818	|3889	|2204	|2912	|2549	|2913	|2989	|3100	|0	|3553	|3370	|3361	|3303	|
________________________________________________________
40	|423	|652	|343	|409	|449	|2692	|258	|468	|280	|425	|371	|511	|411	|518	|508	|506	|3265	|2479	|1599	|2967	|2599	|1804	|2692	|2412	|2470	|1656	|1856	|2453	|2163	|1876	|2534	|2374	|1846	|2900	|2937	|2486	|2417	|2534	|2783	|14854	|2872	|2770	|2796	|2826	|2471	|1650	|1637	|2413	|2001	|0	|2445	|2312	|3311	|2445	|1827	|2790	|2501	|1977	|2475	|2464	|1998	|3045	|2428	|2119	|2389	|2438	|0	|1987	|2854	|2815	|2821	|2804	|
________________________________________________________
41	|644	|632	|294	|619	|2946	|431	|401	|448	|362	|558	|303	|571	|502	|552	|0	|590	|3794	|2715	|2043	|3399	|2946	|2090	|2814	|2688	|2799	|1840	|2340	|2865	|2483	|2360	|2839	|2828	|3128	|2886	|3771	|3180	|2765	|2924	|3424	|2872	|17032	|3204	|3228	|3247	|2845	|1912	|1905	|2834	|2247	|0	|2866	|2844	|3814	|2837	|2061	|3192	|2936	|2433	|2834	|2792	|2858	|2512	|3670	|1931	|2741	|2774	|3469	|3103	|2531	|0	|3152	|3295	|
________________________________________________________
42	|413	|642	|332	|382	|526	|537	|421	|0	|252	|585	|521	|570	|400	|2826	|360	|606	|3607	|2699	|2020	|3286	|2794	|2392	|2660	|2776	|2757	|1732	|1757	|2733	|2322	|1772	|2826	|2701	|2988	|2723	|2282	|3207	|2675	|2820	|3312	|2770	|3204	|16323	|3078	|3140	|2651	|1829	|2070	|2742	|2256	|2264	|2704	|2719	|3728	|2768	|1966	|3110	|2701	|0	|2741	|2708	|2659	|2393	|2245	|3153	|2799	|2780	|3323	|2901	|0	|2315	|3166	|3136	|
________________________________________________________
43	|579	|637	|305	|440	|595	|549	|370	|558	|351	|494	|383	|678	|2410	|489	|593	|426	|3637	|2752	|2012	|3353	|2955	|2272	|2819	|2722	|2742	|1818	|2009	|2796	|2410	|1834	|2810	|2777	|2992	|2775	|3210	|2832	|2998	|3184	|3419	|2796	|3228	|3078	|16496	|3150	|2686	|1856	|1874	|2683	|2137	|2109	|2746	|2705	|3634	|2679	|2024	|3032	|2865	|0	|2714	|2772	|2793	|2488	|2631	|2355	|3462	|2283	|3559	|2971	|3201	|3149	|2411	|0	|
________________________________________________________
44	|542	|628	|307	|451	|547	|484	|398	|560	|204	|528	|423	|473	|481	|611	|593	|0	|3671	|2794	|2029	|3339	|2850	|2242	|2786	|2652	|2811	|1788	|2090	|2870	|2592	|2230	|2838	|2700	|3120	|2886	|3220	|2834	|1910	|3239	|3476	|2826	|3247	|3140	|3150	|16708	|2696	|1931	|1838	|2790	|2206	|2150	|2731	|2722	|3840	|2766	|2195	|3006	|2836	|2411	|2678	|2703	|2813	|2510	|2759	|2308	|2373	|3576	|3490	|3091	|3238	|3278	|0	|2374	|
________________________________________________________
45	|0	|729	|353	|537	|534	|530	|395	|604	|191	|460	|429	|632	|392	|467	|452	|483	|3262	|0	|2454	|3938	|3273	|2382	|3155	|3171	|3386	|1235	|2066	|2806	|2443	|1844	|2877	|2765	|3044	|2781	|3224	|2805	|2669	|2809	|2910	|2471	|2845	|2651	|2686	|2696	|16661	|2283	|2247	|3130	|2437	|2063	|3168	|3156	|4377	|3226	|2198	|3129	|2793	|1977	|2761	|2741	|2821	|2529	|2730	|2252	|2732	|2759	|3123	|2659	|2807	|2765	|2796	|2773	|
________________________________________________________
46	|265	|468	|1744	|345	|392	|337	|244	|402	|309	|326	|328	|348	|264	|330	|334	|335	|0	|1407	|0	|2605	|2185	|1566	|2079	|2012	|1468	|1674	|1393	|1907	|1581	|1242	|1928	|1850	|2086	|1920	|2143	|1893	|1864	|1909	|1984	|1650	|1912	|1829	|1856	|1931	|2283	|11201	|1272	|2084	|1656	|1448	|2163	|2092	|1983	|2271	|1253	|2115	|1889	|1342	|1846	|1832	|1895	|1744	|1842	|1567	|1841	|1937	|2081	|1773	|1883	|1863	|1856	|1896	|
________________________________________________________
47	|0	|0	|183	|308	|415	|344	|301	|337	|233	|382	|327	|401	|311	|363	|484	|328	|2971	|0	|1208	|0	|2335	|1557	|2067	|2063	|1915	|1221	|1482	|1830	|1818	|1237	|1907	|1889	|2524	|0	|0	|2363	|1967	|2074	|2015	|1637	|1905	|2070	|1874	|1838	|2247	|1272	|11145	|1839	|1870	|1572	|2046	|1983	|2471	|1862	|1565	|1950	|2130	|1325	|1819	|1865	|2232	|1711	|1781	|1973	|1984	|2078	|2087	|1774	|1667	|2084	|1857	|1826	|
________________________________________________________
48	|702	|505	|259	|2710	|0	|505	|389	|583	|343	|542	|373	|646	|287	|490	|601	|531	|4139	|3086	|0	|2908	|0	|2380	|3040	|3045	|2805	|1808	|2048	|3379	|1937	|1855	|2819	|2709	|3005	|2731	|3264	|2807	|2624	|2798	|2963	|2413	|2834	|2742	|2683	|2790	|3130	|2084	|1839	|16478	|2628	|2329	|3164	|3066	|3705	|2709	|2015	|3561	|3370	|2066	|2700	|2739	|2824	|2444	|2710	|2265	|2656	|2691	|3009	|2620	|2726	|2788	|2710	|2744	|
________________________________________________________
49	|564	|0	|284	|442	|317	|439	|2088	|417	|281	|322	|309	|333	|434	|392	|435	|359	|3282	|2460	|1974	|0	|1804	|0	|2500	|2504	|2206	|1435	|1758	|1855	|2589	|1494	|2187	|2199	|2424	|2177	|2583	|2262	|2136	|2181	|2411	|2001	|2247	|2256	|2137	|2206	|2437	|1656	|1870	|2628	|13273	|1573	|2600	|2492	|2985	|2202	|1644	|1861	|2649	|1450	|2184	|2173	|2170	|1889	|2157	|1763	|2098	|2166	|2487	|2088	|2258	|2219	|2207	|2223	|
________________________________________________________
50	|436	|505	|207	|377	|0	|0	|256	|346	|225	|330	|261	|372	|311	|397	|388	|391	|2650	|2078	|1613	|2721	|0	|1221	|0	|2313	|1950	|1267	|1428	|1941	|1660	|1416	|1908	|2121	|2379	|1915	|2260	|1962	|1827	|1975	|2474	|0	|0	|2264	|2109	|2150	|2063	|1448	|1572	|2329	|1573	|11422	|1938	|2317	|2612	|1916	|1363	|2131	|1898	|1736	|1747	|2107	|2198	|1458	|1912	|1605	|1861	|1979	|2608	|1901	|1964	|2380	|2162	|2180	|
________________________________________________________
51	|612	|688	|325	|548	|608	|362	|357	|3025	|305	|487	|368	|552	|395	|620	|469	|579	|4019	|3150	|2261	|3800	|3330	|0	|2160	|0	|2771	|1790	|1989	|2801	|2463	|1829	|3593	|2382	|3117	|2693	|3188	|2780	|2643	|2795	|2897	|2445	|2866	|2704	|2746	|2731	|3168	|2163	|2046	|3164	|2600	|1938	|16634	|3379	|3775	|2747	|2001	|3098	|2838	|1962	|3245	|3066	|2779	|2488	|2714	|2311	|2701	|2767	|3120	|2702	|3025	|2735	|2794	|2772	|
________________________________________________________
52	|631	|645	|330	|480	|556	|0	|430	|602	|291	|477	|360	|555	|453	|405	|474	|329	|4106	|3102	|2262	|3717	|3242	|2451	|0	|1350	|2846	|1841	|2031	|2848	|2498	|2070	|2428	|3691	|2983	|2761	|3331	|2762	|2673	|2777	|2853	|2312	|2844	|2719	|2705	|2722	|3156	|2092	|1983	|3066	|2492	|2317	|3379	|16626	|3766	|2742	|2004	|3061	|2849	|1926	|1938	|3149	|2737	|2609	|2684	|2292	|2722	|2807	|3054	|2630	|2724	|2782	|2730	|2762	|
________________________________________________________
53	|596	|907	|309	|583	|665	|594	|463	|689	|0	|755	|621	|880	|619	|735	|739	|741	|5426	|3071	|2955	|4554	|3917	|2798	|3723	|3706	|3189	|0	|3298	|4222	|3743	|2837	|4315	|4353	|4178	|3842	|4320	|3814	|3649	|3755	|3920	|3311	|3814	|3728	|3634	|3840	|4377	|1983	|2471	|3705	|2985	|2612	|3775	|3766	|22531	|4359	|3049	|4771	|4287	|3067	|4240	|4356	|3724	|3404	|3686	|3158	|3694	|3737	|4247	|3629	|3891	|3796	|3750	|3736	|
________________________________________________________
54	|710	|602	|358	|447	|460	|467	|338	|508	|202	|580	|2276	|587	|433	|545	|537	|555	|3205	|3303	|2047	|3382	|2859	|2040	|2802	|2725	|0	|1171	|0	|3211	|2731	|2020	|3178	|3227	|3062	|2752	|3225	|2795	|2692	|2769	|2939	|2445	|2837	|2768	|2679	|2766	|3226	|2271	|1862	|2709	|2202	|1916	|2747	|2742	|4359	|16627	|2078	|3621	|3181	|2260	|3162	|3131	|2752	|2482	|2754	|2276	|2725	|2689	|3146	|2692	|2869	|2771	|2800	|2809	|
________________________________________________________
55	|493	|488	|231	|420	|366	|339	|267	|362	|0	|0	|262	|425	|362	|380	|470	|405	|2848	|2010	|1714	|2479	|2111	|1502	|2077	|2030	|2419	|0	|1281	|0	|2180	|1518	|2285	|2297	|2493	|2274	|2868	|0	|0	|2521	|2194	|1827	|2061	|1966	|2024	|2195	|2198	|1253	|1565	|2015	|1644	|1363	|2001	|2004	|3049	|2078	|12190	|2363	|2504	|1759	|2281	|2290	|2295	|2011	|2488	|1735	|1966	|2372	|2209	|1877	|2093	|2094	|1830	|2206	|
________________________________________________________
56	|565	|816	|302	|593	|503	|565	|290	|559	|430	|472	|477	|3368	|0	|650	|682	|656	|4005	|3091	|2271	|4270	|2682	|2552	|3060	|3066	|3665	|2255	|0	|2515	|0	|2440	|3483	|3465	|3527	|3170	|3423	|3222	|2953	|3000	|3314	|2790	|3192	|3110	|3032	|3006	|3129	|2115	|1950	|3561	|1861	|2131	|3098	|3061	|4771	|3621	|2363	|18523	|3874	|2502	|3546	|3552	|3064	|2796	|2897	|2749	|3368	|3022	|3431	|2985	|3078	|3179	|3171	|3167	|
________________________________________________________
57	|539	|563	|336	|587	|668	|455	|390	|502	|374	|0	|448	|704	|275	|608	|2894	|502	|3727	|2782	|2062	|2950	|3658	|2141	|2842	|2775	|3202	|2091	|2464	|0	|1723	|0	|3363	|3226	|3051	|2857	|3315	|2797	|2683	|2788	|3099	|2501	|2936	|2701	|2865	|2836	|2793	|1889	|2130	|3370	|2649	|1898	|2838	|2849	|4287	|3181	|2504	|3874	|17002	|2148	|3227	|3197	|2764	|2525	|2915	|2306	|2712	|2736	|3227	|2646	|2950	|2894	|2840	|2718	|
________________________________________________________
58	|404	|433	|209	|454	|432	|365	|274	|429	|231	|367	|280	|465	|0	|0	|389	|344	|2598	|1969	|1440	|2528	|2025	|1489	|1911	|1870	|2226	|1491	|1656	|2371	|0	|1140	|0	|2392	|2096	|2023	|2494	|1959	|1877	|1964	|2345	|1977	|2433	|0	|0	|2411	|1977	|1342	|1325	|2066	|1450	|1736	|1962	|1926	|3067	|2260	|1759	|2502	|2148	|11947	|2060	|2335	|1914	|1835	|2199	|1419	|1893	|1871	|2481	|2183	|2469	|2022	|2002	|2431	|
________________________________________________________
59	|544	|606	|273	|465	|497	|540	|318	|619	|363	|561	|438	|631	|485	|347	|493	|2966	|3514	|2772	|2075	|3301	|2871	|2022	|3488	|2338	|3179	|2081	|2233	|3207	|2736	|0	|2068	|0	|3108	|2827	|3192	|2744	|2802	|2685	|2917	|2475	|2834	|2741	|2714	|2678	|2761	|1846	|1819	|2700	|2184	|1747	|3245	|1938	|4240	|3162	|2281	|3546	|3227	|2060	|16555	|3432	|2715	|2460	|2686	|2358	|2655	|2672	|3138	|2656	|2898	|2813	|2966	|2709	|
________________________________________________________
60	|592	|624	|261	|425	|472	|398	|383	|566	|321	|558	|432	|643	|495	|0	|607	|604	|3610	|2702	|2063	|3295	|2887	|2029	|2382	|3436	|3064	|2091	|2247	|3205	|2775	|2187	|0	|1422	|3044	|2841	|3250	|2760	|2646	|2780	|2818	|2464	|2792	|2708	|2772	|2703	|2741	|1832	|1865	|2739	|2173	|2107	|3066	|3149	|4356	|3131	|2290	|3552	|3197	|2335	|3432	|16587	|2830	|2436	|2687	|2279	|2654	|2721	|3054	|2667	|2863	|2733	|2789	|2713	|
________________________________________________________
61	|677	|0	|306	|560	|473	|355	|401	|624	|326	|556	|440	|619	|398	|445	|447	|471	|3614	|2724	|2420	|3225	|2820	|2014	|2730	|2803	|2810	|1896	|2272	|2811	|2400	|1868	|2782	|2741	|2779	|0	|3686	|3110	|2996	|3164	|3889	|1998	|2858	|2659	|2793	|2813	|2821	|1895	|2232	|2824	|2170	|2198	|2779	|2737	|3724	|2752	|2295	|3064	|2764	|1914	|2715	|2830	|16644	|2779	|3173	|2597	|3088	|3115	|3579	|3119	|2929	|2771	|2796	|2781	|
________________________________________________________
62	|559	|480	|1744	|405	|441	|567	|351	|432	|281	|542	|389	|551	|374	|437	|408	|442	|3255	|2492	|0	|3011	|2631	|1952	|2592	|2462	|2529	|1559	|2082	|2621	|2178	|1688	|2531	|2504	|0	|2221	|3325	|2918	|2792	|2886	|2204	|3045	|2512	|2393	|2488	|2510	|2529	|1744	|1711	|2444	|1889	|1458	|2488	|2609	|3404	|2482	|2011	|2796	|2525	|1835	|2460	|2436	|2779	|15044	|2919	|2359	|2787	|2855	|1943	|2745	|2626	|2477	|2558	|2547	|
________________________________________________________
63	|491	|723	|259	|2710	|633	|413	|344	|566	|364	|0	|406	|623	|416	|404	|573	|537	|3539	|2713	|0	|3365	|2860	|1922	|2718	|2752	|2752	|1765	|2486	|2804	|2591	|1881	|2792	|2807	|3386	|3130	|2940	|0	|2909	|3146	|2912	|2428	|3670	|2245	|2631	|2759	|2730	|1842	|1781	|2710	|2157	|1912	|2714	|2684	|3686	|2754	|2488	|2897	|2915	|2199	|2686	|2687	|3173	|2919	|16596	|2576	|2949	|3078	|3037	|2703	|3356	|3250	|2673	|2738	|
________________________________________________________
64	|0	|632	|307	|431	|340	|432	|268	|259	|300	|339	|2276	|496	|301	|539	|442	|420	|3011	|2349	|2195	|2862	|2400	|1949	|2333	|2327	|2372	|1517	|0	|2283	|1872	|1558	|2373	|2358	|2889	|2645	|0	|2006	|2646	|2629	|2549	|2119	|1931	|3153	|2355	|2308	|2252	|1567	|1973	|2265	|1763	|1605	|2311	|2292	|3158	|2276	|1735	|2749	|2306	|1419	|2358	|2279	|2597	|2359	|2576	|13960	|2647	|2618	|2568	|2219	|1519	|2721	|2377	|2285	|
________________________________________________________
65	|615	|730	|306	|489	|488	|411	|322	|459	|275	|605	|382	|3368	|483	|440	|467	|580	|3504	|2643	|2233	|3384	|2810	|2018	|2685	|2666	|2794	|1732	|0	|2749	|2264	|1764	|2586	|2681	|3476	|3200	|3555	|3179	|2360	|0	|2913	|2389	|2741	|2799	|3462	|2373	|2732	|1841	|1984	|2656	|2098	|1861	|2701	|2722	|3694	|2725	|1966	|3368	|2712	|1893	|2655	|2654	|3088	|2787	|2949	|2647	|16328	|3001	|3048	|2587	|2673	|2723	|3133	|3166	|
________________________________________________________
66	|590	|720	|338	|487	|455	|449	|323	|483	|0	|621	|458	|599	|305	|540	|443	|315	|3526	|2695	|2284	|3447	|2830	|2021	|2726	|2758	|2811	|1728	|2556	|2788	|2419	|2049	|2740	|2752	|3484	|3138	|3573	|3286	|0	|2505	|2989	|2438	|2774	|2780	|2283	|3576	|2759	|1937	|2078	|2691	|2166	|1979	|2767	|2807	|3737	|2689	|2372	|3022	|2736	|1871	|2672	|2721	|3115	|2855	|3078	|2618	|3001	|16573	|3033	|2599	|2775	|2726	|1959	|3212	|
________________________________________________________
67	|690	|620	|224	|475	|617	|0	|440	|735	|335	|511	|433	|635	|522	|576	|635	|615	|4078	|3044	|2594	|3763	|3152	|2851	|2978	|3039	|3124	|2006	|2325	|3113	|2751	|2311	|3138	|3086	|4250	|2707	|3618	|3112	|3016	|3191	|3100	|0	|3469	|3323	|3559	|3490	|3123	|2081	|2087	|3009	|2487	|2608	|3120	|3054	|4247	|3146	|2209	|3431	|3227	|2481	|3138	|3054	|3579	|1943	|3037	|2568	|3048	|3033	|18628	|3363	|3768	|3637	|3599	|3536	|
________________________________________________________
68	|526	|759	|297	|436	|548	|368	|2088	|508	|290	|443	|380	|531	|440	|522	|516	|531	|3449	|2634	|1944	|3234	|2765	|0	|2629	|2594	|2654	|1718	|1899	|2685	|2346	|1977	|2737	|2573	|2560	|3380	|3088	|2659	|2548	|2623	|0	|1987	|3103	|2901	|2971	|3091	|2659	|1773	|1774	|2620	|2088	|1901	|2702	|2630	|3629	|2692	|1877	|2985	|2646	|2183	|2656	|2667	|3119	|2745	|2703	|2219	|2587	|2599	|3363	|16000	|3139	|3063	|3068	|3097	|
________________________________________________________
69	|722	|624	|254	|492	|439	|523	|367	|3025	|354	|429	|245	|577	|510	|0	|585	|607	|3657	|2888	|2067	|3508	|3004	|0	|2756	|2786	|2798	|1885	|2322	|2877	|2539	|2276	|2794	|2873	|3088	|2886	|4149	|2459	|2749	|2877	|3553	|2854	|2531	|0	|3201	|3238	|2807	|1883	|1667	|2726	|2258	|1964	|3025	|2724	|3891	|2869	|2093	|3078	|2950	|2469	|2898	|2863	|2929	|2626	|3356	|1519	|2673	|2775	|3768	|3139	|17147	|3298	|3180	|3233	|
________________________________________________________
70	|493	|589	|316	|517	|0	|556	|445	|577	|298	|633	|402	|568	|498	|400	|2894	|522	|3696	|2775	|2054	|3416	|2849	|2407	|2873	|2789	|2905	|1825	|2059	|2863	|2508	|0	|2906	|2886	|3115	|2833	|2841	|3715	|2726	|2868	|3370	|2815	|0	|2315	|3149	|3278	|2765	|1863	|2084	|2788	|2219	|2380	|2735	|2782	|3796	|2771	|2094	|3179	|2894	|2022	|2813	|2733	|2771	|2477	|3250	|2721	|2723	|2726	|3637	|3063	|3298	|16868	|3313	|3277	|
________________________________________________________
71	|583	|615	|289	|422	|573	|520	|388	|588	|420	|476	|331	|650	|354	|573	|502	|2966	|3664	|2800	|2067	|3348	|2929	|2256	|2858	|2764	|2807	|1839	|2000	|2801	|2488	|0	|2794	|2775	|3014	|2819	|3228	|2786	|3570	|2345	|3361	|2821	|3152	|3166	|2411	|0	|2796	|1856	|1857	|2710	|2207	|2162	|2794	|2730	|3750	|2800	|1830	|3171	|2840	|2002	|2966	|2789	|2796	|2558	|2673	|2377	|3133	|1959	|3599	|3068	|3180	|3313	|16709	|3194	|
________________________________________________________
72	|592	|637	|328	|441	|560	|525	|417	|586	|244	|535	|412	|655	|0	|569	|604	|573	|3662	|2770	|2153	|3478	|2858	|2335	|2899	|2759	|2848	|1798	|2052	|2964	|2512	|2256	|2831	|2764	|3069	|2929	|3327	|2907	|2352	|3686	|3303	|2804	|3295	|3136	|0	|2374	|2773	|1896	|1826	|2744	|2223	|2180	|2772	|2762	|3736	|2809	|2206	|3167	|2718	|2431	|2709	|2713	|2781	|2547	|2738	|2285	|3166	|3212	|3536	|3097	|3233	|3277	|3194	|16843	|
________________________________________________________
