0	|1	|2	|3	|4	|5	|6	|7	|8	|9	|10	|11	|12	|13	|14	|15	|16	|17	|18	|19	|20	|21	|22	|23	|24	|25	|26	|27	|28	|29	|30	|31	|32	|33	|34	|35	|36	|37	|38	|39	|40	|41	|42	|43	|44	|45	|46	|47	|48	|49	|50	|51	|52	|53	|54	|55	|56	|57	|58	|59	|60	|61	|62	|63	|64	|65	|66	|67	|68	|69	|70	|71	|72	|
1	|3247	|94	|53	|116	|143	|85	|90	|133	|110	|107	|0	|108	|90	|61	|66	|105	|758	|3247	|407	|628	|700	|429	|627	|602	|638	|476	|419	|539	|518	|365	|527	|506	|757	|561	|3247	|604	|585	|611	|605	|416	|637	|375	|540	|529	|0	|309	|0	|663	|533	|417	|570	|608	|633	|655	|501	|562	|539	|421	|548	|560	|620	|557	|461	|0	|607	|547	|651	|531	|688	|427	|540	|492	|
________________________________________________________
2	|94	|3621	|74	|85	|142	|131	|0	|132	|79	|149	|112	|161	|62	|112	|112	|107	|875	|637	|449	|3621	|708	|501	|644	|641	|615	|368	|479	|714	|403	|399	|613	|595	|773	|3621	|689	|785	|687	|689	|692	|601	|643	|586	|628	|627	|741	|483	|0	|527	|0	|521	|664	|659	|924	|612	|467	|772	|572	|454	|585	|561	|0	|483	|664	|654	|699	|665	|586	|773	|602	|589	|601	|604	|
________________________________________________________
3	|53	|74	|1757	|40	|71	|76	|52	|54	|54	|69	|49	|57	|36	|53	|70	|52	|0	|242	|0	|482	|362	|217	|336	|327	|241	|279	|242	|299	|289	|204	|294	|300	|0	|241	|381	|373	|327	|338	|235	|365	|309	|317	|282	|316	|349	|1757	|195	|287	|314	|232	|327	|349	|319	|353	|231	|311	|302	|251	|307	|284	|301	|1757	|287	|305	|335	|300	|222	|342	|259	|328	|299	|297	|
________________________________________________________
4	|116	|85	|40	|2748	|0	|78	|67	|114	|64	|0	|66	|128	|56	|63	|89	|123	|713	|598	|0	|456	|0	|407	|515	|519	|460	|291	|413	|552	|334	|298	|459	|431	|602	|536	|507	|0	|499	|536	|516	|392	|575	|384	|484	|438	|538	|312	|293	|2748	|462	|377	|530	|522	|624	|430	|421	|555	|536	|448	|450	|444	|548	|419	|2748	|413	|489	|483	|499	|446	|548	|480	|470	|469	|
________________________________________________________
5	|143	|142	|71	|0	|3038	|60	|63	|102	|82	|130	|58	|85	|107	|93	|0	|100	|802	|586	|446	|710	|3038	|340	|514	|631	|479	|309	|535	|606	|544	|431	|494	|510	|506	|538	|632	|607	|490	|442	|634	|460	|3038	|531	|579	|585	|567	|379	|408	|0	|302	|0	|603	|609	|712	|566	|366	|503	|615	|471	|499	|549	|500	|452	|667	|384	|500	|466	|666	|589	|443	|0	|574	|602	|
________________________________________________________
6	|85	|131	|76	|78	|60	|2673	|55	|60	|61	|101	|74	|94	|73	|104	|115	|110	|674	|517	|328	|639	|468	|321	|2673	|564	|447	|310	|320	|452	|357	|314	|501	|349	|311	|502	|478	|514	|437	|423	|523	|2673	|436	|541	|544	|513	|479	|345	|342	|527	|418	|0	|343	|0	|588	|436	|324	|530	|508	|329	|546	|393	|331	|597	|455	|425	|465	|472	|0	|348	|546	|585	|502	|515	|
________________________________________________________
7	|90	|0	|52	|67	|63	|55	|2148	|61	|40	|45	|44	|47	|85	|65	|78	|57	|541	|399	|295	|0	|265	|0	|423	|471	|342	|211	|283	|285	|455	|285	|339	|417	|344	|485	|413	|347	|341	|337	|0	|250	|492	|402	|411	|421	|378	|281	|291	|433	|2148	|247	|349	|422	|520	|366	|263	|293	|418	|288	|322	|422	|439	|371	|388	|278	|351	|339	|457	|2148	|376	|403	|426	|399	|
________________________________________________________
8	|133	|132	|54	|114	|102	|60	|61	|2804	|60	|73	|45	|93	|84	|0	|97	|125	|709	|549	|385	|675	|627	|0	|366	|0	|459	|297	|391	|472	|436	|374	|634	|364	|626	|444	|666	|425	|446	|471	|631	|449	|407	|0	|543	|553	|549	|378	|339	|538	|389	|352	|2804	|562	|614	|474	|332	|542	|507	|388	|532	|553	|537	|375	|552	|240	|462	|497	|614	|481	|2804	|512	|534	|518	|
________________________________________________________
9	|110	|79	|54	|64	|82	|61	|40	|60	|1913	|50	|30	|65	|68	|49	|64	|92	|331	|449	|252	|359	|362	|266	|321	|307	|431	|1913	|227	|318	|337	|239	|375	|359	|417	|387	|430	|334	|1913	|327	|323	|283	|350	|279	|377	|199	|195	|312	|251	|312	|271	|233	|315	|337	|0	|207	|0	|449	|396	|266	|380	|383	|351	|346	|391	|288	|288	|0	|348	|312	|338	|312	|423	|256	|
________________________________________________________
10	|107	|149	|69	|0	|130	|101	|45	|73	|50	|2832	|76	|110	|89	|96	|0	|99	|607	|443	|410	|633	|582	|495	|470	|447	|547	|307	|292	|2832	|535	|406	|529	|539	|576	|507	|595	|2832	|432	|570	|527	|404	|603	|515	|489	|457	|451	|324	|375	|574	|267	|353	|442	|496	|757	|576	|0	|444	|0	|409	|515	|517	|501	|486	|0	|342	|565	|559	|517	|460	|418	|628	|443	|471	|
________________________________________________________
11	|0	|112	|49	|66	|58	|74	|44	|45	|30	|76	|2302	|78	|53	|104	|81	|71	|429	|446	|350	|489	|395	|323	|394	|391	|0	|166	|0	|438	|358	|318	|438	|426	|487	|416	|0	|355	|452	|502	|418	|349	|356	|505	|365	|428	|492	|310	|342	|367	|275	|280	|388	|392	|605	|2302	|239	|485	|487	|304	|424	|428	|450	|386	|436	|2302	|401	|449	|400	|408	|231	|426	|369	|445	|
________________________________________________________
12	|108	|161	|57	|128	|85	|94	|47	|93	|65	|110	|78	|3314	|0	|107	|104	|139	|780	|534	|482	|775	|461	|436	|524	|503	|614	|448	|0	|479	|0	|411	|629	|619	|671	|612	|725	|733	|472	|0	|592	|507	|577	|593	|755	|516	|587	|342	|403	|689	|310	|404	|566	|533	|840	|542	|358	|3314	|696	|439	|630	|592	|641	|566	|640	|497	|3314	|613	|629	|520	|528	|522	|636	|630	|
________________________________________________________
13	|90	|62	|36	|56	|107	|73	|85	|84	|68	|89	|53	|0	|2492	|55	|65	|90	|513	|373	|304	|396	|546	|364	|372	|391	|447	|275	|344	|541	|2492	|280	|393	|506	|429	|382	|505	|443	|457	|442	|500	|440	|527	|400	|2492	|493	|422	|280	|307	|306	|441	|339	|416	|468	|658	|477	|371	|0	|274	|0	|497	|526	|422	|343	|419	|320	|538	|339	|502	|418	|500	|487	|354	|0	|
________________________________________________________
14	|61	|112	|53	|63	|93	|104	|65	|0	|49	|96	|104	|107	|55	|2683	|88	|82	|593	|450	|349	|544	|453	|425	|530	|480	|502	|346	|338	|516	|391	|288	|2683	|587	|483	|480	|365	|529	|411	|533	|499	|485	|516	|2683	|470	|567	|423	|283	|350	|430	|335	|377	|603	|377	|683	|475	|372	|603	|567	|0	|325	|0	|435	|406	|368	|557	|452	|503	|537	|467	|0	|396	|560	|547	|
________________________________________________________
15	|66	|112	|70	|89	|0	|115	|78	|97	|64	|0	|81	|104	|65	|88	|2863	|78	|598	|469	|346	|530	|633	|449	|483	|442	|591	|360	|415	|0	|270	|0	|603	|612	|482	|484	|467	|634	|429	|464	|598	|505	|0	|365	|572	|553	|440	|330	|472	|547	|457	|391	|460	|488	|716	|518	|422	|653	|2863	|376	|470	|585	|457	|411	|551	|469	|450	|444	|590	|501	|559	|2863	|534	|587	|
________________________________________________________
16	|105	|107	|52	|123	|100	|110	|57	|125	|92	|99	|71	|139	|90	|82	|78	|3002	|623	|514	|329	|623	|533	|431	|610	|433	|553	|349	|395	|585	|566	|0	|384	|0	|515	|497	|624	|506	|667	|414	|613	|498	|625	|587	|433	|0	|485	|352	|328	|556	|334	|369	|585	|350	|767	|604	|384	|653	|506	|377	|3002	|634	|499	|453	|531	|372	|577	|296	|640	|560	|612	|523	|3002	|581	|
________________________________________________________
17	|758	|875	|0	|713	|802	|674	|541	|709	|331	|607	|429	|780	|513	|593	|598	|623	|21936	|4068	|3056	|4999	|4339	|3069	|4109	|4093	|3970	|1830	|2642	|3740	|3255	|2441	|3720	|3643	|4038	|3644	|4080	|3652	|3629	|3534	|3944	|3338	|3780	|3492	|3613	|3798	|3140	|0	|2972	|4211	|3252	|2861	|4085	|4117	|5574	|3280	|2838	|4069	|3772	|2669	|3602	|3594	|3643	|3328	|3596	|3037	|3581	|3632	|4067	|3466	|3725	|3574	|3594	|3703	|
________________________________________________________
18	|3247	|637	|242	|598	|586	|517	|399	|549	|449	|443	|446	|534	|373	|450	|469	|514	|4068	|16673	|2010	|3883	|3278	|2330	|3145	|3178	|3309	|2377	|1918	|2747	|2439	|1993	|2832	|2709	|3179	|2838	|3247	|2814	|2731	|2805	|2984	|2518	|2866	|2704	|2802	|2811	|0	|1529	|0	|3206	|2448	|2235	|3126	|3182	|3258	|3423	|2032	|3154	|2786	|1996	|2777	|2765	|2760	|2468	|2760	|2282	|2752	|2675	|3032	|2684	|2833	|2673	|2786	|2761	|
________________________________________________________
19	|407	|449	|0	|0	|446	|328	|295	|385	|252	|410	|350	|482	|304	|349	|346	|329	|3056	|2010	|12249	|2520	|2561	|1819	|2223	|2220	|2133	|1084	|1775	|2063	|1796	|1405	|2019	|2016	|2811	|2038	|2406	|2520	|2248	|2254	|2436	|1586	|2069	|1984	|2064	|2033	|2399	|0	|1208	|0	|1922	|1643	|2302	|2333	|2957	|2072	|1629	|2246	|2061	|1519	|1926	|2091	|2550	|0	|0	|2125	|2305	|2250	|2541	|2003	|1979	|2004	|2018	|1987	|
________________________________________________________
20	|628	|3621	|482	|456	|710	|639	|0	|675	|359	|633	|489	|775	|396	|544	|530	|623	|4999	|3883	|2520	|20079	|3993	|2783	|3737	|3706	|3262	|2201	|2228	|3814	|2287	|2234	|3293	|3286	|3689	|3621	|3719	|3442	|3364	|3315	|3467	|2994	|3507	|3343	|3452	|3415	|3750	|2713	|0	|2915	|0	|2805	|3695	|3761	|4566	|3369	|2371	|4343	|2998	|2568	|3322	|3272	|3265	|3028	|3274	|2983	|3337	|3335	|3662	|3259	|3361	|3273	|3315	|3269	|
________________________________________________________
21	|700	|708	|362	|0	|3038	|468	|265	|627	|362	|582	|395	|461	|546	|453	|633	|533	|4339	|3278	|2561	|3993	|17169	|2056	|3287	|3292	|2818	|1821	|2257	|3287	|3054	|1974	|2793	|2830	|3063	|2820	|3324	|3026	|2792	|2734	|3023	|2645	|3038	|2721	|2897	|2936	|3177	|2255	|2271	|0	|1728	|0	|3247	|3265	|3981	|2900	|2111	|2754	|3574	|2082	|2821	|2953	|2879	|2437	|2885	|2385	|2807	|2770	|3165	|2751	|2894	|2841	|2871	|2891	|
________________________________________________________
22	|429	|501	|217	|407	|340	|321	|0	|0	|266	|495	|323	|436	|364	|425	|449	|431	|3069	|2330	|1819	|2783	|2056	|12299	|2130	|2403	|2074	|1327	|1518	|2226	|1614	|1601	|2068	|2048	|2171	|1982	|2122	|2307	|2098	|2023	|2566	|1838	|2111	|2491	|2316	|2352	|2276	|1539	|1562	|2571	|0	|1271	|0	|2506	|2791	|1990	|1537	|2511	|2203	|1630	|2087	|2048	|2050	|1805	|2017	|1922	|2080	|1887	|2709	|0	|0	|2460	|2313	|2316	|
________________________________________________________
23	|627	|644	|336	|515	|514	|2673	|423	|366	|321	|470	|394	|524	|372	|530	|483	|610	|4109	|3145	|2223	|3737	|3287	|2130	|16470	|3155	|2761	|1801	|1951	|2732	|2452	|1648	|3169	|2030	|3095	|2661	|3217	|2817	|2640	|2737	|2800	|2673	|2867	|2697	|2845	|2785	|3046	|2188	|2078	|3079	|2511	|0	|2120	|0	|3695	|2709	|2013	|3036	|2846	|2021	|3470	|2374	|2708	|2550	|2800	|2383	|2691	|2719	|2974	|2630	|2736	|2734	|2779	|2795	|
________________________________________________________
24	|602	|641	|327	|519	|631	|564	|471	|0	|307	|447	|391	|503	|391	|480	|442	|433	|4093	|3178	|2220	|3706	|3292	|2403	|3155	|16375	|2673	|1784	|1934	|2720	|2352	|2054	|3124	|2957	|2972	|2649	|3089	|2729	|2698	|2713	|2787	|2465	|2840	|2629	|2671	|2678	|3044	|2052	|1991	|3112	|2496	|2330	|0	|1329	|3760	|2800	|1970	|3036	|2730	|2053	|2429	|3493	|2682	|2534	|2710	|2304	|2610	|2654	|2910	|2583	|2673	|2718	|2682	|2651	|
________________________________________________________
25	|638	|615	|241	|460	|479	|447	|342	|459	|431	|547	|0	|614	|447	|502	|591	|553	|3970	|3309	|2133	|3262	|2818	|2074	|2761	|2673	|16612	|2384	|2456	|3230	|2741	|2094	|3192	|3117	|3068	|2752	|3126	|2831	|2735	|2667	|2932	|2539	|2797	|2650	|2775	|2773	|3159	|1502	|1888	|2806	|2153	|1946	|2741	|2790	|3064	|0	|2383	|3493	|3196	|2311	|3100	|3132	|2723	|2485	|2789	|2350	|2658	|2607	|2977	|2645	|2655	|2810	|2751	|2696	|
________________________________________________________
26	|476	|368	|279	|291	|309	|310	|211	|297	|1913	|307	|166	|448	|275	|346	|360	|349	|1830	|2377	|1084	|2201	|1821	|1327	|1801	|1784	|2384	|10721	|1250	|2091	|1732	|1372	|2023	|2086	|2008	|1818	|2078	|1838	|1913	|1670	|1814	|1629	|1765	|1754	|1799	|1817	|1162	|1766	|1178	|1795	|1363	|1288	|1737	|1802	|0	|1214	|0	|2368	|2046	|1501	|2047	|2090	|1779	|1620	|1765	|1516	|1834	|1659	|1946	|1720	|1762	|1792	|1823	|1727	|
________________________________________________________
27	|419	|479	|242	|413	|535	|320	|283	|391	|227	|292	|0	|0	|344	|338	|415	|395	|2642	|1918	|1775	|2228	|2257	|1518	|1951	|1934	|2456	|1250	|11979	|1999	|2215	|1595	|2227	|2211	|2440	|2209	|2688	|1961	|1979	|2515	|2100	|1790	|2346	|1665	|1943	|2049	|1973	|1350	|1481	|1984	|1739	|1334	|1959	|2001	|3374	|0	|1243	|0	|2437	|1708	|2129	|2150	|2274	|2050	|2465	|0	|0	|2492	|2182	|1919	|2308	|1979	|1943	|1965	|
________________________________________________________
28	|539	|714	|299	|552	|606	|452	|285	|472	|318	|2832	|438	|479	|541	|516	|0	|585	|3740	|2747	|2063	|3814	|3287	|2226	|2732	|2720	|3230	|2091	|1999	|16684	|3097	|2300	|3113	|3118	|2971	|2770	|3168	|2832	|2695	|2717	|2908	|2509	|2928	|2606	|2795	|2845	|2694	|1941	|1820	|3410	|1723	|1981	|2720	|2824	|4174	|3084	|0	|2588	|0	|2452	|3174	|3157	|2758	|2474	|2725	|2319	|2719	|2667	|3015	|2695	|2863	|2782	|2736	|2795	|
________________________________________________________
29	|518	|403	|289	|334	|544	|357	|455	|436	|337	|535	|358	|0	|2492	|391	|270	|566	|3255	|2439	|1796	|2287	|3054	|1614	|2452	|2352	|2741	|1732	|2215	|3097	|14771	|1656	|2855	|2756	|2683	|2409	|3008	|2515	|2318	|2395	|2529	|2255	|2612	|2335	|2492	|2545	|2390	|1694	|1825	|1817	|2666	|1729	|2456	|2532	|3715	|2766	|2240	|0	|1696	|0	|2837	|2884	|2410	|2141	|2609	|1895	|2330	|2387	|2683	|2405	|2456	|2442	|2430	|2508	|
________________________________________________________
30	|365	|399	|204	|298	|431	|314	|285	|374	|239	|406	|318	|411	|280	|288	|0	|0	|2441	|1993	|1405	|2234	|1974	|1601	|1648	|2054	|2094	|1372	|1595	|2300	|1656	|11221	|2000	|2169	|2043	|1830	|2093	|2005	|1682	|2134	|2124	|1873	|2316	|1799	|1901	|2262	|1792	|1246	|1221	|1893	|1455	|1491	|1885	|2056	|2881	|2110	|1479	|2428	|0	|1150	|0	|2188	|1861	|1655	|1825	|1570	|1738	|2088	|2320	|2018	|2230	|0	|0	|2154	|
________________________________________________________
31	|527	|613	|294	|459	|494	|501	|339	|634	|375	|529	|438	|629	|393	|2683	|603	|384	|3720	|2832	|2019	|3293	|2793	|2068	|3169	|3124	|3192	|2023	|2227	|3113	|2855	|2000	|16655	|3522	|3051	|2851	|3171	|2856	|2811	|2684	|2855	|2519	|2903	|2683	|2842	|2795	|2715	|1903	|1864	|2725	|2255	|1988	|3612	|2416	|4266	|3128	|2283	|3509	|3235	|0	|2038	|0	|2792	|2519	|2698	|2376	|2714	|2708	|3008	|2597	|2775	|2812	|2824	|2807	|
________________________________________________________
32	|506	|595	|300	|431	|510	|349	|417	|364	|359	|539	|426	|619	|506	|587	|612	|0	|3643	|2709	|2016	|3286	|2830	|2048	|2030	|2957	|3117	|2086	|2211	|3118	|2756	|2169	|3522	|16652	|3117	|2782	|3135	|2830	|2789	|2701	|2914	|2512	|2850	|2665	|2731	|2742	|2751	|1891	|1900	|2786	|2227	|2060	|2289	|3700	|4245	|3170	|2298	|3536	|3262	|2485	|0	|1441	|2712	|2543	|2819	|2336	|2745	|2759	|3033	|2678	|2804	|2828	|2775	|2799	|
________________________________________________________
33	|757	|773	|0	|602	|506	|311	|344	|626	|417	|576	|487	|671	|429	|483	|482	|515	|4038	|3179	|2811	|3689	|3063	|2171	|3095	|2972	|3068	|2008	|2440	|2971	|2683	|2043	|3051	|3117	|18284	|3400	|3920	|3500	|3470	|3460	|3630	|1787	|3163	|2901	|3038	|3004	|3026	|2018	|2405	|2965	|2317	|2486	|3044	|3060	|4122	|3098	|2463	|3406	|3044	|2219	|3022	|3071	|2710	|0	|3450	|2839	|3400	|3443	|4243	|2625	|3054	|2975	|3028	|3030	|
________________________________________________________
34	|561	|3621	|241	|536	|538	|502	|485	|444	|387	|507	|416	|612	|382	|480	|484	|497	|3644	|2838	|2038	|3621	|2820	|1982	|2661	|2649	|2752	|1818	|2209	|2770	|2409	|1830	|2851	|2782	|3400	|16635	|3646	|3170	|3189	|3215	|3300	|2760	|2914	|2636	|2734	|2803	|2779	|1883	|0	|2777	|2155	|1967	|2713	|2717	|3830	|2755	|2234	|3084	|2849	|2035	|2669	|2768	|0	|2174	|3120	|2610	|3075	|3022	|2732	|3655	|2793	|2756	|2872	|2765	|
________________________________________________________
35	|3247	|689	|381	|507	|632	|478	|413	|666	|430	|595	|0	|725	|505	|365	|467	|624	|4080	|3247	|2406	|3719	|3324	|2122	|3217	|3089	|3126	|2078	|2688	|3168	|3008	|2093	|3171	|3135	|3920	|3646	|19067	|3496	|3505	|3596	|3285	|2768	|3656	|2202	|3176	|3226	|3100	|2142	|0	|3178	|2556	|2214	|3079	|3226	|4402	|3240	|2855	|3393	|3252	|2526	|3133	|3190	|3563	|3185	|2879	|0	|3543	|3517	|3484	|3060	|4005	|2676	|3181	|3116	|
________________________________________________________
36	|604	|785	|373	|0	|607	|514	|347	|425	|334	|2832	|355	|733	|443	|529	|634	|506	|3652	|2814	|2520	|3442	|3026	|2307	|2817	|2729	|2831	|1838	|1961	|2832	|2515	|2005	|2856	|2830	|3500	|3170	|3496	|17015	|3289	|3292	|3025	|2521	|3359	|3267	|2849	|2824	|2727	|1988	|2306	|2756	|2223	|2022	|2842	|2950	|3853	|2863	|0	|3248	|2861	|2063	|2768	|2839	|3139	|2849	|0	|2141	|3335	|3166	|3152	|2677	|2358	|3601	|2834	|2829	|
________________________________________________________
37	|585	|687	|327	|499	|490	|437	|341	|446	|1913	|432	|452	|472	|457	|411	|429	|667	|3629	|2731	|2248	|3364	|2792	|2098	|2640	|2698	|2735	|1913	|1979	|2695	|2318	|1682	|2811	|2789	|3470	|3189	|3505	|3289	|16533	|3018	|2949	|2411	|2850	|2767	|3187	|1899	|2687	|1936	|2029	|2688	|2151	|1925	|2721	|2833	|3577	|2788	|0	|3168	|2828	|2051	|2826	|2889	|3066	|2837	|3065	|2723	|2467	|0	|3008	|2670	|2632	|2723	|3646	|2339	|
________________________________________________________
38	|611	|689	|338	|536	|442	|423	|337	|471	|327	|570	|502	|0	|442	|533	|464	|414	|3534	|2805	|2254	|3315	|2734	|2023	|2737	|2713	|2667	|1670	|2515	|2717	|2395	|2134	|2684	|2701	|3460	|3215	|3596	|3292	|3018	|16468	|2898	|2440	|2908	|2701	|3109	|3171	|2751	|1935	|1941	|2815	|2123	|1925	|2709	|2733	|3628	|2709	|2412	|2906	|2733	|2014	|2731	|2725	|3069	|2774	|3040	|2712	|0	|2446	|3064	|2644	|2736	|2762	|2354	|3539	|
________________________________________________________
39	|605	|692	|235	|516	|634	|523	|0	|631	|323	|527	|418	|592	|500	|499	|598	|613	|3944	|2984	|2436	|3467	|3023	|2566	|2800	|2787	|2932	|1814	|2100	|2908	|2529	|2124	|2855	|2914	|3630	|3300	|3285	|3025	|2949	|2898	|17464	|2755	|3415	|3163	|3393	|3316	|2859	|1943	|1985	|2900	|2296	|2436	|2882	|2833	|3993	|2891	|2125	|3348	|3002	|2345	|2980	|2858	|3769	|2105	|2958	|2450	|2886	|2829	|3048	|0	|3369	|3286	|3263	|3267	|
________________________________________________________
40	|416	|601	|365	|392	|460	|2673	|250	|449	|283	|404	|349	|507	|440	|485	|505	|498	|3338	|2518	|1586	|2994	|2645	|1838	|2673	|2465	|2539	|1629	|1790	|2509	|2255	|1873	|2519	|2512	|1787	|2760	|2768	|2521	|2411	|2440	|2755	|14936	|2939	|2764	|2889	|2832	|2446	|1703	|1691	|2448	|1972	|0	|2500	|2463	|3320	|2521	|1797	|2801	|2538	|1970	|2530	|2444	|1968	|3062	|2490	|2115	|2482	|2451	|0	|1925	|2867	|2848	|2849	|2795	|
________________________________________________________
41	|637	|643	|309	|575	|3038	|436	|492	|407	|350	|603	|356	|577	|527	|516	|0	|625	|3780	|2866	|2069	|3507	|3038	|2111	|2867	|2840	|2797	|1765	|2346	|2928	|2612	|2316	|2903	|2850	|3163	|2914	|3656	|3359	|2850	|2908	|3415	|2939	|17229	|3126	|3329	|3280	|2738	|1941	|1949	|2793	|2283	|0	|2809	|2868	|3902	|3016	|2005	|3195	|2949	|2570	|2932	|2933	|2894	|2581	|3651	|2134	|2893	|2715	|3521	|3233	|2515	|0	|3273	|3248	|
________________________________________________________
42	|375	|586	|317	|384	|531	|541	|402	|0	|279	|515	|505	|593	|400	|2683	|365	|587	|3492	|2704	|1984	|3343	|2721	|2491	|2697	|2629	|2650	|1754	|1665	|2606	|2335	|1799	|2683	|2665	|2901	|2636	|2202	|3267	|2767	|2701	|3163	|2764	|3126	|16159	|3130	|3083	|2608	|1796	|2073	|2721	|2083	|2319	|2692	|2652	|3650	|2682	|1868	|3164	|2687	|0	|2669	|2740	|2595	|2420	|2248	|3122	|2734	|2647	|3312	|2899	|0	|2289	|3106	|3090	|
________________________________________________________
43	|540	|628	|282	|484	|579	|544	|411	|543	|377	|489	|365	|755	|2492	|470	|572	|433	|3613	|2802	|2064	|3452	|2897	|2316	|2845	|2671	|2775	|1799	|1943	|2795	|2492	|1901	|2842	|2731	|3038	|2734	|3176	|2849	|3187	|3109	|3393	|2889	|3329	|3130	|16775	|3251	|2737	|1977	|1844	|2794	|2178	|2143	|2738	|2790	|3761	|2820	|1976	|3167	|2821	|0	|2775	|2795	|2873	|2429	|2818	|2351	|3641	|2297	|3556	|3066	|3152	|3127	|2413	|0	|
________________________________________________________
44	|529	|627	|316	|438	|585	|513	|421	|553	|199	|457	|428	|516	|493	|567	|553	|0	|3798	|2811	|2033	|3415	|2936	|2352	|2785	|2678	|2773	|1817	|2049	|2845	|2545	|2262	|2795	|2742	|3004	|2803	|3226	|2824	|1899	|3171	|3316	|2832	|3280	|3083	|3251	|16852	|2756	|1957	|1872	|2827	|2196	|2253	|2792	|2785	|3833	|2745	|2200	|3114	|2829	|2544	|2675	|2704	|2814	|2546	|2774	|2380	|2406	|3560	|3402	|2990	|3197	|3145	|0	|2377	|
________________________________________________________
45	|0	|741	|349	|538	|567	|479	|378	|549	|195	|451	|492	|587	|422	|423	|440	|485	|3140	|0	|2399	|3750	|3177	|2276	|3046	|3044	|3159	|1162	|1973	|2694	|2390	|1792	|2715	|2751	|3026	|2779	|3100	|2727	|2687	|2751	|2859	|2446	|2738	|2608	|2737	|2756	|16327	|2236	|2163	|3161	|2371	|2137	|3132	|3149	|4334	|3261	|2155	|3001	|2891	|1994	|2673	|2669	|2630	|2353	|2680	|2362	|2667	|2703	|3056	|2600	|2778	|2630	|2690	|2768	|
________________________________________________________
46	|309	|483	|1757	|312	|379	|345	|281	|378	|312	|324	|310	|342	|280	|283	|330	|352	|0	|1529	|0	|2713	|2255	|1539	|2188	|2052	|1502	|1766	|1350	|1941	|1694	|1246	|1903	|1891	|2018	|1883	|2142	|1988	|1936	|1935	|1943	|1703	|1941	|1796	|1977	|1957	|2236	|11404	|1268	|2172	|1736	|1542	|2173	|2161	|2091	|2349	|1225	|2167	|1968	|1405	|1959	|1983	|1899	|1757	|1908	|1598	|1929	|1885	|2145	|1804	|1854	|1863	|1899	|1893	|
________________________________________________________
47	|0	|0	|195	|293	|408	|342	|291	|339	|251	|375	|342	|403	|307	|350	|472	|328	|2972	|0	|1208	|0	|2271	|1562	|2078	|1991	|1888	|1178	|1481	|1820	|1825	|1221	|1864	|1900	|2405	|0	|0	|2306	|2029	|1941	|1985	|1691	|1949	|2073	|1844	|1872	|2163	|1268	|11174	|1926	|1822	|1520	|2027	|2043	|2452	|1879	|1628	|1891	|2099	|1402	|1865	|1896	|2231	|1668	|1801	|1982	|2071	|2000	|2063	|1816	|1651	|2103	|1793	|1864	|
________________________________________________________
48	|663	|527	|287	|2748	|0	|527	|433	|538	|312	|574	|367	|689	|306	|430	|547	|556	|4211	|3206	|0	|2915	|0	|2571	|3079	|3112	|2806	|1795	|1984	|3410	|1817	|1893	|2725	|2786	|2965	|2777	|3178	|2756	|2688	|2815	|2900	|2448	|2793	|2721	|2794	|2827	|3161	|2172	|1926	|16711	|2649	|2375	|3052	|3160	|3747	|2699	|2032	|3679	|3308	|2265	|2833	|2745	|2706	|2485	|2748	|2277	|2722	|2720	|3045	|2673	|2783	|2793	|2757	|2832	|
________________________________________________________
49	|533	|0	|314	|462	|302	|418	|2148	|389	|271	|267	|275	|310	|441	|335	|457	|334	|3252	|2448	|1922	|0	|1728	|0	|2511	|2496	|2153	|1363	|1739	|1723	|2666	|1455	|2255	|2227	|2317	|2155	|2556	|2223	|2151	|2123	|2296	|1972	|2283	|2083	|2178	|2196	|2371	|1736	|1822	|2649	|13156	|1536	|2503	|2448	|3085	|2219	|1585	|1772	|2741	|1488	|2170	|2274	|2128	|2012	|2219	|1835	|2127	|2127	|2463	|2148	|2275	|2187	|2224	|2212	|
________________________________________________________
50	|417	|521	|232	|377	|0	|0	|247	|352	|233	|353	|280	|404	|339	|377	|391	|369	|2861	|2235	|1643	|2805	|0	|1271	|0	|2330	|1946	|1288	|1334	|1981	|1729	|1491	|1988	|2060	|2486	|1967	|2214	|2022	|1925	|1925	|2436	|0	|0	|2319	|2143	|2253	|2137	|1542	|1520	|2375	|1536	|11736	|1992	|2354	|2592	|1937	|1425	|2160	|1895	|1689	|1748	|2091	|2175	|1568	|1887	|1746	|1951	|1963	|2573	|1937	|1956	|2371	|2164	|2228	|
________________________________________________________
51	|570	|664	|327	|530	|603	|343	|349	|2804	|315	|442	|388	|566	|416	|603	|460	|585	|4085	|3126	|2302	|3695	|3247	|0	|2120	|0	|2741	|1737	|1959	|2720	|2456	|1885	|3612	|2289	|3044	|2713	|3079	|2842	|2721	|2709	|2882	|2500	|2809	|2692	|2738	|2792	|3132	|2173	|2027	|3052	|2503	|1992	|16446	|3346	|3727	|2721	|1960	|2998	|2815	|2028	|3086	|3114	|2744	|2511	|2747	|2353	|2778	|2738	|3059	|2725	|2804	|2618	|2742	|2713	|
________________________________________________________
52	|608	|659	|349	|522	|609	|0	|422	|562	|337	|496	|392	|533	|468	|377	|488	|350	|4117	|3182	|2333	|3761	|3265	|2506	|0	|1329	|2790	|1802	|2001	|2824	|2532	|2056	|2416	|3700	|3060	|2717	|3226	|2950	|2833	|2733	|2833	|2463	|2868	|2652	|2790	|2785	|3149	|2161	|2043	|3160	|2448	|2354	|3346	|16745	|3831	|2742	|2026	|3019	|2963	|2082	|1993	|3135	|2736	|2577	|2778	|2331	|2788	|2744	|2972	|2642	|2812	|2763	|2740	|2803	|
________________________________________________________
53	|633	|924	|319	|624	|712	|588	|520	|614	|0	|757	|605	|840	|658	|683	|716	|767	|5574	|3258	|2957	|4566	|3981	|2791	|3695	|3760	|3064	|0	|3374	|4174	|3715	|2881	|4266	|4245	|4122	|3830	|4402	|3853	|3577	|3628	|3993	|3320	|3902	|3650	|3761	|3833	|4334	|2091	|2452	|3747	|3085	|2592	|3727	|3831	|22643	|4415	|3048	|4854	|4383	|3121	|4244	|4399	|3753	|3351	|3752	|3224	|3697	|3621	|4204	|3730	|3778	|3757	|3830	|3722	|
________________________________________________________
54	|655	|612	|353	|430	|566	|436	|366	|474	|207	|576	|2302	|542	|477	|475	|518	|604	|3280	|3423	|2072	|3369	|2900	|1990	|2709	|2800	|0	|1214	|0	|3084	|2766	|2110	|3128	|3170	|3098	|2755	|3240	|2863	|2788	|2709	|2891	|2521	|3016	|2682	|2820	|2745	|3261	|2349	|1879	|2699	|2219	|1937	|2721	|2742	|4415	|16732	|2037	|3589	|3158	|2324	|3251	|3247	|2761	|2477	|2820	|2302	|2751	|2665	|3099	|2765	|2872	|2683	|2877	|2813	|
________________________________________________________
55	|501	|467	|231	|421	|366	|324	|263	|332	|0	|0	|239	|358	|371	|372	|422	|384	|2838	|2032	|1629	|2371	|2111	|1537	|2013	|1970	|2383	|0	|1243	|0	|2240	|1479	|2283	|2298	|2463	|2234	|2855	|0	|0	|2412	|2125	|1797	|2005	|1868	|1976	|2200	|2155	|1225	|1628	|2032	|1585	|1425	|1960	|2026	|3048	|2037	|12129	|2149	|2484	|1766	|2240	|2283	|2271	|2038	|2452	|1639	|1985	|2345	|2228	|1928	|2042	|2034	|1847	|2270	|
________________________________________________________
56	|562	|772	|311	|555	|503	|530	|293	|542	|449	|444	|485	|3314	|0	|603	|653	|653	|4069	|3154	|2246	|4343	|2754	|2511	|3036	|3036	|3493	|2368	|0	|2588	|0	|2428	|3509	|3536	|3406	|3084	|3393	|3248	|3168	|2906	|3348	|2801	|3195	|3164	|3167	|3114	|3001	|2167	|1891	|3679	|1772	|2160	|2998	|3019	|4854	|3589	|2149	|18596	|3894	|2505	|3575	|3516	|3145	|2851	|2881	|2733	|3314	|2958	|3382	|3036	|3087	|3109	|3078	|3069	|
________________________________________________________
57	|539	|572	|302	|536	|615	|508	|418	|507	|396	|0	|487	|696	|274	|567	|2863	|506	|3772	|2786	|2061	|2998	|3574	|2203	|2846	|2730	|3196	|2046	|2437	|0	|1696	|0	|3235	|3262	|3044	|2849	|3252	|2861	|2828	|2733	|3002	|2538	|2949	|2687	|2821	|2829	|2891	|1968	|2099	|3308	|2741	|1895	|2815	|2963	|4383	|3158	|2484	|3894	|17010	|2153	|3212	|3244	|2699	|2454	|2892	|2459	|2736	|2729	|3119	|2682	|2931	|2863	|2841	|2762	|
________________________________________________________
58	|421	|454	|251	|448	|471	|329	|288	|388	|266	|409	|304	|439	|0	|0	|376	|377	|2669	|1996	|1519	|2568	|2082	|1630	|2021	|2053	|2311	|1501	|1708	|2452	|0	|1150	|0	|2485	|2219	|2035	|2526	|2063	|2051	|2014	|2345	|1970	|2570	|0	|0	|2544	|1994	|1405	|1402	|2265	|1488	|1689	|2028	|2082	|3121	|2324	|1766	|2505	|2153	|12203	|2118	|2454	|1990	|1836	|2132	|1515	|1940	|1914	|2488	|2226	|2446	|2007	|2056	|2450	|
________________________________________________________
59	|548	|585	|307	|450	|499	|546	|322	|532	|380	|515	|424	|630	|497	|325	|470	|3002	|3602	|2777	|1926	|3322	|2821	|2087	|3470	|2429	|3100	|2047	|2129	|3174	|2837	|0	|2038	|0	|3022	|2669	|3133	|2768	|2826	|2731	|2980	|2530	|2932	|2669	|2775	|2675	|2673	|1959	|1865	|2833	|2170	|1748	|3086	|1993	|4244	|3251	|2240	|3575	|3212	|2118	|16590	|3539	|2834	|2516	|2762	|2340	|2659	|2652	|3102	|2737	|2735	|2778	|3002	|2718	|
________________________________________________________
60	|560	|561	|284	|444	|549	|393	|422	|553	|383	|517	|428	|592	|526	|0	|585	|634	|3594	|2765	|2091	|3272	|2953	|2048	|2374	|3493	|3132	|2090	|2150	|3157	|2884	|2188	|0	|1441	|3071	|2768	|3190	|2839	|2889	|2725	|2858	|2444	|2933	|2740	|2795	|2704	|2669	|1983	|1896	|2745	|2274	|2091	|3114	|3135	|4399	|3247	|2283	|3516	|3244	|2454	|3539	|16694	|2826	|2501	|2736	|2374	|2675	|2773	|2967	|2721	|2747	|2753	|2736	|2651	|
________________________________________________________
61	|620	|0	|301	|548	|500	|331	|439	|537	|351	|501	|450	|641	|422	|435	|457	|499	|3643	|2760	|2550	|3265	|2879	|2050	|2708	|2682	|2723	|1779	|2274	|2758	|2410	|1861	|2792	|2712	|2710	|0	|3563	|3139	|3066	|3069	|3769	|1968	|2894	|2595	|2873	|2814	|2630	|1899	|2231	|2706	|2128	|2175	|2744	|2736	|3753	|2761	|2271	|3145	|2699	|1990	|2834	|2826	|16699	|2751	|3167	|2667	|3169	|3159	|3528	|3150	|2730	|2757	|2745	|2755	|
________________________________________________________
62	|557	|483	|1757	|419	|452	|597	|371	|375	|346	|486	|386	|566	|343	|406	|411	|453	|3328	|2468	|0	|3028	|2437	|1805	|2550	|2534	|2485	|1620	|2050	|2474	|2141	|1655	|2519	|2543	|0	|2174	|3185	|2849	|2837	|2774	|2105	|3062	|2581	|2420	|2429	|2546	|2353	|1757	|1668	|2485	|2012	|1568	|2511	|2577	|3351	|2477	|2038	|2851	|2454	|1836	|2516	|2501	|2751	|14946	|2871	|2412	|2770	|2712	|1857	|2745	|2542	|2469	|2515	|2441	|
________________________________________________________
63	|461	|664	|287	|2748	|667	|455	|388	|552	|391	|0	|436	|640	|419	|368	|551	|531	|3596	|2760	|0	|3274	|2885	|2017	|2800	|2710	|2789	|1765	|2465	|2725	|2609	|1825	|2698	|2819	|3450	|3120	|2879	|0	|3065	|3040	|2958	|2490	|3651	|2248	|2818	|2774	|2680	|1908	|1801	|2748	|2219	|1887	|2747	|2778	|3752	|2820	|2452	|2881	|2892	|2132	|2762	|2736	|3167	|2871	|16604	|2689	|3032	|3028	|2994	|2735	|3241	|3128	|2811	|2774	|
________________________________________________________
64	|0	|654	|305	|413	|384	|425	|278	|240	|288	|342	|2302	|497	|320	|557	|469	|372	|3037	|2282	|2125	|2983	|2385	|1922	|2383	|2304	|2350	|1516	|0	|2319	|1895	|1570	|2376	|2336	|2839	|2610	|0	|2141	|2723	|2712	|2450	|2115	|2134	|3122	|2351	|2380	|2362	|1598	|1982	|2277	|1835	|1746	|2353	|2331	|3224	|2302	|1639	|2733	|2459	|1515	|2340	|2374	|2667	|2412	|2689	|14154	|2735	|2628	|2600	|2298	|1498	|2713	|2407	|2370	|
________________________________________________________
65	|607	|699	|335	|489	|500	|465	|351	|462	|288	|565	|401	|3314	|538	|452	|450	|577	|3581	|2752	|2305	|3337	|2807	|2080	|2691	|2610	|2658	|1834	|0	|2719	|2330	|1738	|2714	|2745	|3400	|3075	|3543	|3335	|2467	|0	|2886	|2482	|2893	|2734	|3641	|2406	|2667	|1929	|2071	|2722	|2127	|1951	|2778	|2788	|3697	|2751	|1985	|3314	|2736	|1940	|2659	|2675	|3169	|2770	|3032	|2735	|16489	|2886	|3029	|2554	|2654	|2740	|3144	|3165	|
________________________________________________________
66	|547	|665	|300	|483	|466	|472	|339	|497	|0	|559	|449	|613	|339	|503	|444	|296	|3632	|2675	|2250	|3335	|2770	|1887	|2719	|2654	|2607	|1659	|2492	|2667	|2387	|2088	|2708	|2759	|3443	|3022	|3517	|3166	|0	|2446	|2829	|2451	|2715	|2647	|2297	|3560	|2703	|1885	|2000	|2720	|2127	|1963	|2738	|2744	|3621	|2665	|2345	|2958	|2729	|1914	|2652	|2773	|3159	|2712	|3028	|2628	|2886	|16319	|2976	|2546	|2765	|2668	|1867	|3174	|
________________________________________________________
67	|651	|586	|222	|499	|666	|0	|457	|614	|348	|517	|400	|629	|502	|537	|590	|640	|4067	|3032	|2541	|3662	|3165	|2709	|2974	|2910	|2977	|1946	|2182	|3015	|2683	|2320	|3008	|3033	|4243	|2732	|3484	|3152	|3008	|3064	|3048	|0	|3521	|3312	|3556	|3402	|3056	|2145	|2063	|3045	|2463	|2573	|3059	|2972	|4204	|3099	|2228	|3382	|3119	|2488	|3102	|2967	|3528	|1857	|2994	|2600	|3029	|2976	|18289	|3429	|3455	|3396	|3470	|3491	|
________________________________________________________
68	|531	|773	|342	|446	|589	|348	|2148	|481	|312	|460	|408	|520	|418	|467	|501	|560	|3466	|2684	|2003	|3259	|2751	|0	|2630	|2583	|2645	|1720	|1919	|2695	|2405	|2018	|2597	|2678	|2625	|3655	|3060	|2677	|2670	|2644	|0	|1925	|3233	|2899	|3066	|2990	|2600	|1804	|1816	|2673	|2148	|1937	|2725	|2642	|3730	|2765	|1928	|3036	|2682	|2226	|2737	|2721	|3150	|2745	|2735	|2298	|2554	|2546	|3429	|16088	|3081	|3002	|3131	|3096	|
________________________________________________________
69	|688	|602	|259	|548	|443	|546	|376	|2804	|338	|418	|231	|528	|500	|0	|559	|612	|3725	|2833	|1979	|3361	|2894	|0	|2736	|2673	|2655	|1762	|2308	|2863	|2456	|2230	|2775	|2804	|3054	|2793	|4005	|2358	|2632	|2736	|3369	|2867	|2515	|0	|3152	|3197	|2778	|1854	|1651	|2783	|2275	|1956	|2804	|2812	|3778	|2872	|2042	|3087	|2931	|2446	|2735	|2747	|2730	|2542	|3241	|1498	|2654	|2765	|3455	|3081	|16660	|3148	|3110	|3077	|
________________________________________________________
70	|427	|589	|328	|480	|0	|585	|403	|512	|312	|628	|426	|522	|487	|396	|2863	|523	|3574	|2673	|2004	|3273	|2841	|2460	|2734	|2718	|2810	|1792	|1979	|2782	|2442	|0	|2812	|2828	|2975	|2756	|2676	|3601	|2723	|2762	|3286	|2848	|0	|2289	|3127	|3145	|2630	|1863	|2103	|2793	|2187	|2371	|2618	|2763	|3757	|2683	|2034	|3109	|2863	|2007	|2778	|2753	|2757	|2469	|3128	|2713	|2740	|2668	|3396	|3002	|3148	|16507	|3240	|3208	|
________________________________________________________
71	|540	|601	|299	|470	|574	|502	|426	|534	|423	|443	|369	|636	|354	|560	|534	|3002	|3594	|2786	|2018	|3315	|2871	|2313	|2779	|2682	|2751	|1823	|1943	|2736	|2430	|0	|2824	|2775	|3028	|2872	|3181	|2834	|3646	|2354	|3263	|2849	|3273	|3106	|2413	|0	|2690	|1899	|1793	|2757	|2224	|2164	|2742	|2740	|3830	|2877	|1847	|3078	|2841	|2056	|3002	|2736	|2745	|2515	|2811	|2407	|3144	|1867	|3470	|3131	|3110	|3240	|16678	|3219	|
________________________________________________________
72	|492	|604	|297	|469	|602	|515	|399	|518	|256	|471	|445	|630	|0	|547	|587	|581	|3703	|2761	|1987	|3269	|2891	|2316	|2795	|2651	|2696	|1727	|1965	|2795	|2508	|2154	|2807	|2799	|3030	|2765	|3116	|2829	|2339	|3539	|3267	|2795	|3248	|3090	|0	|2377	|2768	|1893	|1864	|2832	|2212	|2228	|2713	|2803	|3722	|2813	|2270	|3069	|2762	|2450	|2718	|2651	|2755	|2441	|2774	|2370	|3165	|3174	|3491	|3096	|3077	|3208	|3219	|16596	|
________________________________________________________
