0	|1	|2	|3	|4	|5	|6	|7	|8	|9	|10	|11	|12	|13	|14	|15	|16	|17	|18	|19	|20	|21	|22	|23	|24	|25	|26	|27	|28	|29	|30	|31	|32	|33	|34	|35	|36	|37	|38	|39	|40	|41	|42	|43	|44	|45	|46	|47	|48	|49	|50	|51	|52	|53	|54	|55	|56	|57	|58	|59	|60	|61	|62	|63	|64	|65	|66	|67	|68	|69	|70	|71	|72	|
1	|100	|2,89	|1,63	|3,57	|4,4	|2,62	|2,77	|4,1	|3,39	|3,3	|0	|3,33	|2,77	|1,88	|2,03	|3,23	|23,34	|100	|12,53	|19,34	|21,56	|13,21	|19,31	|18,54	|19,65	|14,66	|12,9	|16,6	|15,95	|11,24	|16,23	|15,58	|23,31	|17,28	|100	|18,6	|18,02	|18,82	|18,63	|12,81	|19,62	|11,55	|16,63	|16,29	|0	|9,52	|0	|20,42	|16,42	|12,84	|17,55	|18,72	|19,49	|20,17	|15,43	|17,31	|16,6	|12,97	|16,88	|17,25	|19,09	|17,15	|14,2	|0	|18,69	|16,85	|20,05	|16,35	|21,19	|13,15	|16,63	|15,15	|
________________________________________________________
2	|2,6	|100	|2,04	|2,35	|3,92	|3,62	|0	|3,65	|2,18	|4,11	|3,09	|4,45	|1,71	|3,09	|3,09	|2,95	|24,16	|17,59	|12,4	|100	|19,55	|13,84	|17,79	|17,7	|16,98	|10,16	|13,23	|19,72	|11,13	|11,02	|16,93	|16,43	|21,35	|100	|19,03	|21,68	|18,97	|19,03	|19,11	|16,6	|17,76	|16,18	|17,34	|17,32	|20,46	|13,34	|0	|14,55	|0	|14,39	|18,34	|18,2	|25,52	|16,9	|12,9	|21,32	|15,8	|12,54	|16,16	|15,49	|0	|13,34	|18,34	|18,06	|19,3	|18,37	|16,18	|21,35	|16,63	|16,27	|16,6	|16,68	|
________________________________________________________
3	|3,02	|4,21	|100	|2,28	|4,04	|4,33	|2,96	|3,07	|3,07	|3,93	|2,79	|3,24	|2,05	|3,02	|3,98	|2,96	|0	|13,77	|0	|27,43	|20,6	|12,35	|19,12	|18,61	|13,72	|15,88	|13,77	|17,02	|16,45	|11,61	|16,73	|17,07	|0	|13,72	|21,68	|21,23	|18,61	|19,24	|13,38	|20,77	|17,59	|18,04	|16,05	|17,99	|19,86	|100	|11,1	|16,33	|17,87	|13,2	|18,61	|19,86	|18,16	|20,09	|13,15	|17,7	|17,19	|14,29	|17,47	|16,16	|17,13	|100	|16,33	|17,36	|19,07	|17,07	|12,64	|19,46	|14,74	|18,67	|17,02	|16,9	|
________________________________________________________
4	|4,22	|3,09	|1,46	|100	|0	|2,84	|2,44	|4,15	|2,33	|0	|2,4	|4,66	|2,04	|2,29	|3,24	|4,48	|25,95	|21,76	|0	|16,59	|0	|14,81	|18,74	|18,89	|16,74	|10,59	|15,03	|20,09	|12,15	|10,84	|16,7	|15,68	|21,91	|19,51	|18,45	|0	|18,16	|19,51	|18,78	|14,26	|20,92	|13,97	|17,61	|15,94	|19,58	|11,35	|10,66	|100	|16,81	|13,72	|19,29	|19	|22,71	|15,65	|15,32	|20,2	|19,51	|16,3	|16,38	|16,16	|19,94	|15,25	|100	|15,03	|17,79	|17,58	|18,16	|16,23	|19,94	|17,47	|17,1	|17,07	|
________________________________________________________
5	|4,71	|4,67	|2,34	|0	|100	|1,97	|2,07	|3,36	|2,7	|4,28	|1,91	|2,8	|3,52	|3,06	|0	|3,29	|26,4	|19,29	|14,68	|23,37	|100	|11,19	|16,92	|20,77	|15,77	|10,17	|17,61	|19,95	|17,91	|14,19	|16,26	|16,79	|16,66	|17,71	|20,8	|19,98	|16,13	|14,55	|20,87	|15,14	|100	|17,48	|19,06	|19,26	|18,66	|12,48	|13,43	|0	|9,94	|0	|19,85	|20,05	|23,44	|18,63	|12,05	|16,56	|20,24	|15,5	|16,43	|18,07	|16,46	|14,88	|21,96	|12,64	|16,46	|15,34	|21,92	|19,39	|14,58	|0	|18,89	|19,82	|
________________________________________________________
6	|3,18	|4,9	|2,84	|2,92	|2,24	|100	|2,06	|2,24	|2,28	|3,78	|2,77	|3,52	|2,73	|3,89	|4,3	|4,12	|25,22	|19,34	|12,27	|23,91	|17,51	|12,01	|100	|21,1	|16,72	|11,6	|11,97	|16,91	|13,36	|11,75	|18,74	|13,06	|11,63	|18,78	|17,88	|19,23	|16,35	|15,82	|19,57	|100	|16,31	|20,24	|20,35	|19,19	|17,92	|12,91	|12,79	|19,72	|15,64	|0	|12,83	|0	|22	|16,31	|12,12	|19,83	|19	|12,31	|20,43	|14,7	|12,38	|22,33	|17,02	|15,9	|17,4	|17,66	|0	|13,02	|20,43	|21,89	|18,78	|19,27	|
________________________________________________________
7	|4,19	|0	|2,42	|3,12	|2,93	|2,56	|100	|2,84	|1,86	|2,09	|2,05	|2,19	|3,96	|3,03	|3,63	|2,65	|25,19	|18,58	|13,73	|0	|12,34	|0	|19,69	|21,93	|15,92	|9,82	|13,18	|13,27	|21,18	|13,27	|15,78	|19,41	|16,01	|22,58	|19,23	|16,15	|15,88	|15,69	|0	|11,64	|22,91	|18,72	|19,13	|19,6	|17,6	|13,08	|13,55	|20,16	|100	|11,5	|16,25	|19,65	|24,21	|17,04	|12,24	|13,64	|19,46	|13,41	|14,99	|19,65	|20,44	|17,27	|18,06	|12,94	|16,34	|15,78	|21,28	|100	|17,5	|18,76	|19,83	|18,58	|
________________________________________________________
8	|4,74	|4,71	|1,93	|4,07	|3,64	|2,14	|2,18	|100	|2,14	|2,6	|1,6	|3,32	|3	|0	|3,46	|4,46	|25,29	|19,58	|13,73	|24,07	|22,36	|0	|13,05	|0	|16,37	|10,59	|13,94	|16,83	|15,55	|13,34	|22,61	|12,98	|22,33	|15,83	|23,75	|15,16	|15,91	|16,8	|22,5	|16,01	|14,51	|0	|19,37	|19,72	|19,58	|13,48	|12,09	|19,19	|13,87	|12,55	|100	|20,04	|21,9	|16,9	|11,84	|19,33	|18,08	|13,84	|18,97	|19,72	|19,15	|13,37	|19,69	|8,56	|16,48	|17,72	|21,9	|17,15	|100	|18,26	|19,04	|18,47	|
________________________________________________________
9	|5,75	|4,13	|2,82	|3,35	|4,29	|3,19	|2,09	|3,14	|100	|2,61	|1,57	|3,4	|3,55	|2,56	|3,35	|4,81	|17,3	|23,47	|13,17	|18,77	|18,92	|13,9	|16,78	|16,05	|22,53	|100	|11,87	|16,62	|17,62	|12,49	|19,6	|18,77	|21,8	|20,23	|22,48	|17,46	|100	|17,09	|16,88	|14,79	|18,3	|14,58	|19,71	|10,4	|10,19	|16,31	|13,12	|16,31	|14,17	|12,18	|16,47	|17,62	|0	|10,82	|0	|23,47	|20,7	|13,9	|19,86	|20,02	|18,35	|18,09	|20,44	|15,05	|15,05	|0	|18,19	|16,31	|17,67	|16,31	|22,11	|13,38	|
________________________________________________________
10	|3,78	|5,26	|2,44	|0	|4,59	|3,57	|1,59	|2,58	|1,77	|100	|2,68	|3,88	|3,14	|3,39	|0	|3,5	|21,43	|15,64	|14,48	|22,35	|20,55	|17,48	|16,6	|15,78	|19,31	|10,84	|10,31	|100	|18,89	|14,34	|18,68	|19,03	|20,34	|17,9	|21,01	|100	|15,25	|20,13	|18,61	|14,27	|21,29	|18,19	|17,27	|16,14	|15,93	|11,44	|13,24	|20,27	|9,43	|12,46	|15,61	|17,51	|26,73	|20,34	|0	|15,68	|0	|14,44	|18,19	|18,26	|17,69	|17,16	|0	|12,08	|19,95	|19,74	|18,26	|16,24	|14,76	|22,18	|15,64	|16,63	|
________________________________________________________
11	|0	|4,87	|2,13	|2,87	|2,52	|3,21	|1,91	|1,95	|1,3	|3,3	|100	|3,39	|2,3	|4,52	|3,52	|3,08	|18,64	|19,37	|15,2	|21,24	|17,16	|14,03	|17,12	|16,99	|0	|7,21	|0	|19,03	|15,55	|13,81	|19,03	|18,51	|21,16	|18,07	|0	|15,42	|19,64	|21,81	|18,16	|15,16	|15,46	|21,94	|15,86	|18,59	|21,37	|13,47	|14,86	|15,94	|11,95	|12,16	|16,85	|17,03	|26,28	|100	|10,38	|21,07	|21,16	|13,21	|18,42	|18,59	|19,55	|16,77	|18,94	|100	|17,42	|19,5	|17,38	|17,72	|10,03	|18,51	|16,03	|19,33	|
________________________________________________________
12	|3,26	|4,86	|1,72	|3,86	|2,56	|2,84	|1,42	|2,81	|1,96	|3,32	|2,35	|100	|0	|3,23	|3,14	|4,19	|23,54	|16,11	|14,54	|23,39	|13,91	|13,16	|15,81	|15,18	|18,53	|13,52	|0	|14,45	|0	|12,4	|18,98	|18,68	|20,25	|18,47	|21,88	|22,12	|14,24	|0	|17,86	|15,3	|17,41	|17,89	|22,78	|15,57	|17,71	|10,32	|12,16	|20,79	|9,35	|12,19	|17,08	|16,08	|25,35	|16,35	|10,8	|100	|21	|13,25	|19,01	|17,86	|19,34	|17,08	|19,31	|15	|100	|18,5	|18,98	|15,69	|15,93	|15,75	|19,19	|19,01	|
________________________________________________________
13	|3,61	|2,49	|1,44	|2,25	|4,29	|2,93	|3,41	|3,37	|2,73	|3,57	|2,13	|0	|100	|2,21	|2,61	|3,61	|20,59	|14,97	|12,2	|15,89	|21,91	|14,61	|14,93	|15,69	|17,94	|11,04	|13,8	|21,71	|100	|11,24	|15,77	|20,3	|17,22	|15,33	|20,26	|17,78	|18,34	|17,74	|20,06	|17,66	|21,15	|16,05	|100	|19,78	|16,93	|11,24	|12,32	|12,28	|17,7	|13,6	|16,69	|18,78	|26,4	|19,14	|14,89	|0	|11	|0	|19,94	|21,11	|16,93	|13,76	|16,81	|12,84	|21,59	|13,6	|20,14	|16,77	|20,06	|19,54	|14,21	|0	|
________________________________________________________
14	|2,27	|4,17	|1,98	|2,35	|3,47	|3,88	|2,42	|0	|1,83	|3,58	|3,88	|3,99	|2,05	|100	|3,28	|3,06	|22,1	|16,77	|13,01	|20,28	|16,88	|15,84	|19,75	|17,89	|18,71	|12,9	|12,6	|19,23	|14,57	|10,73	|100	|21,88	|18	|17,89	|13,6	|19,72	|15,32	|19,87	|18,6	|18,08	|19,23	|100	|17,52	|21,13	|15,77	|10,55	|13,05	|16,03	|12,49	|14,05	|22,47	|14,05	|25,46	|17,7	|13,87	|22,47	|21,13	|0	|12,11	|0	|16,21	|15,13	|13,72	|20,76	|16,85	|18,75	|20,01	|17,41	|0	|14,76	|20,87	|20,39	|
________________________________________________________
15	|2,31	|3,91	|2,44	|3,11	|0	|4,02	|2,72	|3,39	|2,24	|0	|2,83	|3,63	|2,27	|3,07	|100	|2,72	|20,89	|16,38	|12,09	|18,51	|22,11	|15,68	|16,87	|15,44	|20,64	|12,57	|14,5	|0	|9,43	|0	|21,06	|21,38	|16,84	|16,91	|16,31	|22,14	|14,98	|16,21	|20,89	|17,64	|0	|12,75	|19,98	|19,32	|15,37	|11,53	|16,49	|19,11	|15,96	|13,66	|16,07	|17,05	|25,01	|18,09	|14,74	|22,81	|100	|13,13	|16,42	|20,43	|15,96	|14,36	|19,25	|16,38	|15,72	|15,51	|20,61	|17,5	|19,52	|100	|18,65	|20,5	|
________________________________________________________
16	|3,5	|3,56	|1,73	|4,1	|3,33	|3,66	|1,9	|4,16	|3,06	|3,3	|2,37	|4,63	|3	|2,73	|2,6	|100	|20,75	|17,12	|10,96	|20,75	|17,75	|14,36	|20,32	|14,42	|18,42	|11,63	|13,16	|19,49	|18,85	|0	|12,79	|0	|17,16	|16,56	|20,79	|16,86	|22,22	|13,79	|20,42	|16,59	|20,82	|19,55	|14,42	|0	|16,16	|11,73	|10,93	|18,52	|11,13	|12,29	|19,49	|11,66	|25,55	|20,12	|12,79	|21,75	|16,86	|12,56	|100	|21,12	|16,62	|15,09	|17,69	|12,39	|19,22	|9,86	|21,32	|18,65	|20,39	|17,42	|100	|19,35	|
________________________________________________________
17	|3,46	|3,99	|0	|3,25	|3,66	|3,07	|2,47	|3,23	|1,51	|2,77	|1,96	|3,56	|2,34	|2,7	|2,73	|2,84	|100	|18,54	|13,93	|22,79	|19,78	|13,99	|18,73	|18,66	|18,1	|8,34	|12,04	|17,05	|14,84	|11,13	|16,96	|16,61	|18,41	|16,61	|18,6	|16,65	|16,54	|16,11	|17,98	|15,22	|17,23	|15,92	|16,47	|17,31	|14,31	|0	|13,55	|19,2	|14,82	|13,04	|18,62	|18,77	|25,41	|14,95	|12,94	|18,55	|17,2	|12,17	|16,42	|16,38	|16,61	|15,17	|16,39	|13,84	|16,32	|16,56	|18,54	|15,8	|16,98	|16,29	|16,38	|16,88	|
________________________________________________________
18	|19,47	|3,82	|1,45	|3,59	|3,51	|3,1	|2,39	|3,29	|2,69	|2,66	|2,67	|3,2	|2,24	|2,7	|2,81	|3,08	|24,4	|100	|12,06	|23,29	|19,66	|13,97	|18,86	|19,06	|19,85	|14,26	|11,5	|16,48	|14,63	|11,95	|16,99	|16,25	|19,07	|17,02	|19,47	|16,88	|16,38	|16,82	|17,9	|15,1	|17,19	|16,22	|16,81	|16,86	|0	|9,17	|0	|19,23	|14,68	|13,4	|18,75	|19,08	|19,54	|20,53	|12,19	|18,92	|16,71	|11,97	|16,66	|16,58	|16,55	|14,8	|16,55	|13,69	|16,51	|16,04	|18,19	|16,1	|16,99	|16,03	|16,71	|16,56	|
________________________________________________________
19	|3,32	|3,67	|0	|0	|3,64	|2,68	|2,41	|3,14	|2,06	|3,35	|2,86	|3,94	|2,48	|2,85	|2,82	|2,69	|24,95	|16,41	|100	|20,57	|20,91	|14,85	|18,15	|18,12	|17,41	|8,85	|14,49	|16,84	|14,66	|11,47	|16,48	|16,46	|22,95	|16,64	|19,64	|20,57	|18,35	|18,4	|19,89	|12,95	|16,89	|16,2	|16,85	|16,6	|19,59	|0	|9,86	|0	|15,69	|13,41	|18,79	|19,05	|24,14	|16,92	|13,3	|18,34	|16,83	|12,4	|15,72	|17,07	|20,82	|0	|0	|17,35	|18,82	|18,37	|20,74	|16,35	|16,16	|16,36	|16,47	|16,22	|
________________________________________________________
20	|3,13	|18,03	|2,4	|2,27	|3,54	|3,18	|0	|3,36	|1,79	|3,15	|2,44	|3,86	|1,97	|2,71	|2,64	|3,1	|24,9	|19,34	|12,55	|100	|19,89	|13,86	|18,61	|18,46	|16,25	|10,96	|11,1	|18,99	|11,39	|11,13	|16,4	|16,37	|18,37	|18,03	|18,52	|17,14	|16,75	|16,51	|17,27	|14,91	|17,47	|16,65	|17,19	|17,01	|18,68	|13,51	|0	|14,52	|0	|13,97	|18,4	|18,73	|22,74	|16,78	|11,81	|21,63	|14,93	|12,79	|16,54	|16,3	|16,26	|15,08	|16,31	|14,86	|16,62	|16,61	|18,24	|16,23	|16,74	|16,3	|16,51	|16,28	|
________________________________________________________
21	|4,08	|4,12	|2,11	|0	|17,69	|2,73	|1,54	|3,65	|2,11	|3,39	|2,3	|2,69	|3,18	|2,64	|3,69	|3,1	|25,27	|19,09	|14,92	|23,26	|100	|11,98	|19,14	|19,17	|16,41	|10,61	|13,15	|19,14	|17,79	|11,5	|16,27	|16,48	|17,84	|16,42	|19,36	|17,62	|16,26	|15,92	|17,61	|15,41	|17,69	|15,85	|16,87	|17,1	|18,5	|13,13	|13,23	|0	|10,06	|0	|18,91	|19,02	|23,19	|16,89	|12,3	|16,04	|20,82	|12,13	|16,43	|17,2	|16,77	|14,19	|16,8	|13,89	|16,35	|16,13	|18,43	|16,02	|16,86	|16,55	|16,72	|16,84	|
________________________________________________________
22	|3,49	|4,07	|1,76	|3,31	|2,76	|2,61	|0	|0	|2,16	|4,02	|2,63	|3,55	|2,96	|3,46	|3,65	|3,5	|24,95	|18,94	|14,79	|22,63	|16,72	|100	|17,32	|19,54	|16,86	|10,79	|12,34	|18,1	|13,12	|13,02	|16,81	|16,65	|17,65	|16,12	|17,25	|18,76	|17,06	|16,45	|20,86	|14,94	|17,16	|20,25	|18,83	|19,12	|18,51	|12,51	|12,7	|20,9	|0	|10,33	|0	|20,38	|22,69	|16,18	|12,5	|20,42	|17,91	|13,25	|16,97	|16,65	|16,67	|14,68	|16,4	|15,63	|16,91	|15,34	|22,03	|0	|0	|20	|18,81	|18,83	|
________________________________________________________
23	|3,81	|3,91	|2,04	|3,13	|3,12	|16,23	|2,57	|2,22	|1,95	|2,85	|2,39	|3,18	|2,26	|3,22	|2,93	|3,7	|24,95	|19,1	|13,5	|22,69	|19,96	|12,93	|100	|19,16	|16,76	|10,94	|11,85	|16,59	|14,89	|10,01	|19,24	|12,33	|18,79	|16,16	|19,53	|17,1	|16,03	|16,62	|17	|16,23	|17,41	|16,38	|17,27	|16,91	|18,49	|13,28	|12,62	|18,69	|15,25	|0	|12,87	|0	|22,43	|16,45	|12,22	|18,43	|17,28	|12,27	|21,07	|14,41	|16,44	|15,48	|17	|14,47	|16,34	|16,51	|18,06	|15,97	|16,61	|16,6	|16,87	|16,97	|
________________________________________________________
24	|3,68	|3,91	|2	|3,17	|3,85	|3,44	|2,88	|0	|1,87	|2,73	|2,39	|3,07	|2,39	|2,93	|2,7	|2,64	|25	|19,41	|13,56	|22,63	|20,1	|14,67	|19,27	|100	|16,32	|10,89	|11,81	|16,61	|14,36	|12,54	|19,08	|18,06	|18,15	|16,18	|18,86	|16,67	|16,48	|16,57	|17,02	|15,05	|17,34	|16,05	|16,31	|16,35	|18,59	|12,53	|12,16	|19	|15,24	|14,23	|0	|8,12	|22,96	|17,1	|12,03	|18,54	|16,67	|12,54	|14,83	|21,33	|16,38	|15,47	|16,55	|14,07	|15,94	|16,21	|17,77	|15,77	|16,32	|16,6	|16,38	|16,19	|
________________________________________________________
25	|3,84	|3,7	|1,45	|2,77	|2,88	|2,69	|2,06	|2,76	|2,59	|3,29	|0	|3,7	|2,69	|3,02	|3,56	|3,33	|23,9	|19,92	|12,84	|19,64	|16,96	|12,48	|16,62	|16,09	|100	|14,35	|14,78	|19,44	|16,5	|12,61	|19,22	|18,76	|18,47	|16,57	|18,82	|17,04	|16,46	|16,05	|17,65	|15,28	|16,84	|15,95	|16,7	|16,69	|19,02	|9,04	|11,37	|16,89	|12,96	|11,71	|16,5	|16,8	|18,44	|0	|14,35	|21,03	|19,24	|13,91	|18,66	|18,85	|16,39	|14,96	|16,79	|14,15	|16	|15,69	|17,92	|15,92	|15,98	|16,92	|16,56	|16,23	|
________________________________________________________
26	|4,44	|3,43	|2,6	|2,71	|2,88	|2,89	|1,97	|2,77	|17,84	|2,86	|1,55	|4,18	|2,57	|3,23	|3,36	|3,26	|17,07	|22,17	|10,11	|20,53	|16,99	|12,38	|16,8	|16,64	|22,24	|100	|11,66	|19,5	|16,16	|12,8	|18,87	|19,46	|18,73	|16,96	|19,38	|17,14	|17,84	|15,58	|16,92	|15,19	|16,46	|16,36	|16,78	|16,95	|10,84	|16,47	|10,99	|16,74	|12,71	|12,01	|16,2	|16,81	|0	|11,32	|0	|22,09	|19,08	|14	|19,09	|19,49	|16,59	|15,11	|16,46	|14,14	|17,11	|15,47	|18,15	|16,04	|16,44	|16,71	|17	|16,11	|
________________________________________________________
27	|3,5	|4	|2,02	|3,45	|4,47	|2,67	|2,36	|3,26	|1,89	|2,44	|0	|0	|2,87	|2,82	|3,46	|3,3	|22,06	|16,01	|14,82	|18,6	|18,84	|12,67	|16,29	|16,14	|20,5	|10,43	|100	|16,69	|18,49	|13,31	|18,59	|18,46	|20,37	|18,44	|22,44	|16,37	|16,52	|21	|17,53	|14,94	|19,58	|13,9	|16,22	|17,1	|16,47	|11,27	|12,36	|16,56	|14,52	|11,14	|16,35	|16,7	|28,17	|0	|10,38	|0	|20,34	|14,26	|17,77	|17,95	|18,98	|17,11	|20,58	|0	|0	|20,8	|18,22	|16,02	|19,27	|16,52	|16,22	|16,4	|
________________________________________________________
28	|3,23	|4,28	|1,79	|3,31	|3,63	|2,71	|1,71	|2,83	|1,91	|16,97	|2,63	|2,87	|3,24	|3,09	|0	|3,51	|22,42	|16,46	|12,37	|22,86	|19,7	|13,34	|16,37	|16,3	|19,36	|12,53	|11,98	|100	|18,56	|13,79	|18,66	|18,69	|17,81	|16,6	|18,99	|16,97	|16,15	|16,29	|17,43	|15,04	|17,55	|15,62	|16,75	|17,05	|16,15	|11,63	|10,91	|20,44	|10,33	|11,87	|16,3	|16,93	|25,02	|18,48	|0	|15,51	|0	|14,7	|19,02	|18,92	|16,53	|14,83	|16,33	|13,9	|16,3	|15,99	|18,07	|16,15	|17,16	|16,67	|16,4	|16,75	|
________________________________________________________
29	|3,51	|2,73	|1,96	|2,26	|3,68	|2,42	|3,08	|2,95	|2,28	|3,62	|2,42	|0	|16,87	|2,65	|1,83	|3,83	|22,04	|16,51	|12,16	|15,48	|20,68	|10,93	|16,6	|15,92	|18,56	|11,73	|15	|20,97	|100	|11,21	|19,33	|18,66	|18,16	|16,31	|20,36	|17,03	|15,69	|16,21	|17,12	|15,27	|17,68	|15,81	|16,87	|17,23	|16,18	|11,47	|12,36	|12,3	|18,05	|11,71	|16,63	|17,14	|25,15	|18,73	|15,16	|0	|11,48	|0	|19,21	|19,52	|16,32	|14,49	|17,66	|12,83	|15,77	|16,16	|18,16	|16,28	|16,63	|16,53	|16,45	|16,98	|
________________________________________________________
30	|3,25	|3,56	|1,82	|2,66	|3,84	|2,8	|2,54	|3,33	|2,13	|3,62	|2,83	|3,66	|2,5	|2,57	|0	|0	|21,75	|17,76	|12,52	|19,91	|17,59	|14,27	|14,69	|18,3	|18,66	|12,23	|14,21	|20,5	|14,76	|100	|17,82	|19,33	|18,21	|16,31	|18,65	|17,87	|14,99	|19,02	|18,93	|16,69	|20,64	|16,03	|16,94	|20,16	|15,97	|11,1	|10,88	|16,87	|12,97	|13,29	|16,8	|18,32	|25,68	|18,8	|13,18	|21,64	|0	|10,25	|0	|19,5	|16,58	|14,75	|16,26	|13,99	|15,49	|18,61	|20,68	|17,98	|19,87	|0	|0	|19,2	|
________________________________________________________
31	|3,16	|3,68	|1,77	|2,76	|2,97	|3,01	|2,04	|3,81	|2,25	|3,18	|2,63	|3,78	|2,36	|16,11	|3,62	|2,31	|22,34	|17	|12,12	|19,77	|16,77	|12,42	|19,03	|18,76	|19,17	|12,15	|13,37	|18,69	|17,14	|12,01	|100	|21,15	|18,32	|17,12	|19,04	|17,15	|16,88	|16,12	|17,14	|15,12	|17,43	|16,11	|17,06	|16,78	|16,3	|11,43	|11,19	|16,36	|13,54	|11,94	|21,69	|14,51	|25,61	|18,78	|13,71	|21,07	|19,42	|0	|12,24	|0	|16,76	|15,12	|16,2	|14,27	|16,3	|16,26	|18,06	|15,59	|16,66	|16,88	|16,96	|16,85	|
________________________________________________________
32	|3,04	|3,57	|1,8	|2,59	|3,06	|2,1	|2,5	|2,19	|2,16	|3,24	|2,56	|3,72	|3,04	|3,53	|3,68	|0	|21,88	|16,27	|12,11	|19,73	|16,99	|12,3	|12,19	|17,76	|18,72	|12,53	|13,28	|18,72	|16,55	|13,03	|21,15	|100	|18,72	|16,71	|18,83	|16,99	|16,75	|16,22	|17,5	|15,09	|17,12	|16	|16,4	|16,47	|16,52	|11,36	|11,41	|16,73	|13,37	|12,37	|13,75	|22,22	|25,49	|19,04	|13,8	|21,23	|19,59	|14,92	|0	|8,65	|16,29	|15,27	|16,93	|14,03	|16,48	|16,57	|18,21	|16,08	|16,84	|16,98	|16,66	|16,81	|
________________________________________________________
33	|4,14	|4,23	|0	|3,29	|2,77	|1,7	|1,88	|3,42	|2,28	|3,15	|2,66	|3,67	|2,35	|2,64	|2,64	|2,82	|22,08	|17,39	|15,37	|20,18	|16,75	|11,87	|16,93	|16,25	|16,78	|10,98	|13,35	|16,25	|14,67	|11,17	|16,69	|17,05	|100	|18,6	|21,44	|19,14	|18,98	|18,92	|19,85	|9,77	|17,3	|15,87	|16,62	|16,43	|16,55	|11,04	|13,15	|16,22	|12,67	|13,6	|16,65	|16,74	|22,54	|16,94	|13,47	|18,63	|16,65	|12,14	|16,53	|16,8	|14,82	|0	|18,87	|15,53	|18,6	|18,83	|23,21	|14,36	|16,7	|16,27	|16,56	|16,57	|
________________________________________________________
34	|3,37	|21,77	|1,45	|3,22	|3,23	|3,02	|2,92	|2,67	|2,33	|3,05	|2,5	|3,68	|2,3	|2,89	|2,91	|2,99	|21,91	|17,06	|12,25	|21,77	|16,95	|11,91	|16	|15,92	|16,54	|10,93	|13,28	|16,65	|14,48	|11	|17,14	|16,72	|20,44	|100	|21,92	|19,06	|19,17	|19,33	|19,84	|16,59	|17,52	|15,85	|16,44	|16,85	|16,71	|11,32	|0	|16,69	|12,95	|11,82	|16,31	|16,33	|23,02	|16,56	|13,43	|18,54	|17,13	|12,23	|16,04	|16,64	|0	|13,07	|18,76	|15,69	|18,49	|18,17	|16,42	|21,97	|16,79	|16,57	|17,26	|16,62	|
________________________________________________________
35	|17,03	|3,61	|2	|2,66	|3,31	|2,51	|2,17	|3,49	|2,26	|3,12	|0	|3,8	|2,65	|1,91	|2,45	|3,27	|21,4	|17,03	|12,62	|19,5	|17,43	|11,13	|16,87	|16,2	|16,39	|10,9	|14,1	|16,62	|15,78	|10,98	|16,63	|16,44	|20,56	|19,12	|100	|18,34	|18,38	|18,86	|17,23	|14,52	|19,17	|11,55	|16,66	|16,92	|16,26	|11,23	|0	|16,67	|13,41	|11,61	|16,15	|16,92	|23,09	|16,99	|14,97	|17,8	|17,06	|13,25	|16,43	|16,73	|18,69	|16,7	|15,1	|0	|18,58	|18,45	|18,27	|16,05	|21	|14,03	|16,68	|16,34	|
________________________________________________________
36	|3,55	|4,61	|2,19	|0	|3,57	|3,02	|2,04	|2,5	|1,96	|16,64	|2,09	|4,31	|2,6	|3,11	|3,73	|2,97	|21,46	|16,54	|14,81	|20,23	|17,78	|13,56	|16,56	|16,04	|16,64	|10,8	|11,53	|16,64	|14,78	|11,78	|16,79	|16,63	|20,57	|18,63	|20,55	|100	|19,33	|19,35	|17,78	|14,82	|19,74	|19,2	|16,74	|16,6	|16,03	|11,68	|13,55	|16,2	|13,06	|11,88	|16,7	|17,34	|22,64	|16,83	|0	|19,09	|16,81	|12,12	|16,27	|16,69	|18,45	|16,74	|0	|12,58	|19,6	|18,61	|18,52	|15,73	|13,86	|21,16	|16,66	|16,63	|
________________________________________________________
37	|3,54	|4,16	|1,98	|3,02	|2,96	|2,64	|2,06	|2,7	|11,57	|2,61	|2,73	|2,85	|2,76	|2,49	|2,59	|4,03	|21,95	|16,52	|13,6	|20,35	|16,89	|12,69	|15,97	|16,32	|16,54	|11,57	|11,97	|16,3	|14,02	|10,17	|17	|16,87	|20,99	|19,29	|21,2	|19,89	|100	|18,25	|17,84	|14,58	|17,24	|16,74	|19,28	|11,49	|16,25	|11,71	|12,27	|16,26	|13,01	|11,64	|16,46	|17,14	|21,64	|16,86	|0	|19,16	|17,11	|12,41	|17,09	|17,47	|18,54	|17,16	|18,54	|16,47	|14,92	|0	|18,19	|16,15	|15,92	|16,47	|22,05	|14,15	|
________________________________________________________
38	|3,71	|4,18	|2,05	|3,25	|2,68	|2,57	|2,05	|2,86	|1,99	|3,46	|3,05	|0	|2,68	|3,24	|2,82	|2,51	|21,46	|17,03	|13,69	|20,13	|16,6	|12,28	|16,62	|16,47	|16,2	|10,14	|15,27	|16,5	|14,54	|12,96	|16,3	|16,4	|21,01	|19,52	|21,84	|19,99	|18,33	|100	|17,6	|14,82	|17,66	|16,4	|18,88	|19,26	|16,71	|11,75	|11,79	|17,09	|12,89	|11,69	|16,45	|16,6	|22,03	|16,45	|14,65	|17,65	|16,6	|12,23	|16,58	|16,55	|18,64	|16,84	|18,46	|16,47	|0	|14,85	|18,61	|16,06	|16,61	|16,77	|14,29	|21,49	|
________________________________________________________
39	|3,46	|3,96	|1,35	|2,95	|3,63	|2,99	|0	|3,61	|1,85	|3,02	|2,39	|3,39	|2,86	|2,86	|3,42	|3,51	|22,58	|17,09	|13,95	|19,85	|17,31	|14,69	|16,03	|15,96	|16,79	|10,39	|12,02	|16,65	|14,48	|12,16	|16,35	|16,69	|20,79	|18,9	|18,81	|17,32	|16,89	|16,59	|100	|15,78	|19,55	|18,11	|19,43	|18,99	|16,37	|11,13	|11,37	|16,61	|13,15	|13,95	|16,5	|16,22	|22,86	|16,55	|12,17	|19,17	|17,19	|13,43	|17,06	|16,37	|21,58	|12,05	|16,94	|14,03	|16,53	|16,2	|17,45	|0	|19,29	|18,82	|18,68	|18,71	|
________________________________________________________
40	|2,79	|4,02	|2,44	|2,62	|3,08	|17,9	|1,67	|3,01	|1,89	|2,7	|2,34	|3,39	|2,95	|3,25	|3,38	|3,33	|22,35	|16,86	|10,62	|20,05	|17,71	|12,31	|17,9	|16,5	|17	|10,91	|11,98	|16,8	|15,1	|12,54	|16,87	|16,82	|11,96	|18,48	|18,53	|16,88	|16,14	|16,34	|18,45	|100	|19,68	|18,51	|19,34	|18,96	|16,38	|11,4	|11,32	|16,39	|13,2	|0	|16,74	|16,49	|22,23	|16,88	|12,03	|18,75	|16,99	|13,19	|16,94	|16,36	|13,18	|20,5	|16,67	|14,16	|16,62	|16,41	|0	|12,89	|19,2	|19,07	|19,07	|18,71	|
________________________________________________________
41	|3,7	|3,73	|1,79	|3,34	|17,63	|2,53	|2,86	|2,36	|2,03	|3,5	|2,07	|3,35	|3,06	|2,99	|0	|3,63	|21,94	|16,63	|12,01	|20,36	|17,63	|12,25	|16,64	|16,48	|16,23	|10,24	|13,62	|16,99	|15,16	|13,44	|16,85	|16,54	|18,36	|16,91	|21,22	|19,5	|16,54	|16,88	|19,82	|17,06	|100	|18,14	|19,32	|19,04	|15,89	|11,27	|11,31	|16,21	|13,25	|0	|16,3	|16,65	|22,65	|17,51	|11,64	|18,54	|17,12	|14,92	|17,02	|17,02	|16,8	|14,98	|21,19	|12,39	|16,79	|15,76	|20,44	|18,76	|14,6	|0	|19	|18,85	|
________________________________________________________
42	|2,32	|3,63	|1,96	|2,38	|3,29	|3,35	|2,49	|0	|1,73	|3,19	|3,13	|3,67	|2,48	|16,6	|2,26	|3,63	|21,61	|16,73	|12,28	|20,69	|16,84	|15,42	|16,69	|16,27	|16,4	|10,85	|10,3	|16,13	|14,45	|11,13	|16,6	|16,49	|17,95	|16,31	|13,63	|20,22	|17,12	|16,72	|19,57	|17,11	|19,35	|100	|19,37	|19,08	|16,14	|11,11	|12,83	|16,84	|12,89	|14,35	|16,66	|16,41	|22,59	|16,6	|11,56	|19,58	|16,63	|0	|16,52	|16,96	|16,06	|14,98	|13,91	|19,32	|16,92	|16,38	|20,5	|17,94	|0	|14,17	|19,22	|19,12	|
________________________________________________________
43	|3,22	|3,74	|1,68	|2,89	|3,45	|3,24	|2,45	|3,24	|2,25	|2,92	|2,18	|4,5	|14,86	|2,8	|3,41	|2,58	|21,54	|16,7	|12,3	|20,58	|17,27	|13,81	|16,96	|15,92	|16,54	|10,72	|11,58	|16,66	|14,86	|11,33	|16,94	|16,28	|18,11	|16,3	|18,93	|16,98	|19	|18,53	|20,23	|17,22	|19,85	|18,66	|100	|19,38	|16,32	|11,79	|10,99	|16,66	|12,98	|12,77	|16,32	|16,63	|22,42	|16,81	|11,78	|18,88	|16,82	|0	|16,54	|16,66	|17,13	|14,48	|16,8	|14,01	|21,7	|13,69	|21,2	|18,28	|18,79	|18,64	|14,38	|0	|
________________________________________________________
44	|3,14	|3,72	|1,88	|2,6	|3,47	|3,04	|2,5	|3,28	|1,18	|2,71	|2,54	|3,06	|2,93	|3,36	|3,28	|0	|22,54	|16,68	|12,06	|20,26	|17,42	|13,96	|16,53	|15,89	|16,46	|10,78	|12,16	|16,88	|15,1	|13,42	|16,59	|16,27	|17,83	|16,63	|19,14	|16,76	|11,27	|18,82	|19,68	|16,81	|19,46	|18,29	|19,29	|100	|16,35	|11,61	|11,11	|16,78	|13,03	|13,37	|16,57	|16,53	|22,75	|16,29	|13,05	|18,48	|16,79	|15,1	|15,87	|16,05	|16,7	|15,11	|16,46	|14,12	|14,28	|21,13	|20,19	|17,74	|18,97	|18,66	|0	|14,11	|
________________________________________________________
45	|0	|4,54	|2,14	|3,3	|3,47	|2,93	|2,32	|3,36	|1,19	|2,76	|3,01	|3,6	|2,58	|2,59	|2,69	|2,97	|19,23	|0	|14,69	|22,97	|19,46	|13,94	|18,66	|18,64	|19,35	|7,12	|12,08	|16,5	|14,64	|10,98	|16,63	|16,85	|18,53	|17,02	|18,99	|16,7	|16,46	|16,85	|17,51	|14,98	|16,77	|15,97	|16,76	|16,88	|100	|13,7	|13,25	|19,36	|14,52	|13,09	|19,18	|19,29	|26,54	|19,97	|13,2	|18,38	|17,71	|12,21	|16,37	|16,35	|16,11	|14,41	|16,41	|14,47	|16,33	|16,56	|18,72	|15,92	|17,01	|16,11	|16,48	|16,95	|
________________________________________________________
46	|2,71	|4,24	|15,41	|2,74	|3,32	|3,03	|2,46	|3,31	|2,74	|2,84	|2,72	|3	|2,46	|2,48	|2,89	|3,09	|0	|13,41	|0	|23,79	|19,77	|13,5	|19,19	|17,99	|13,17	|15,49	|11,84	|17,02	|14,85	|10,93	|16,69	|16,58	|17,7	|16,51	|18,78	|17,43	|16,98	|16,97	|17,04	|14,93	|17,02	|15,75	|17,34	|17,16	|19,61	|100	|11,12	|19,05	|15,22	|13,52	|19,05	|18,95	|18,34	|20,6	|10,74	|19	|17,26	|12,32	|17,18	|17,39	|16,65	|15,41	|16,73	|14,01	|16,92	|16,53	|18,81	|15,82	|16,26	|16,34	|16,65	|16,6	|
________________________________________________________
47	|0	|0	|1,75	|2,62	|3,65	|3,06	|2,6	|3,03	|2,25	|3,36	|3,06	|3,61	|2,75	|3,13	|4,22	|2,94	|26,6	|0	|10,81	|0	|20,32	|13,98	|18,6	|17,82	|16,9	|10,54	|13,25	|16,29	|16,33	|10,93	|16,68	|17	|21,52	|0	|0	|20,64	|18,16	|17,37	|17,76	|15,13	|17,44	|18,55	|16,5	|16,75	|19,36	|11,35	|100	|17,24	|16,31	|13,6	|18,14	|18,28	|21,94	|16,82	|14,57	|16,92	|18,78	|12,55	|16,69	|16,97	|19,97	|14,93	|16,12	|17,74	|18,53	|17,9	|18,46	|16,25	|14,78	|18,82	|16,05	|16,68	|
________________________________________________________
48	|3,97	|3,15	|1,72	|16,44	|0	|3,15	|2,59	|3,22	|1,87	|3,43	|2,2	|4,12	|1,83	|2,57	|3,27	|3,33	|25,2	|19,18	|0	|17,44	|0	|15,39	|18,42	|18,62	|16,79	|10,74	|11,87	|20,41	|10,87	|11,33	|16,31	|16,67	|17,74	|16,62	|19,02	|16,49	|16,09	|16,85	|17,35	|14,65	|16,71	|16,28	|16,72	|16,92	|18,92	|13	|11,53	|100	|15,85	|14,21	|18,26	|18,91	|22,42	|16,15	|12,16	|22,02	|19,8	|13,55	|16,95	|16,43	|16,19	|14,87	|16,44	|13,63	|16,29	|16,28	|18,22	|16	|16,65	|16,71	|16,5	|16,95	|
________________________________________________________
49	|4,05	|0	|2,39	|3,51	|2,3	|3,18	|16,33	|2,96	|2,06	|2,03	|2,09	|2,36	|3,35	|2,55	|3,47	|2,54	|24,72	|18,61	|14,61	|0	|13,13	|0	|19,09	|18,97	|16,37	|10,36	|13,22	|13,1	|20,26	|11,06	|17,14	|16,93	|17,61	|16,38	|19,43	|16,9	|16,35	|16,14	|17,45	|14,99	|17,35	|15,83	|16,56	|16,69	|18,02	|13,2	|13,85	|20,14	|100	|11,68	|19,03	|18,61	|23,45	|16,87	|12,05	|13,47	|20,83	|11,31	|16,49	|17,28	|16,18	|15,29	|16,87	|13,95	|16,17	|16,17	|18,72	|16,33	|17,29	|16,62	|16,9	|16,81	|
________________________________________________________
50	|3,55	|4,44	|1,98	|3,21	|0	|0	|2,1	|3	|1,99	|3,01	|2,39	|3,44	|2,89	|3,21	|3,33	|3,14	|24,38	|19,04	|14	|23,9	|0	|10,83	|0	|19,85	|16,58	|10,97	|11,37	|16,88	|14,73	|12,7	|16,94	|17,55	|21,18	|16,76	|18,87	|17,23	|16,4	|16,4	|20,76	|0	|0	|19,76	|18,26	|19,2	|18,21	|13,14	|12,95	|20,24	|13,09	|100	|16,97	|20,06	|22,09	|16,5	|12,14	|18,4	|16,15	|14,39	|14,89	|17,82	|18,53	|13,36	|16,08	|14,88	|16,62	|16,73	|21,92	|16,5	|16,67	|20,2	|18,44	|18,98	|
________________________________________________________
51	|3,47	|4,04	|1,99	|3,22	|3,67	|2,09	|2,12	|17,05	|1,92	|2,69	|2,36	|3,44	|2,53	|3,67	|2,8	|3,56	|24,84	|19,01	|14	|22,47	|19,74	|0	|12,89	|0	|16,67	|10,56	|11,91	|16,54	|14,93	|11,46	|21,96	|13,92	|18,51	|16,5	|18,72	|17,28	|16,55	|16,47	|17,52	|15,2	|17,08	|16,37	|16,65	|16,98	|19,04	|13,21	|12,33	|18,56	|15,22	|12,11	|100	|20,35	|22,66	|16,55	|11,92	|18,23	|17,12	|12,33	|18,76	|18,93	|16,68	|15,27	|16,7	|14,31	|16,89	|16,65	|18,6	|16,57	|17,05	|15,92	|16,67	|16,5	|
________________________________________________________
52	|3,63	|3,94	|2,08	|3,12	|3,64	|0	|2,52	|3,36	|2,01	|2,96	|2,34	|3,18	|2,79	|2,25	|2,91	|2,09	|24,59	|19	|13,93	|22,46	|19,5	|14,97	|0	|7,94	|16,66	|10,76	|11,95	|16,86	|15,12	|12,28	|14,43	|22,1	|18,27	|16,23	|19,27	|17,62	|16,92	|16,32	|16,92	|14,71	|17,13	|15,84	|16,66	|16,63	|18,81	|12,91	|12,2	|18,87	|14,62	|14,06	|19,98	|100	|22,88	|16,38	|12,1	|18,03	|17,69	|12,43	|11,9	|18,72	|16,34	|15,39	|16,59	|13,92	|16,65	|16,39	|17,75	|15,78	|16,79	|16,5	|16,36	|16,74	|
________________________________________________________
53	|2,8	|4,08	|1,41	|2,76	|3,14	|2,6	|2,3	|2,71	|0	|3,34	|2,67	|3,71	|2,91	|3,02	|3,16	|3,39	|24,62	|14,39	|13,06	|20,17	|17,58	|12,33	|16,32	|16,61	|13,53	|0	|14,9	|18,43	|16,41	|12,72	|18,84	|18,75	|18,2	|16,91	|19,44	|17,02	|15,8	|16,02	|17,63	|14,66	|17,23	|16,12	|16,61	|16,93	|19,14	|9,23	|10,83	|16,55	|13,62	|11,45	|16,46	|16,92	|100	|19,5	|13,46	|21,44	|19,36	|13,78	|18,74	|19,43	|16,57	|14,8	|16,57	|14,24	|16,33	|15,99	|18,57	|16,47	|16,69	|16,59	|16,91	|16,44	|
________________________________________________________
54	|3,91	|3,66	|2,11	|2,57	|3,38	|2,61	|2,19	|2,83	|1,24	|3,44	|13,76	|3,24	|2,85	|2,84	|3,1	|3,61	|19,6	|20,46	|12,38	|20,14	|17,33	|11,89	|16,19	|16,73	|0	|7,26	|0	|18,43	|16,53	|12,61	|18,69	|18,95	|18,52	|16,47	|19,36	|17,11	|16,66	|16,19	|17,28	|15,07	|18,03	|16,03	|16,85	|16,41	|19,49	|14,04	|11,23	|16,13	|13,26	|11,58	|16,26	|16,39	|26,39	|100	|12,17	|21,45	|18,87	|13,89	|19,43	|19,41	|16,5	|14,8	|16,85	|13,76	|16,44	|15,93	|18,52	|16,53	|17,16	|16,04	|17,19	|16,81	|
________________________________________________________
55	|4,13	|3,85	|1,9	|3,47	|3,02	|2,67	|2,17	|2,74	|0	|0	|1,97	|2,95	|3,06	|3,07	|3,48	|3,17	|23,4	|16,75	|13,43	|19,55	|17,4	|12,67	|16,6	|16,24	|19,65	|0	|10,25	|0	|18,47	|12,19	|18,82	|18,95	|20,31	|18,42	|23,54	|0	|0	|19,89	|17,52	|14,82	|16,53	|15,4	|16,29	|18,14	|17,77	|10,1	|13,42	|16,75	|13,07	|11,75	|16,16	|16,7	|25,13	|16,79	|100	|17,72	|20,48	|14,56	|18,47	|18,82	|18,72	|16,8	|20,22	|13,51	|16,37	|19,33	|18,37	|15,9	|16,84	|16,77	|15,23	|18,72	|
________________________________________________________
56	|3,02	|4,15	|1,67	|2,98	|2,7	|2,85	|1,58	|2,91	|2,41	|2,39	|2,61	|17,82	|0	|3,24	|3,51	|3,51	|21,88	|16,96	|12,08	|23,35	|14,81	|13,5	|16,33	|16,33	|18,78	|12,73	|0	|13,92	|0	|13,06	|18,87	|19,01	|18,32	|16,58	|18,25	|17,47	|17,04	|15,63	|18	|15,06	|17,18	|17,01	|17,03	|16,75	|16,14	|11,65	|10,17	|19,78	|9,53	|11,62	|16,12	|16,23	|26,1	|19,3	|11,56	|100	|20,94	|13,47	|19,22	|18,91	|16,91	|15,33	|15,49	|14,7	|17,82	|15,91	|18,19	|16,33	|16,6	|16,72	|16,55	|16,5	|
________________________________________________________
57	|3,17	|3,36	|1,78	|3,15	|3,62	|2,99	|2,46	|2,98	|2,33	|0	|2,86	|4,09	|1,61	|3,33	|16,83	|2,97	|22,18	|16,38	|12,12	|17,62	|21,01	|12,95	|16,73	|16,05	|18,79	|12,03	|14,33	|0	|9,97	|0	|19,02	|19,18	|17,9	|16,75	|19,12	|16,82	|16,63	|16,07	|17,65	|14,92	|17,34	|15,8	|16,58	|16,63	|17	|11,57	|12,34	|19,45	|16,11	|11,14	|16,55	|17,42	|25,77	|18,57	|14,6	|22,89	|100	|12,66	|18,88	|19,07	|15,87	|14,43	|17	|14,46	|16,08	|16,04	|18,34	|15,77	|17,23	|16,83	|16,7	|16,24	|
________________________________________________________
58	|3,45	|3,72	|2,06	|3,67	|3,86	|2,7	|2,36	|3,18	|2,18	|3,35	|2,49	|3,6	|0	|0	|3,08	|3,09	|21,87	|16,36	|12,45	|21,04	|17,06	|13,36	|16,56	|16,82	|18,94	|12,3	|14	|20,09	|0	|9,42	|0	|20,36	|18,18	|16,68	|20,7	|16,91	|16,81	|16,5	|19,22	|16,14	|21,06	|0	|0	|20,85	|16,34	|11,51	|11,49	|18,56	|12,19	|13,84	|16,62	|17,06	|25,58	|19,04	|14,47	|20,53	|17,64	|100	|17,36	|20,11	|16,31	|15,05	|17,47	|12,41	|15,9	|15,68	|20,39	|18,24	|20,04	|16,45	|16,85	|20,08	|
________________________________________________________
59	|3,3	|3,53	|1,85	|2,71	|3,01	|3,29	|1,94	|3,21	|2,29	|3,1	|2,56	|3,8	|3	|1,96	|2,83	|18,1	|21,71	|16,74	|11,61	|20,02	|17	|12,58	|20,92	|14,64	|18,69	|12,34	|12,83	|19,13	|17,1	|0	|12,28	|0	|18,22	|16,09	|18,88	|16,68	|17,03	|16,46	|17,96	|15,25	|17,67	|16,09	|16,73	|16,12	|16,11	|11,81	|11,24	|17,08	|13,08	|10,54	|18,6	|12,01	|25,58	|19,6	|13,5	|21,55	|19,36	|12,77	|100	|21,33	|17,08	|15,17	|16,65	|14,1	|16,03	|15,99	|18,7	|16,5	|16,49	|16,75	|18,1	|16,38	|
________________________________________________________
60	|3,35	|3,36	|1,7	|2,66	|3,29	|2,35	|2,53	|3,31	|2,29	|3,1	|2,56	|3,55	|3,15	|0	|3,5	|3,8	|21,53	|16,56	|12,53	|19,6	|17,69	|12,27	|14,22	|20,92	|18,76	|12,52	|12,88	|18,91	|17,28	|13,11	|0	|8,63	|18,4	|16,58	|19,11	|17,01	|17,31	|16,32	|17,12	|14,64	|17,57	|16,41	|16,74	|16,2	|15,99	|11,88	|11,36	|16,44	|13,62	|12,53	|18,65	|18,78	|26,35	|19,45	|13,68	|21,06	|19,43	|14,7	|21,2	|100	|16,93	|14,98	|16,39	|14,22	|16,02	|16,61	|17,77	|16,3	|16,46	|16,49	|16,39	|15,88	|
________________________________________________________
61	|3,71	|0	|1,8	|3,28	|2,99	|1,98	|2,63	|3,22	|2,1	|3	|2,69	|3,84	|2,53	|2,6	|2,74	|2,99	|21,82	|16,53	|15,27	|19,55	|17,24	|12,28	|16,22	|16,06	|16,31	|10,65	|13,62	|16,52	|14,43	|11,14	|16,72	|16,24	|16,23	|0	|21,34	|18,8	|18,36	|18,38	|22,57	|11,79	|17,33	|15,54	|17,2	|16,85	|15,75	|11,37	|13,36	|16,2	|12,74	|13,02	|16,43	|16,38	|22,47	|16,53	|13,6	|18,83	|16,16	|11,92	|16,97	|16,92	|100	|16,47	|18,97	|15,97	|18,98	|18,92	|21,13	|18,86	|16,35	|16,51	|16,44	|16,5	|
________________________________________________________
62	|3,73	|3,23	|11,76	|2,8	|3,02	|3,99	|2,48	|2,51	|2,32	|3,25	|2,58	|3,79	|2,29	|2,72	|2,75	|3,03	|22,27	|16,51	|0	|20,26	|16,31	|12,08	|17,06	|16,95	|16,63	|10,84	|13,72	|16,55	|14,32	|11,07	|16,85	|17,01	|0	|14,55	|21,31	|19,06	|18,98	|18,56	|14,08	|20,49	|17,27	|16,19	|16,25	|17,03	|15,74	|11,76	|11,16	|16,63	|13,46	|10,49	|16,8	|17,24	|22,42	|16,57	|13,64	|19,08	|16,42	|12,28	|16,83	|16,73	|18,41	|100	|19,21	|16,14	|18,53	|18,15	|12,42	|18,37	|17,01	|16,52	|16,83	|16,33	|
________________________________________________________
63	|2,78	|4	|1,73	|16,55	|4,02	|2,74	|2,34	|3,32	|2,35	|0	|2,63	|3,85	|2,52	|2,22	|3,32	|3,2	|21,66	|16,62	|0	|19,72	|17,38	|12,15	|16,86	|16,32	|16,8	|10,63	|14,85	|16,41	|15,71	|10,99	|16,25	|16,98	|20,78	|18,79	|17,34	|0	|18,46	|18,31	|17,81	|15	|21,99	|13,54	|16,97	|16,71	|16,14	|11,49	|10,85	|16,55	|13,36	|11,36	|16,54	|16,73	|22,6	|16,98	|14,77	|17,35	|17,42	|12,84	|16,63	|16,48	|19,07	|17,29	|100	|16,19	|18,26	|18,24	|18,03	|16,47	|19,52	|18,84	|16,93	|16,71	|
________________________________________________________
64	|0	|4,62	|2,15	|2,92	|2,71	|3	|1,96	|1,7	|2,03	|2,42	|16,26	|3,51	|2,26	|3,94	|3,31	|2,63	|21,46	|16,12	|15,01	|21,08	|16,85	|13,58	|16,84	|16,28	|16,6	|10,71	|0	|16,38	|13,39	|11,09	|16,79	|16,5	|20,06	|18,44	|0	|15,13	|19,24	|19,16	|17,31	|14,94	|15,08	|22,06	|16,61	|16,82	|16,69	|11,29	|14	|16,09	|12,96	|12,34	|16,62	|16,47	|22,78	|16,26	|11,58	|19,31	|17,37	|10,7	|16,53	|16,77	|18,84	|17,04	|19	|100	|19,32	|18,57	|18,37	|16,24	|10,58	|19,17	|17,01	|16,74	|
________________________________________________________
65	|3,68	|4,24	|2,03	|2,97	|3,03	|2,82	|2,13	|2,8	|1,75	|3,43	|2,43	|20,1	|3,26	|2,74	|2,73	|3,5	|21,72	|16,69	|13,98	|20,24	|17,02	|12,61	|16,32	|15,83	|16,12	|11,12	|0	|16,49	|14,13	|10,54	|16,46	|16,65	|20,62	|18,65	|21,49	|20,23	|14,96	|0	|17,5	|15,05	|17,55	|16,58	|22,08	|14,59	|16,17	|11,7	|12,56	|16,51	|12,9	|11,83	|16,85	|16,91	|22,42	|16,68	|12,04	|20,1	|16,59	|11,77	|16,13	|16,22	|19,22	|16,8	|18,39	|16,59	|100	|17,5	|18,37	|15,49	|16,1	|16,62	|19,07	|19,19	|
________________________________________________________
66	|3,35	|4,08	|1,84	|2,96	|2,86	|2,89	|2,08	|3,05	|0	|3,43	|2,75	|3,76	|2,08	|3,08	|2,72	|1,81	|22,26	|16,39	|13,79	|20,44	|16,97	|11,56	|16,66	|16,26	|15,98	|10,17	|15,27	|16,34	|14,63	|12,79	|16,59	|16,91	|21,1	|18,52	|21,55	|19,4	|0	|14,99	|17,34	|15,02	|16,64	|16,22	|14,08	|21,82	|16,56	|11,55	|12,26	|16,67	|13,03	|12,03	|16,78	|16,81	|22,19	|16,33	|14,37	|18,13	|16,72	|11,73	|16,25	|16,99	|19,36	|16,62	|18,56	|16,1	|17,68	|100	|18,24	|15,6	|16,94	|16,35	|11,44	|19,45	|
________________________________________________________
67	|3,56	|3,2	|1,21	|2,73	|3,64	|0	|2,5	|3,36	|1,9	|2,83	|2,19	|3,44	|2,74	|2,94	|3,23	|3,5	|22,24	|16,58	|13,89	|20,02	|17,31	|14,81	|16,26	|15,91	|16,28	|10,64	|11,93	|16,49	|14,67	|12,69	|16,45	|16,58	|23,2	|14,94	|19,05	|17,23	|16,45	|16,75	|16,67	|0	|19,25	|18,11	|19,44	|18,6	|16,71	|11,73	|11,28	|16,65	|13,47	|14,07	|16,73	|16,25	|22,99	|16,94	|12,18	|18,49	|17,05	|13,6	|16,96	|16,22	|19,29	|10,15	|16,37	|14,22	|16,56	|16,27	|100	|18,75	|18,89	|18,57	|18,97	|19,09	|
________________________________________________________
68	|3,3	|4,8	|2,13	|2,77	|3,66	|2,16	|13,35	|2,99	|1,94	|2,86	|2,54	|3,23	|2,6	|2,9	|3,11	|3,48	|21,54	|16,68	|12,45	|20,26	|17,1	|0	|16,35	|16,06	|16,44	|10,69	|11,93	|16,75	|14,95	|12,54	|16,14	|16,65	|16,32	|22,72	|19,02	|16,64	|16,6	|16,43	|0	|11,97	|20,1	|18,02	|19,06	|18,59	|16,16	|11,21	|11,29	|16,61	|13,35	|12,04	|16,94	|16,42	|23,18	|17,19	|11,98	|18,87	|16,67	|13,84	|17,01	|16,91	|19,58	|17,06	|17	|14,28	|15,88	|15,83	|21,31	|100	|19,15	|18,66	|19,46	|19,24	|
________________________________________________________
69	|4,13	|3,61	|1,55	|3,29	|2,66	|3,28	|2,26	|16,83	|2,03	|2,51	|1,39	|3,17	|3	|0	|3,36	|3,67	|22,36	|17	|11,88	|20,17	|17,37	|0	|16,42	|16,04	|15,94	|10,58	|13,85	|17,18	|14,74	|13,39	|16,66	|16,83	|18,33	|16,76	|24,04	|14,15	|15,8	|16,42	|20,22	|17,21	|15,1	|0	|18,92	|19,19	|16,67	|11,13	|9,91	|16,7	|13,66	|11,74	|16,83	|16,88	|22,68	|17,24	|12,26	|18,53	|17,59	|14,68	|16,42	|16,49	|16,39	|15,26	|19,45	|8,99	|15,93	|16,6	|20,74	|18,49	|100	|18,9	|18,67	|18,47	|
________________________________________________________
70	|2,59	|3,57	|1,99	|2,91	|0	|3,54	|2,44	|3,1	|1,89	|3,8	|2,58	|3,16	|2,95	|2,4	|17,34	|3,17	|21,65	|16,19	|12,14	|19,83	|17,21	|14,9	|16,56	|16,47	|17,02	|10,86	|11,99	|16,85	|14,79	|0	|17,04	|17,13	|18,02	|16,7	|16,21	|21,81	|16,5	|16,73	|19,91	|17,25	|0	|13,87	|18,94	|19,05	|15,93	|11,29	|12,74	|16,92	|13,25	|14,36	|15,86	|16,74	|22,76	|16,25	|12,32	|18,83	|17,34	|12,16	|16,83	|16,68	|16,7	|14,96	|18,95	|16,44	|16,6	|16,16	|20,57	|18,19	|19,07	|100	|19,63	|19,43	|
________________________________________________________
71	|3,24	|3,6	|1,79	|2,82	|3,44	|3,01	|2,55	|3,2	|2,54	|2,66	|2,21	|3,81	|2,12	|3,36	|3,2	|18	|21,55	|16,7	|12,1	|19,88	|17,21	|13,87	|16,66	|16,08	|16,49	|10,93	|11,65	|16,4	|14,57	|0	|16,93	|16,64	|18,16	|17,22	|19,07	|16,99	|21,86	|14,11	|19,56	|17,08	|19,62	|18,62	|14,47	|0	|16,13	|11,39	|10,75	|16,53	|13,33	|12,98	|16,44	|16,43	|22,96	|17,25	|11,07	|18,46	|17,03	|12,33	|18	|16,4	|16,46	|15,08	|16,85	|14,43	|18,85	|11,19	|20,81	|18,77	|18,65	|19,43	|100	|19,3	|
________________________________________________________
72	|2,96	|3,64	|1,79	|2,83	|3,63	|3,1	|2,4	|3,12	|1,54	|2,84	|2,68	|3,8	|0	|3,3	|3,54	|3,5	|22,31	|16,64	|11,97	|19,7	|17,42	|13,96	|16,84	|15,97	|16,24	|10,41	|11,84	|16,84	|15,11	|12,98	|16,91	|16,87	|18,26	|16,66	|18,78	|17,05	|14,09	|21,32	|19,69	|16,84	|19,57	|18,62	|0	|14,32	|16,68	|11,41	|11,23	|17,06	|13,33	|13,42	|16,35	|16,89	|22,43	|16,95	|13,68	|18,49	|16,64	|14,76	|16,38	|15,97	|16,6	|14,71	|16,71	|14,28	|19,07	|19,13	|21,04	|18,66	|18,54	|19,33	|19,4	|100	|
________________________________________________________
