0	|1	|2	|3	|4	|5	|6	|7	|8	|9	|10	|11	|12	|13	|14	|15	|16	|17	|18	|19	|20	|21	|22	|23	|24	|25	|26	|27	|28	|29	|30	|31	|32	|33	|34	|35	|36	|37	|38	|39	|40	|41	|42	|43	|44	|45	|46	|47	|48	|49	|50	|51	|52	|53	|54	|55	|56	|57	|58	|59	|60	|61	|62	|63	|64	|65	|66	|67	|68	|69	|70	|71	|72	|
1	|3427	|88	|74	|113	|124	|95	|88	|143	|116	|101	|0	|126	|92	|73	|97	|103	|802	|3427	|417	|644	|702	|450	|666	|630	|656	|501	|474	|537	|533	|391	|537	|585	|788	|593	|3427	|618	|661	|623	|657	|450	|608	|396	|575	|597	|0	|324	|0	|725	|590	|431	|660	|629	|582	|683	|492	|615	|584	|443	|553	|559	|694	|622	|524	|0	|621	|611	|735	|539	|739	|515	|559	|543	|
________________________________________________________
2	|88	|3725	|70	|95	|109	|121	|0	|134	|62	|131	|122	|175	|70	|114	|102	|119	|891	|627	|475	|3725	|703	|512	|694	|625	|670	|351	|464	|687	|427	|437	|623	|641	|771	|3725	|694	|773	|726	|712	|754	|594	|618	|599	|615	|622	|745	|538	|0	|565	|0	|487	|689	|657	|921	|648	|498	|821	|586	|456	|650	|644	|0	|492	|737	|685	|741	|675	|633	|780	|626	|623	|586	|653	|
________________________________________________________
3	|74	|70	|1723	|49	|55	|62	|53	|45	|68	|56	|60	|57	|54	|56	|82	|50	|0	|223	|0	|456	|364	|238	|335	|336	|246	|287	|212	|277	|283	|193	|281	|296	|0	|253	|440	|392	|326	|341	|241	|320	|276	|324	|296	|269	|371	|1723	|205	|305	|291	|203	|346	|332	|299	|308	|243	|289	|331	|202	|279	|272	|307	|1723	|301	|321	|341	|328	|216	|320	|258	|341	|273	|299	|
________________________________________________________
4	|113	|95	|49	|2745	|0	|94	|69	|104	|63	|0	|66	|125	|52	|60	|103	|122	|730	|560	|0	|450	|0	|415	|526	|520	|429	|297	|400	|533	|343	|306	|464	|465	|634	|549	|508	|0	|480	|546	|493	|400	|595	|362	|469	|443	|572	|331	|277	|2745	|462	|349	|513	|514	|646	|458	|449	|592	|546	|430	|430	|461	|562	|443	|2745	|434	|498	|499	|530	|442	|496	|522	|440	|450	|
________________________________________________________
5	|124	|109	|55	|0	|2926	|67	|73	|117	|71	|93	|50	|87	|116	|96	|0	|111	|731	|549	|451	|664	|2926	|337	|481	|593	|452	|322	|493	|588	|494	|388	|502	|520	|516	|465	|604	|505	|448	|468	|599	|437	|2926	|517	|532	|529	|568	|355	|425	|0	|303	|0	|586	|603	|657	|543	|339	|471	|623	|423	|463	|504	|462	|409	|629	|329	|480	|465	|669	|537	|470	|0	|576	|576	|
________________________________________________________
6	|95	|121	|62	|94	|67	|2740	|58	|76	|49	|102	|80	|97	|63	|101	|112	|119	|651	|522	|342	|616	|475	|324	|2740	|548	|459	|309	|328	|508	|361	|349	|552	|336	|327	|504	|492	|486	|446	|434	|513	|2740	|437	|511	|512	|509	|491	|374	|359	|516	|423	|0	|373	|0	|638	|470	|285	|565	|483	|343	|555	|378	|395	|569	|433	|439	|467	|458	|0	|397	|551	|589	|542	|536	|
________________________________________________________
7	|88	|0	|53	|69	|73	|58	|2074	|50	|57	|50	|41	|45	|88	|70	|69	|63	|496	|392	|310	|0	|287	|0	|434	|431	|341	|244	|271	|267	|438	|272	|355	|337	|325	|443	|434	|369	|327	|330	|0	|239	|431	|418	|418	|389	|376	|268	|324	|401	|2074	|244	|310	|413	|459	|328	|249	|285	|420	|229	|305	|383	|411	|332	|351	|287	|327	|355	|429	|2074	|333	|426	|424	|360	|
________________________________________________________
8	|143	|134	|45	|104	|117	|76	|50	|2983	|81	|69	|47	|102	|98	|0	|96	|111	|714	|575	|443	|698	|626	|0	|418	|0	|498	|343	|396	|515	|442	|392	|653	|444	|644	|475	|683	|408	|487	|476	|661	|490	|449	|0	|563	|570	|541	|435	|347	|593	|381	|344	|2983	|590	|644	|477	|382	|581	|502	|393	|595	|557	|574	|361	|589	|277	|484	|469	|707	|512	|2983	|599	|561	|569	|
________________________________________________________
9	|116	|62	|68	|63	|71	|49	|57	|81	|1936	|52	|43	|78	|55	|54	|67	|93	|330	|428	|228	|354	|373	|236	|329	|282	|405	|1936	|259	|337	|356	|212	|365	|387	|417	|377	|495	|341	|1936	|366	|304	|264	|352	|286	|349	|242	|208	|335	|228	|305	|287	|233	|322	|327	|0	|219	|0	|466	|403	|247	|394	|390	|381	|341	|409	|280	|272	|0	|344	|321	|378	|327	|426	|276	|
________________________________________________________
10	|101	|131	|56	|0	|93	|102	|50	|69	|52	|2806	|73	|112	|93	|105	|0	|91	|580	|453	|423	|643	|519	|521	|455	|408	|581	|303	|328	|2806	|543	|332	|528	|544	|582	|536	|607	|2806	|486	|584	|526	|406	|579	|524	|464	|480	|447	|307	|392	|547	|266	|359	|436	|448	|796	|549	|0	|455	|0	|391	|547	|514	|510	|492	|0	|343	|559	|578	|517	|449	|400	|621	|477	|516	|
________________________________________________________
11	|0	|122	|60	|66	|50	|80	|41	|47	|43	|73	|2352	|84	|53	|93	|110	|63	|476	|493	|391	|488	|384	|338	|391	|399	|0	|154	|0	|466	|378	|324	|407	|444	|486	|466	|0	|362	|446	|473	|409	|382	|355	|527	|397	|444	|480	|330	|307	|373	|318	|252	|407	|386	|621	|2352	|275	|476	|450	|336	|421	|445	|426	|405	|435	|2352	|393	|499	|421	|397	|262	|492	|325	|439	|
________________________________________________________
12	|126	|175	|57	|125	|87	|97	|45	|102	|78	|112	|84	|3430	|0	|128	|104	|117	|800	|551	|463	|810	|497	|446	|526	|547	|685	|446	|0	|496	|0	|493	|642	|638	|696	|662	|782	|744	|542	|0	|553	|539	|578	|579	|715	|486	|647	|366	|424	|665	|320	|383	|573	|601	|835	|609	|391	|3430	|692	|481	|607	|673	|661	|559	|651	|553	|3430	|643	|622	|573	|571	|582	|651	|667	|
________________________________________________________
13	|92	|70	|54	|52	|116	|63	|88	|98	|55	|93	|53	|0	|2447	|50	|75	|75	|516	|406	|272	|399	|513	|295	|373	|456	|424	|256	|355	|481	|2447	|251	|410	|523	|431	|418	|495	|431	|439	|477	|469	|423	|512	|384	|2447	|502	|398	|274	|293	|285	|463	|333	|419	|446	|608	|472	|386	|0	|286	|0	|469	|493	|401	|393	|431	|304	|525	|353	|498	|462	|537	|487	|326	|0	|
________________________________________________________
14	|73	|114	|56	|60	|96	|101	|70	|0	|54	|105	|93	|128	|50	|2739	|104	|82	|605	|475	|334	|548	|460	|392	|517	|528	|535	|340	|351	|539	|400	|315	|2739	|579	|481	|467	|395	|576	|399	|524	|550	|450	|548	|2739	|474	|558	|474	|317	|324	|474	|343	|362	|585	|386	|682	|518	|392	|614	|571	|0	|370	|0	|471	|421	|382	|520	|451	|551	|570	|514	|0	|430	|539	|599	|
________________________________________________________
15	|97	|102	|82	|103	|0	|112	|69	|96	|67	|0	|110	|104	|75	|104	|3021	|82	|645	|459	|374	|552	|600	|461	|493	|521	|572	|347	|430	|0	|305	|0	|638	|630	|515	|484	|515	|684	|476	|487	|628	|522	|0	|415	|618	|609	|511	|364	|516	|584	|459	|435	|497	|485	|783	|567	|481	|662	|3021	|339	|461	|638	|477	|435	|575	|511	|473	|482	|606	|527	|558	|3021	|501	|609	|
________________________________________________________
16	|103	|119	|50	|122	|111	|119	|63	|111	|93	|91	|63	|117	|75	|82	|82	|2970	|670	|516	|363	|637	|501	|403	|649	|438	|582	|361	|425	|601	|549	|0	|321	|0	|537	|526	|638	|476	|639	|397	|624	|509	|641	|584	|392	|0	|469	|352	|350	|524	|370	|382	|572	|324	|784	|553	|395	|620	|549	|361	|2970	|638	|466	|421	|558	|377	|567	|339	|631	|543	|604	|519	|2970	|582	|
________________________________________________________
17	|802	|891	|0	|730	|731	|651	|496	|714	|330	|580	|476	|800	|516	|605	|645	|670	|21951	|4062	|2946	|4997	|4204	|3061	|4156	|4056	|4004	|1819	|2655	|3537	|3216	|2447	|3651	|3706	|4031	|3676	|4078	|3705	|3662	|3619	|3827	|3222	|3753	|3524	|3558	|3692	|3294	|0	|3060	|4205	|3238	|2853	|4140	|4159	|5485	|3268	|2818	|4006	|3836	|2681	|3707	|3692	|3694	|3280	|3631	|3053	|3575	|3710	|4068	|3519	|3778	|3629	|3608	|3687	|
________________________________________________________
18	|3427	|627	|223	|560	|549	|522	|392	|575	|428	|453	|493	|551	|406	|475	|459	|516	|4062	|16844	|2051	|3825	|3163	|2309	|3147	|3176	|3274	|2457	|2009	|2807	|2430	|1960	|2744	|2799	|3191	|2944	|3427	|2777	|2778	|2804	|2981	|2533	|2823	|2769	|2841	|2851	|0	|1509	|0	|3259	|2565	|2222	|3228	|3064	|3155	|3457	|2012	|3125	|2786	|2039	|2811	|2839	|2782	|2510	|2860	|2332	|2752	|2835	|3093	|2711	|2894	|2798	|2808	|2767	|
________________________________________________________
19	|417	|475	|0	|0	|451	|342	|310	|443	|228	|423	|391	|463	|272	|334	|374	|363	|2946	|2051	|12112	|2486	|2491	|1836	|2251	|2241	|2159	|1079	|1726	|1963	|1800	|1331	|2024	|2067	|2654	|2114	|2305	|2495	|2271	|2212	|2332	|1585	|1974	|2001	|1992	|2086	|2434	|0	|1154	|0	|1919	|1550	|2357	|2212	|2930	|2083	|1617	|2184	|2081	|1402	|2042	|2039	|2445	|0	|0	|2193	|2210	|2302	|2429	|1946	|1984	|2058	|2030	|1994	|
________________________________________________________
20	|644	|3725	|456	|450	|664	|616	|0	|698	|354	|643	|488	|810	|399	|548	|552	|637	|4997	|3825	|2486	|19951	|3823	|2845	|3667	|3737	|3289	|2159	|2182	|3741	|2268	|2288	|3318	|3418	|3501	|3725	|3733	|3465	|3337	|3396	|3486	|2950	|3427	|3259	|3388	|3279	|3773	|2611	|0	|2919	|0	|2803	|3622	|3642	|4568	|3340	|2404	|4358	|3005	|2459	|3334	|3305	|3254	|2936	|3347	|2897	|3476	|3438	|3691	|3283	|3402	|3420	|3283	|3359	|
________________________________________________________
21	|702	|703	|364	|0	|2926	|475	|287	|626	|373	|519	|384	|497	|513	|460	|600	|501	|4204	|3163	|2491	|3823	|16955	|2145	|3152	|3262	|2739	|1795	|2189	|3337	|2991	|1899	|2846	|2828	|3027	|2858	|3218	|2877	|2789	|2691	|2939	|2587	|2926	|2682	|2855	|2808	|3126	|2231	|2372	|0	|1758	|0	|3196	|3212	|3899	|2902	|2057	|2624	|3515	|1961	|2789	|2837	|2701	|2451	|2820	|2358	|2899	|2749	|3181	|2679	|2934	|2938	|2935	|2909	|
________________________________________________________
22	|450	|512	|238	|415	|337	|324	|0	|0	|236	|521	|338	|446	|295	|392	|461	|403	|3061	|2309	|1836	|2845	|2145	|12329	|2118	|2462	|2028	|1346	|1526	|2234	|1602	|1673	|2044	|2097	|2228	|2088	|2151	|2305	|2005	|2037	|2715	|1842	|2106	|2386	|2186	|2225	|2321	|1566	|1594	|2486	|0	|1208	|0	|2527	|2807	|2046	|1454	|2458	|2202	|1617	|2034	|2102	|1985	|1872	|2059	|1986	|2035	|2068	|2870	|0	|0	|2457	|2260	|2275	|
________________________________________________________
23	|666	|694	|335	|526	|481	|2740	|434	|418	|329	|455	|391	|526	|373	|517	|493	|649	|4156	|3147	|2251	|3667	|3152	|2118	|16536	|3186	|2741	|1729	|1922	|2734	|2477	|1651	|3178	|2033	|3030	|2808	|3241	|2779	|2780	|2771	|2750	|2740	|2777	|2542	|2801	|2848	|3134	|2187	|2105	|3198	|2606	|0	|2202	|0	|3782	|2803	|1928	|2991	|2748	|1971	|3451	|2310	|2829	|2504	|2701	|2280	|2778	|2753	|2961	|2721	|2834	|2801	|2844	|2856	|
________________________________________________________
24	|630	|625	|336	|520	|593	|548	|431	|0	|282	|408	|399	|547	|456	|528	|521	|438	|4056	|3176	|2241	|3737	|3262	|2462	|3186	|16728	|2760	|1726	|1975	|2713	|2501	|2030	|3202	|3189	|3090	|2701	|3163	|2781	|2683	|2828	|2826	|2498	|2816	|2603	|2717	|2682	|3145	|2148	|2064	|3180	|2494	|2205	|0	|1343	|3824	|2789	|2035	|3023	|2880	|2011	|2391	|3561	|2797	|2586	|2760	|2373	|2801	|2854	|2927	|2639	|2826	|2861	|2703	|2799	|
________________________________________________________
25	|656	|670	|246	|429	|452	|459	|341	|498	|405	|581	|0	|685	|424	|535	|572	|582	|4004	|3274	|2159	|3289	|2739	|2028	|2741	|2760	|16477	|2366	|2371	|3032	|2637	|2120	|3209	|3099	|3054	|2910	|3222	|2821	|2708	|2694	|2895	|2489	|2764	|2672	|2722	|2718	|3240	|1553	|1827	|2768	|2154	|1882	|2721	|2656	|3088	|0	|2370	|3511	|3308	|2187	|3117	|3122	|2681	|2441	|2709	|2360	|2678	|2686	|3135	|2675	|2880	|2838	|2783	|2733	|
________________________________________________________
26	|501	|351	|287	|297	|322	|309	|244	|343	|1936	|303	|154	|446	|256	|340	|347	|361	|1819	|2457	|1079	|2159	|1795	|1346	|1729	|1726	|2366	|10725	|1294	|2024	|1735	|1378	|2102	|2053	|2056	|1846	|2084	|1819	|1936	|1838	|1864	|1578	|1833	|1716	|1828	|1754	|1107	|1755	|1188	|1834	|1428	|1271	|1808	|1823	|0	|1172	|0	|2342	|2078	|1407	|1966	|2029	|1798	|1567	|1756	|1468	|1759	|1721	|1998	|1780	|1898	|1790	|1819	|1773	|
________________________________________________________
27	|474	|464	|212	|400	|493	|328	|271	|396	|259	|328	|0	|0	|355	|351	|430	|425	|2655	|2009	|1726	|2182	|2189	|1526	|1922	|1975	|2371	|1294	|11979	|1998	|2174	|1548	|2167	|2176	|2432	|2165	|2683	|2002	|2009	|2486	|2071	|1871	|2236	|1729	|2031	|1964	|1968	|1339	|1598	|1958	|1791	|1359	|2004	|1984	|3302	|0	|1222	|0	|2494	|1605	|2163	|2154	|2253	|2050	|2427	|0	|0	|2526	|2210	|1926	|2328	|2001	|2001	|2063	|
________________________________________________________
28	|537	|687	|277	|533	|588	|508	|267	|515	|337	|2806	|466	|496	|481	|539	|0	|601	|3537	|2807	|1963	|3741	|3337	|2234	|2734	|2713	|3032	|2024	|1998	|16480	|3029	|2206	|3165	|3147	|3017	|2776	|3174	|2806	|2779	|2721	|2970	|2485	|2934	|2550	|2725	|2817	|2699	|1887	|1840	|3278	|1671	|1889	|2779	|2678	|4358	|3119	|0	|2544	|0	|2319	|3134	|3118	|2786	|2512	|2745	|2362	|2733	|2792	|3101	|2600	|2852	|2740	|2655	|2889	|
________________________________________________________
29	|533	|427	|283	|343	|494	|361	|438	|442	|356	|543	|378	|0	|2447	|400	|305	|549	|3216	|2430	|1800	|2268	|2991	|1602	|2477	|2501	|2637	|1735	|2174	|3029	|14713	|1683	|2891	|2835	|2642	|2485	|2913	|2492	|2333	|2378	|2621	|2248	|2431	|2302	|2447	|2568	|2403	|1705	|1823	|1861	|2646	|1740	|2410	|2432	|3792	|2750	|2223	|0	|1715	|0	|2771	|2805	|2346	|2086	|2575	|1942	|2387	|2416	|2746	|2379	|2590	|2461	|2370	|2630	|
________________________________________________________
30	|391	|437	|193	|306	|388	|349	|272	|392	|212	|332	|324	|493	|251	|315	|0	|0	|2447	|1960	|1331	|2288	|1899	|1673	|1651	|2030	|2120	|1378	|1548	|2206	|1683	|11209	|2019	|2190	|2047	|1901	|2076	|1849	|1562	|2114	|2188	|1933	|2339	|1816	|1837	|2250	|1846	|1245	|1259	|1834	|1455	|1427	|1860	|2108	|2843	|2128	|1563	|2565	|0	|1149	|0	|2199	|1853	|1677	|1866	|1606	|1840	|2209	|2259	|2003	|2299	|0	|0	|2262	|
________________________________________________________
31	|537	|623	|281	|464	|502	|552	|355	|653	|365	|528	|407	|642	|410	|2739	|638	|321	|3651	|2744	|2024	|3318	|2846	|2044	|3178	|3202	|3209	|2102	|2167	|3165	|2891	|2019	|16773	|3575	|3113	|2850	|3227	|2843	|2806	|2781	|2922	|2525	|2926	|2739	|2791	|2884	|2845	|1939	|1909	|2757	|2240	|1874	|3556	|2371	|4281	|3196	|2309	|3514	|3294	|0	|2067	|0	|2816	|2566	|2902	|2332	|2739	|2814	|3064	|2704	|2907	|2870	|2702	|2878	|
________________________________________________________
32	|585	|641	|296	|465	|520	|336	|337	|444	|387	|544	|444	|638	|523	|579	|630	|0	|3706	|2799	|2067	|3418	|2828	|2097	|2033	|3189	|3099	|2053	|2176	|3147	|2835	|2190	|3575	|16678	|3140	|2876	|3259	|2876	|2898	|2742	|2924	|2479	|2883	|2698	|2693	|2750	|2773	|1886	|1846	|2785	|2126	|2114	|2416	|3593	|4430	|3132	|2284	|3466	|3354	|2435	|0	|1427	|2800	|2443	|2804	|2391	|2684	|2797	|3004	|2613	|2854	|2767	|2719	|2743	|
________________________________________________________
33	|788	|771	|0	|634	|516	|327	|325	|644	|417	|582	|486	|696	|431	|481	|515	|537	|4031	|3191	|2654	|3501	|3027	|2228	|3030	|3090	|3054	|2056	|2432	|3017	|2642	|2047	|3113	|3140	|18295	|3420	|4074	|3611	|3449	|3453	|3672	|1909	|3162	|2955	|3022	|2999	|3007	|2064	|2487	|3056	|2443	|2307	|3100	|2979	|4168	|3074	|2370	|3435	|3078	|2227	|3044	|3064	|2708	|0	|3504	|2940	|3414	|3447	|4307	|2553	|3112	|3035	|3074	|3111	|
________________________________________________________
34	|593	|3725	|253	|549	|465	|504	|443	|475	|377	|536	|466	|662	|418	|467	|484	|526	|3676	|2944	|2114	|3725	|2858	|2088	|2808	|2701	|2910	|1846	|2165	|2776	|2485	|1901	|2850	|2876	|3420	|17040	|3735	|3295	|3260	|3278	|3475	|2819	|2939	|2748	|2849	|2880	|2843	|2051	|0	|2895	|2201	|1898	|2854	|2757	|3861	|2863	|2263	|3224	|2836	|1985	|2845	|2834	|0	|2286	|3212	|2768	|3170	|3144	|2896	|3513	|2925	|2903	|2755	|2954	|
________________________________________________________
35	|3427	|694	|440	|508	|604	|492	|434	|683	|495	|607	|0	|782	|495	|395	|515	|638	|4078	|3427	|2305	|3733	|3218	|2151	|3241	|3163	|3222	|2084	|2683	|3174	|2913	|2076	|3227	|3259	|4074	|3735	|19212	|3571	|3649	|3570	|3397	|2881	|3680	|2219	|3230	|3233	|3092	|2186	|0	|3235	|2636	|2202	|3186	|3176	|4318	|3162	|2815	|3459	|3400	|2471	|3132	|3143	|3613	|3285	|2935	|0	|3609	|3553	|3603	|3087	|4132	|2874	|3186	|3200	|
________________________________________________________
36	|618	|773	|392	|0	|505	|486	|369	|408	|341	|2806	|362	|744	|431	|576	|684	|476	|3705	|2777	|2495	|3465	|2877	|2305	|2779	|2781	|2821	|1819	|2002	|2806	|2492	|1849	|2843	|2876	|3611	|3295	|3571	|17155	|3323	|3275	|3071	|2563	|3342	|3281	|2859	|2897	|2774	|2011	|2464	|2825	|2240	|2038	|2735	|2897	|3875	|2866	|0	|3175	|2994	|2046	|2822	|2849	|3200	|2871	|0	|2132	|3351	|3316	|3123	|2827	|2457	|3853	|2856	|2888	|
________________________________________________________
37	|661	|726	|326	|480	|448	|446	|327	|487	|1936	|486	|446	|542	|439	|399	|476	|639	|3662	|2778	|2271	|3337	|2789	|2005	|2780	|2683	|2708	|1936	|2009	|2779	|2333	|1562	|2806	|2898	|3449	|3260	|3649	|3323	|16511	|3053	|2896	|2459	|2724	|2773	|3108	|2031	|2701	|1924	|2063	|2708	|2114	|1903	|2760	|2676	|3663	|2675	|0	|3209	|2768	|1984	|2844	|2849	|3138	|2817	|3042	|2588	|2504	|0	|3009	|2624	|2815	|2820	|3506	|2365	|
________________________________________________________
38	|623	|712	|341	|546	|468	|434	|330	|476	|366	|584	|473	|0	|477	|524	|487	|397	|3619	|2804	|2212	|3396	|2691	|2037	|2771	|2828	|2694	|1838	|2486	|2721	|2378	|2114	|2781	|2742	|3453	|3278	|3570	|3275	|3053	|16634	|2941	|2529	|2853	|2663	|3195	|3287	|2647	|1977	|2031	|2921	|2175	|1915	|2688	|2773	|3654	|2675	|2321	|3014	|2833	|1975	|2729	|2722	|3183	|2847	|3096	|2655	|0	|2533	|3042	|2703	|2876	|2827	|2273	|3598	|
________________________________________________________
39	|657	|754	|241	|493	|599	|513	|0	|661	|304	|526	|409	|553	|469	|550	|628	|624	|3827	|2981	|2332	|3486	|2939	|2715	|2750	|2826	|2895	|1864	|2071	|2970	|2621	|2188	|2922	|2924	|3672	|3475	|3397	|3071	|2896	|2941	|17594	|2830	|3368	|3268	|3321	|3409	|2847	|1962	|2013	|2888	|2327	|2398	|2918	|2805	|3978	|2880	|2175	|3217	|2954	|2346	|2942	|2933	|3720	|2161	|2989	|2487	|2861	|2939	|3144	|0	|3472	|3439	|3323	|3299	|
________________________________________________________
40	|450	|594	|320	|400	|437	|2740	|239	|490	|264	|406	|382	|539	|423	|450	|522	|509	|3222	|2533	|1585	|2950	|2587	|1842	|2740	|2498	|2489	|1578	|1871	|2485	|2248	|1933	|2525	|2479	|1909	|2819	|2881	|2563	|2459	|2529	|2830	|14952	|2871	|2681	|2843	|2801	|2393	|1692	|1746	|2416	|1931	|0	|2503	|2411	|3415	|2458	|1743	|2782	|2522	|1979	|2448	|2510	|1934	|3043	|2379	|2106	|2473	|2524	|0	|1958	|2962	|2918	|2899	|2922	|
________________________________________________________
41	|608	|618	|276	|595	|2926	|437	|431	|449	|352	|579	|355	|578	|512	|548	|0	|641	|3753	|2823	|1974	|3427	|2926	|2106	|2777	|2816	|2764	|1833	|2236	|2934	|2431	|2339	|2926	|2883	|3162	|2939	|3680	|3342	|2724	|2853	|3368	|2871	|17126	|3209	|3234	|3251	|2895	|1866	|1999	|2914	|2237	|0	|2807	|2874	|3941	|2882	|2004	|3200	|2979	|2465	|2906	|2930	|2883	|2522	|3656	|2018	|2789	|2910	|3553	|3180	|2570	|0	|3216	|3342	|
________________________________________________________
42	|396	|599	|324	|362	|517	|511	|418	|0	|286	|524	|527	|579	|384	|2739	|415	|584	|3524	|2769	|2001	|3259	|2682	|2386	|2542	|2603	|2672	|1716	|1729	|2550	|2302	|1816	|2739	|2698	|2955	|2748	|2219	|3281	|2773	|2663	|3268	|2681	|3209	|16167	|3129	|3091	|2579	|1823	|2011	|2664	|2153	|2230	|2651	|2685	|3654	|2691	|1863	|3027	|2720	|0	|2684	|2679	|2732	|2351	|2278	|3078	|2745	|2794	|3364	|3008	|0	|2352	|3127	|3026	|
________________________________________________________
43	|575	|615	|296	|469	|532	|512	|418	|563	|349	|464	|397	|715	|2447	|474	|618	|392	|3558	|2841	|1992	|3388	|2855	|2186	|2801	|2717	|2722	|1828	|2031	|2725	|2447	|1837	|2791	|2693	|3022	|2849	|3230	|2859	|3108	|3195	|3321	|2843	|3234	|3129	|16668	|3208	|2722	|1855	|1870	|2746	|2250	|2132	|2795	|2674	|3684	|2737	|1993	|3033	|2820	|0	|2658	|2782	|2692	|2525	|2745	|2367	|3603	|2473	|3484	|3100	|3215	|3241	|2316	|0	|
________________________________________________________
44	|597	|622	|269	|443	|529	|509	|389	|570	|242	|480	|444	|486	|502	|558	|609	|0	|3692	|2851	|2086	|3279	|2808	|2225	|2848	|2682	|2718	|1754	|1964	|2817	|2568	|2250	|2884	|2750	|2999	|2880	|3233	|2897	|2031	|3287	|3409	|2801	|3251	|3091	|3208	|16753	|2711	|1883	|1928	|2724	|2214	|2177	|2761	|2669	|3855	|2753	|2215	|3131	|2835	|2408	|2652	|2726	|2827	|2473	|2727	|2324	|2379	|3630	|3557	|3063	|3315	|3287	|0	|2452	|
________________________________________________________
45	|0	|745	|371	|572	|568	|491	|376	|541	|208	|447	|480	|647	|398	|474	|511	|469	|3294	|0	|2434	|3773	|3126	|2321	|3134	|3145	|3240	|1107	|1968	|2699	|2403	|1846	|2845	|2773	|3007	|2843	|3092	|2774	|2701	|2647	|2847	|2393	|2895	|2579	|2722	|2711	|16496	|2247	|2183	|3186	|2463	|2036	|3102	|3005	|4435	|3220	|2152	|3140	|2796	|1903	|2658	|2713	|2750	|2470	|2736	|2351	|2732	|2721	|3068	|2625	|2795	|2776	|2755	|2760	|
________________________________________________________
46	|324	|538	|1723	|331	|355	|374	|268	|435	|335	|307	|330	|366	|274	|317	|364	|352	|0	|1509	|0	|2611	|2231	|1566	|2187	|2148	|1553	|1755	|1339	|1887	|1705	|1245	|1939	|1886	|2064	|2051	|2186	|2011	|1924	|1977	|1962	|1692	|1866	|1823	|1855	|1883	|2247	|11355	|1326	|2220	|1692	|1484	|2181	|2183	|2041	|2246	|1292	|2127	|1910	|1340	|1846	|1829	|1882	|1723	|1891	|1670	|1952	|1939	|2068	|1850	|2052	|1964	|1924	|1975	|
________________________________________________________
47	|0	|0	|205	|277	|425	|359	|324	|347	|228	|392	|307	|424	|293	|324	|516	|350	|3060	|0	|1154	|0	|2372	|1594	|2105	|2064	|1827	|1188	|1598	|1840	|1823	|1259	|1909	|1846	|2487	|0	|0	|2464	|2063	|2031	|2013	|1746	|1999	|2011	|1870	|1928	|2183	|1326	|11320	|1818	|1886	|1469	|2025	|2021	|2601	|1872	|1547	|1933	|2182	|1405	|1860	|1934	|2357	|1704	|1895	|1978	|2102	|2145	|2128	|1830	|1712	|2128	|1924	|1878	|
________________________________________________________
48	|725	|565	|305	|2745	|0	|516	|401	|593	|305	|547	|373	|665	|285	|474	|584	|524	|4205	|3259	|0	|2919	|0	|2486	|3198	|3180	|2768	|1834	|1958	|3278	|1861	|1834	|2757	|2785	|3056	|2895	|3235	|2825	|2708	|2921	|2888	|2416	|2914	|2664	|2746	|2724	|3186	|2220	|1818	|16677	|2627	|2271	|3105	|3090	|3766	|2802	|2045	|3661	|3437	|2149	|2682	|2800	|2727	|2553	|2745	|2277	|2697	|2839	|3127	|2703	|2777	|2838	|2706	|2780	|
________________________________________________________
49	|590	|0	|291	|462	|303	|423	|2074	|381	|287	|266	|318	|320	|463	|343	|459	|370	|3238	|2565	|1919	|0	|1758	|0	|2606	|2494	|2154	|1428	|1791	|1671	|2646	|1455	|2240	|2126	|2443	|2201	|2636	|2240	|2114	|2175	|2327	|1931	|2237	|2153	|2250	|2214	|2463	|1692	|1886	|2627	|13266	|1510	|2589	|2537	|3027	|2162	|1622	|1825	|2680	|1383	|2191	|2177	|2145	|1937	|2272	|1878	|2109	|2200	|2458	|2074	|2230	|2288	|2224	|2184	|
________________________________________________________
50	|431	|487	|203	|349	|0	|0	|244	|344	|233	|359	|252	|383	|333	|362	|435	|382	|2853	|2222	|1550	|2803	|0	|1208	|0	|2205	|1882	|1271	|1359	|1889	|1740	|1427	|1874	|2114	|2307	|1898	|2202	|2038	|1903	|1915	|2398	|0	|0	|2230	|2132	|2177	|2036	|1484	|1469	|2271	|1510	|11419	|2010	|2312	|2671	|1909	|1409	|2091	|1956	|1649	|1710	|2063	|2198	|1527	|1875	|1589	|1869	|1931	|2595	|1859	|1974	|2442	|2110	|2137	|
________________________________________________________
51	|660	|689	|346	|513	|586	|373	|310	|2983	|322	|436	|407	|573	|419	|585	|497	|572	|4140	|3228	|2357	|3622	|3196	|0	|2202	|0	|2721	|1808	|2004	|2779	|2410	|1860	|3556	|2416	|3100	|2854	|3186	|2735	|2760	|2688	|2918	|2503	|2807	|2651	|2795	|2761	|3102	|2181	|2025	|3105	|2589	|2010	|16600	|3349	|3720	|2717	|2022	|3122	|2828	|1957	|3161	|3091	|2730	|2532	|2770	|2305	|2709	|2742	|3051	|2711	|2983	|2834	|2777	|2726	|
________________________________________________________
52	|629	|657	|332	|514	|603	|0	|413	|590	|327	|448	|386	|601	|446	|386	|485	|324	|4159	|3064	|2212	|3642	|3212	|2527	|0	|1343	|2656	|1823	|1984	|2678	|2432	|2108	|2371	|3593	|2979	|2757	|3176	|2897	|2676	|2773	|2805	|2411	|2874	|2685	|2674	|2669	|3005	|2183	|2021	|3090	|2537	|2312	|3349	|16457	|3806	|2717	|1983	|3095	|2866	|1950	|1852	|3131	|2711	|2467	|2689	|2326	|2754	|2717	|2896	|2558	|2688	|2725	|2663	|2636	|
________________________________________________________
53	|582	|921	|299	|646	|657	|638	|459	|644	|0	|796	|621	|835	|608	|682	|783	|784	|5485	|3155	|2930	|4568	|3899	|2807	|3782	|3824	|3088	|0	|3302	|4358	|3792	|2843	|4281	|4430	|4168	|3861	|4318	|3875	|3663	|3654	|3978	|3415	|3941	|3654	|3684	|3855	|4435	|2041	|2601	|3766	|3027	|2671	|3720	|3806	|22757	|4451	|3168	|4874	|4431	|3144	|4305	|4407	|3735	|3356	|3857	|3210	|3700	|3727	|4190	|3625	|3846	|3979	|3791	|3784	|
________________________________________________________
54	|683	|648	|308	|458	|543	|470	|328	|477	|219	|549	|2352	|609	|472	|518	|567	|553	|3268	|3457	|2083	|3340	|2902	|2046	|2803	|2789	|0	|1172	|0	|3119	|2750	|2128	|3196	|3132	|3074	|2863	|3162	|2866	|2675	|2675	|2880	|2458	|2882	|2691	|2737	|2753	|3220	|2246	|1872	|2802	|2162	|1909	|2717	|2717	|4451	|16590	|2054	|3655	|3117	|2286	|3096	|3163	|2761	|2466	|2703	|2352	|2754	|2831	|3062	|2701	|2838	|2852	|2782	|2761	|
________________________________________________________
55	|492	|498	|243	|449	|339	|285	|249	|382	|0	|0	|275	|391	|386	|392	|481	|395	|2818	|2012	|1617	|2404	|2057	|1454	|1928	|2035	|2370	|0	|1222	|0	|2223	|1563	|2309	|2284	|2370	|2263	|2815	|0	|0	|2321	|2175	|1743	|2004	|1863	|1993	|2215	|2152	|1292	|1547	|2045	|1622	|1409	|2022	|1983	|3168	|2054	|12037	|2208	|2540	|1746	|2196	|2325	|2261	|1975	|2448	|1717	|2032	|2404	|2302	|1900	|2124	|1994	|1841	|2225	|
________________________________________________________
56	|615	|821	|289	|592	|471	|565	|285	|581	|466	|455	|476	|3430	|0	|614	|662	|620	|4006	|3125	|2184	|4358	|2624	|2458	|2991	|3023	|3511	|2342	|0	|2544	|0	|2565	|3514	|3466	|3435	|3224	|3459	|3175	|3209	|3014	|3217	|2782	|3200	|3027	|3033	|3131	|3140	|2127	|1933	|3661	|1825	|2091	|3122	|3095	|4874	|3655	|2208	|18524	|3764	|2490	|3421	|3524	|3165	|2829	|2952	|2821	|3430	|3029	|3403	|3053	|3129	|3179	|3074	|3045	|
________________________________________________________
57	|584	|586	|331	|546	|623	|483	|420	|502	|403	|0	|450	|692	|286	|571	|3021	|549	|3836	|2786	|2081	|3005	|3515	|2202	|2748	|2880	|3308	|2078	|2494	|0	|1715	|0	|3294	|3354	|3078	|2836	|3400	|2994	|2768	|2833	|2954	|2522	|2979	|2720	|2820	|2835	|2796	|1910	|2182	|3437	|2680	|1956	|2828	|2866	|4431	|3117	|2540	|3764	|17026	|2124	|3166	|3254	|2817	|2454	|2857	|2270	|2753	|2807	|3251	|2737	|2908	|3021	|2866	|2816	|
________________________________________________________
58	|443	|456	|202	|430	|423	|343	|229	|393	|247	|391	|336	|481	|0	|0	|339	|361	|2681	|2039	|1402	|2459	|1961	|1617	|1971	|2011	|2187	|1407	|1605	|2319	|0	|1149	|0	|2435	|2227	|1985	|2471	|2046	|1984	|1975	|2346	|1979	|2465	|0	|0	|2408	|1903	|1340	|1405	|2149	|1383	|1649	|1957	|1950	|3144	|2286	|1746	|2490	|2124	|11907	|2054	|2367	|2064	|1775	|2125	|1535	|1904	|1956	|2575	|2122	|2395	|2019	|2006	|2457	|
________________________________________________________
59	|553	|650	|279	|430	|463	|555	|305	|595	|394	|547	|421	|607	|469	|370	|461	|2970	|3707	|2811	|2042	|3334	|2789	|2034	|3451	|2391	|3117	|1966	|2163	|3134	|2771	|0	|2067	|0	|3044	|2845	|3132	|2822	|2844	|2729	|2942	|2448	|2906	|2684	|2658	|2652	|2658	|1846	|1860	|2682	|2191	|1710	|3161	|1852	|4305	|3096	|2196	|3421	|3166	|2054	|16458	|3449	|2718	|2404	|2648	|2348	|2658	|2643	|3124	|2716	|2854	|2825	|2970	|2727	|
________________________________________________________
60	|559	|644	|272	|461	|504	|378	|383	|557	|390	|514	|445	|673	|493	|0	|638	|638	|3692	|2839	|2039	|3305	|2837	|2102	|2310	|3561	|3122	|2029	|2154	|3118	|2805	|2199	|0	|1427	|3064	|2834	|3143	|2849	|2849	|2722	|2933	|2510	|2930	|2679	|2782	|2726	|2713	|1829	|1934	|2800	|2177	|2063	|3091	|3131	|4407	|3163	|2325	|3524	|3254	|2367	|3449	|16704	|2744	|2472	|2839	|2402	|2737	|2794	|3093	|2646	|2795	|2889	|2732	|2705	|
________________________________________________________
61	|694	|0	|307	|562	|462	|395	|411	|574	|381	|510	|426	|661	|401	|471	|477	|466	|3694	|2782	|2445	|3254	|2701	|1985	|2829	|2797	|2681	|1798	|2253	|2786	|2346	|1853	|2816	|2800	|2708	|0	|3613	|3200	|3138	|3183	|3720	|1934	|2883	|2732	|2692	|2827	|2750	|1882	|2357	|2727	|2145	|2198	|2730	|2711	|3735	|2761	|2261	|3165	|2817	|2064	|2718	|2744	|16683	|2730	|3260	|2624	|3151	|3236	|3558	|3214	|2872	|2872	|2718	|2701	|
________________________________________________________
62	|622	|492	|1723	|443	|409	|569	|332	|361	|341	|492	|405	|559	|393	|421	|435	|421	|3280	|2510	|0	|2936	|2451	|1872	|2504	|2586	|2441	|1567	|2050	|2512	|2086	|1677	|2566	|2443	|0	|2286	|3285	|2871	|2817	|2847	|2161	|3043	|2522	|2351	|2525	|2473	|2470	|1723	|1704	|2553	|1937	|1527	|2532	|2467	|3356	|2466	|1975	|2829	|2454	|1775	|2404	|2472	|2730	|14908	|2856	|2366	|2772	|2925	|1893	|2754	|2547	|2550	|2415	|2501	|
________________________________________________________
63	|524	|737	|301	|2745	|629	|433	|351	|589	|409	|0	|435	|651	|431	|382	|575	|558	|3631	|2860	|0	|3347	|2820	|2059	|2701	|2760	|2709	|1756	|2427	|2745	|2575	|1866	|2902	|2804	|3504	|3212	|2935	|0	|3042	|3096	|2989	|2379	|3656	|2278	|2745	|2727	|2736	|1891	|1895	|2745	|2272	|1875	|2770	|2689	|3857	|2703	|2448	|2952	|2857	|2125	|2648	|2839	|3260	|2856	|16572	|2664	|3046	|3127	|3111	|2639	|3281	|3218	|2726	|2840	|
________________________________________________________
64	|0	|685	|321	|434	|329	|439	|287	|277	|280	|343	|2352	|553	|304	|520	|511	|377	|3053	|2332	|2193	|2897	|2358	|1986	|2280	|2373	|2360	|1468	|0	|2362	|1942	|1606	|2332	|2391	|2940	|2768	|0	|2132	|2588	|2655	|2487	|2106	|2018	|3078	|2367	|2324	|2351	|1670	|1978	|2277	|1878	|1589	|2305	|2326	|3210	|2352	|1717	|2821	|2270	|1535	|2348	|2402	|2624	|2366	|2664	|14062	|2671	|2751	|2551	|2269	|1571	|2858	|2336	|2285	|
________________________________________________________
65	|621	|741	|341	|498	|480	|467	|327	|484	|272	|559	|393	|3430	|525	|451	|473	|567	|3575	|2752	|2210	|3476	|2899	|2035	|2778	|2801	|2678	|1759	|0	|2733	|2387	|1840	|2739	|2684	|3414	|3170	|3609	|3351	|2504	|0	|2861	|2473	|2789	|2745	|3603	|2379	|2732	|1952	|2102	|2697	|2109	|1869	|2709	|2754	|3700	|2754	|2032	|3430	|2753	|1904	|2658	|2737	|3151	|2772	|3046	|2671	|16567	|3055	|3082	|2676	|2787	|2897	|3175	|3161	|
________________________________________________________
66	|611	|675	|328	|499	|465	|458	|355	|469	|0	|578	|499	|643	|353	|551	|482	|339	|3710	|2835	|2302	|3438	|2749	|2068	|2753	|2854	|2686	|1721	|2526	|2792	|2416	|2209	|2814	|2797	|3447	|3144	|3553	|3316	|0	|2533	|2939	|2524	|2910	|2794	|2473	|3630	|2721	|1939	|2145	|2839	|2200	|1931	|2742	|2717	|3727	|2831	|2404	|3029	|2807	|1956	|2643	|2794	|3236	|2925	|3127	|2751	|3055	|16827	|3148	|2730	|2814	|2798	|1950	|3239	|
________________________________________________________
67	|735	|633	|216	|530	|669	|0	|429	|707	|344	|517	|421	|622	|498	|570	|606	|631	|4068	|3093	|2429	|3691	|3181	|2870	|2961	|2927	|3135	|1998	|2210	|3101	|2746	|2259	|3064	|3004	|4307	|2896	|3603	|3123	|3009	|3042	|3144	|0	|3553	|3364	|3484	|3557	|3068	|2068	|2128	|3127	|2458	|2595	|3051	|2896	|4190	|3062	|2302	|3403	|3251	|2575	|3124	|3093	|3558	|1893	|3111	|2551	|3082	|3148	|18449	|3386	|3579	|3522	|3485	|3454	|
________________________________________________________
68	|539	|780	|320	|442	|537	|397	|2074	|512	|321	|449	|397	|573	|462	|514	|527	|543	|3519	|2711	|1946	|3283	|2679	|0	|2721	|2639	|2675	|1780	|1926	|2600	|2379	|2003	|2704	|2613	|2553	|3513	|3087	|2827	|2624	|2703	|0	|1958	|3180	|3008	|3100	|3063	|2625	|1850	|1830	|2703	|2074	|1859	|2711	|2558	|3625	|2701	|1900	|3053	|2737	|2122	|2716	|2646	|3214	|2754	|2639	|2269	|2676	|2730	|3386	|16120	|3126	|3160	|3058	|2987	|
________________________________________________________
69	|739	|626	|258	|496	|470	|551	|333	|2983	|378	|400	|262	|571	|537	|0	|558	|604	|3778	|2894	|1984	|3402	|2934	|0	|2834	|2826	|2880	|1898	|2328	|2852	|2590	|2299	|2907	|2854	|3112	|2925	|4132	|2457	|2815	|2876	|3472	|2962	|2570	|0	|3215	|3315	|2795	|2052	|1712	|2777	|2230	|1974	|2983	|2688	|3846	|2838	|2124	|3129	|2908	|2395	|2854	|2795	|2872	|2547	|3281	|1571	|2787	|2814	|3579	|3126	|17070	|3311	|3155	|3195	|
________________________________________________________
70	|515	|623	|341	|522	|0	|589	|426	|599	|327	|621	|492	|582	|487	|430	|3021	|519	|3629	|2798	|2058	|3420	|2938	|2457	|2801	|2861	|2838	|1790	|2001	|2740	|2461	|0	|2870	|2767	|3035	|2903	|2874	|3853	|2820	|2827	|3439	|2918	|0	|2352	|3241	|3287	|2776	|1964	|2128	|2838	|2288	|2442	|2834	|2725	|3979	|2852	|1994	|3179	|3021	|2019	|2825	|2889	|2872	|2550	|3218	|2858	|2897	|2798	|3522	|3160	|3311	|17059	|3248	|3298	|
________________________________________________________
71	|559	|586	|273	|440	|576	|542	|424	|561	|426	|477	|325	|651	|326	|539	|501	|2970	|3608	|2808	|2030	|3283	|2935	|2260	|2844	|2703	|2783	|1819	|2001	|2655	|2370	|0	|2702	|2719	|3074	|2755	|3186	|2856	|3506	|2273	|3323	|2899	|3216	|3127	|2316	|0	|2755	|1924	|1924	|2706	|2224	|2110	|2777	|2663	|3791	|2782	|1841	|3074	|2866	|2006	|2970	|2732	|2718	|2415	|2726	|2336	|3175	|1950	|3485	|3058	|3155	|3248	|16615	|3186	|
________________________________________________________
72	|543	|653	|299	|450	|576	|536	|360	|569	|276	|516	|439	|667	|0	|599	|609	|582	|3687	|2767	|1994	|3359	|2909	|2275	|2856	|2799	|2733	|1773	|2063	|2889	|2630	|2262	|2878	|2743	|3111	|2954	|3200	|2888	|2365	|3598	|3299	|2922	|3342	|3026	|0	|2452	|2760	|1975	|1878	|2780	|2184	|2137	|2726	|2636	|3784	|2761	|2225	|3045	|2816	|2457	|2727	|2705	|2701	|2501	|2840	|2285	|3161	|3239	|3454	|2987	|3195	|3298	|3186	|16712	|
________________________________________________________
