0	|1	|2	|3	|4	|5	|6	|7	|8	|9	|10	|11	|12	|13	|14	|15	|16	|17	|18	|19	|20	|21	|22	|23	|24	|25	|26	|27	|28	|29	|30	|31	|32	|33	|34	|35	|36	|37	|38	|39	|40	|41	|42	|43	|44	|45	|46	|47	|48	|49	|50	|51	|52	|53	|54	|55	|56	|57	|58	|59	|60	|61	|62	|63	|64	|65	|66	|67	|68	|69	|70	|71	|72	|
1	|100	|3,5	|1,54	|3,47	|3,81	|2,12	|2,86	|4,92	|3,17	|3,04	|0	|3,6	|2,55	|2,03	|3,01	|3,01	|22,89	|100	|12,14	|19,02	|20,07	|12,72	|19,11	|19,11	|20,5	|14,94	|13,43	|15,98	|16,2	|10,66	|16,23	|18,07	|22,99	|16,69	|100	|18,78	|19,24	|18,68	|19,73	|12,23	|19,3	|11,49	|16,16	|17,33	|0	|9,22	|0	|19,48	|16,84	|13,77	|19,42	|18,53	|19,33	|20,41	|14,29	|17,85	|16,59	|12,72	|16,13	|16,44	|21,05	|16,9	|15,83	|0	|17,36	|17,76	|19,88	|15,92	|22,59	|15,21	|16,29	|15,49	|
________________________________________________________
2	|3,1	|100	|2,31	|3,48	|3,99	|3,69	|0	|3,26	|1,96	|3,86	|2,82	|4,97	|2,28	|2,91	|2,5	|3,23	|25,42	|16,81	|13,15	|100	|20,07	|14,18	|19,23	|18,6	|18,14	|8,8	|13,82	|19,64	|11,14	|11,71	|16,78	|16,95	|20,48	|100	|19,36	|21,37	|18,17	|18,44	|19,64	|16,21	|17,38	|16,97	|17,08	|17,33	|20,18	|12,49	|0	|14,72	|0	|14,64	|18,55	|18,41	|23,76	|16,51	|13,06	|22,65	|14,15	|12,3	|16,62	|17,16	|0	|12,47	|21,37	|17,82	|18,77	|19,83	|16,05	|21,51	|17,08	|16,54	|16,35	|16,35	|
________________________________________________________
3	|2,97	|5,05	|100	|3,09	|4,22	|4,28	|3,38	|3,38	|3,98	|3,03	|4,16	|3,15	|3,03	|3,03	|4,1	|2,73	|0	|11,82	|0	|25,24	|20,25	|14,9	|19	|17,64	|13,66	|17,04	|12,47	|16,51	|16,51	|10,27	|16,51	|14,37	|0	|16,45	|21,91	|20,31	|19,06	|18,76	|14,9	|20,61	|17,76	|18,23	|17,22	|16,69	|21,2	|100	|12,35	|18,35	|16,51	|12,53	|19,12	|21,26	|17,1	|19,66	|12,77	|18,23	|19	|10,63	|16,27	|16,09	|18,59	|100	|18,17	|18,88	|18,41	|18,71	|12,65	|18,17	|14,73	|18,65	|16,81	|15,68	|
________________________________________________________
4	|4,07	|4,61	|1,87	|100	|0	|2,92	|2,92	|4,57	|2,38	|0	|2,63	|3,85	|2,2	|2,38	|4,03	|4,43	|26,84	|20,28	|0	|18,44	|0	|13,9	|18,66	|20,89	|16,89	|10,66	|14,84	|19,78	|11,6	|10,66	|17,29	|16,5	|21,61	|21,15	|17,51	|0	|17,22	|18,7	|18,19	|13,72	|21,22	|13,54	|17,72	|16,53	|20,5	|11,71	|10,91	|100	|17,15	|14,45	|19,34	|18,52	|22,37	|15,06	|15,49	|19,78	|21	|17,58	|17,4	|16,64	|19,81	|16,07	|100	|16,46	|18,8	|19,85	|18,37	|16,57	|19,27	|20,17	|17,04	|15,49	|
________________________________________________________
5	|4,22	|5,01	|2,42	|0	|100	|2,9	|1,67	|3,24	|2,15	|3,64	|1,46	|2,79	|3,75	|3,13	|0	|3,03	|23,5	|18,94	|14,92	|23,54	|100	|11,58	|16,72	|21,73	|17,34	|10,01	|17,3	|19,89	|17,75	|14,03	|16,21	|16,86	|17,44	|17,64	|20,78	|19,24	|15,12	|14,92	|22,38	|17,06	|100	|18,05	|19,21	|18,26	|19,45	|13,08	|13,52	|0	|10,29	|0	|21,36	|19,96	|23,13	|16,72	|12,19	|16,69	|21,39	|15,36	|16,25	|16,79	|15,91	|14,92	|21,32	|12,53	|15,5	|16,25	|21,29	|18,19	|15,16	|0	|18,49	|18,46	|
________________________________________________________
6	|2,59	|5,1	|2,7	|3,04	|3,19	|100	|1,95	|3,04	|1,54	|3,94	|3,23	|3,49	|2,74	|3,41	|3,23	|4,09	|25,85	|18,16	|13,62	|23,15	|16,7	|12,2	|100	|19,66	|18,8	|10,36	|12,57	|17,22	|13,55	|12,83	|19,36	|11,93	|11,67	|19,85	|17,75	|19,51	|15,87	|15,53	|19,14	|100	|17,41	|19,32	|19,47	|18,57	|19,55	|12,35	|12,91	|20	|16,47	|0	|13,36	|0	|22,63	|16,14	|11,89	|19,36	|16,7	|12,31	|21,39	|14,37	|12,05	|21,31	|15,91	|17,26	|16,74	|18,27	|0	|12,53	|20,6	|19,81	|18,72	|17,82	|
________________________________________________________
7	|4,35	|0	|2,67	|3,79	|2,29	|2,43	|100	|2,43	|1,97	|1,82	|2,06	|2,95	|4,26	|2,85	|4,4	|3,09	|25,04	|19,51	|14,41	|0	|12,77	|0	|19,79	|21,29	|18,3	|10,86	|14,6	|12,35	|19,42	|11,46	|17,45	|19,47	|14,46	|21,95	|19,75	|16,38	|15,63	|16,19	|0	|12,68	|19,84	|17,83	|17,31	|17,5	|17,55	|13,94	|14,51	|20,26	|100	|11,84	|14,97	|20,82	|22,6	|15,91	|11,32	|13,43	|20,92	|13,34	|15,02	|18,11	|18,53	|17,45	|16,94	|12,07	|16,19	|16,99	|20,17	|100	|17,55	|21,06	|18,95	|19,33	|
________________________________________________________
8	|5,3	|3,98	|1,89	|4,21	|3,15	|2,68	|1,72	|100	|1,72	|2,58	|1,76	|2,85	|2,58	|0	|3,41	|4,21	|24,72	|19,18	|13,55	|23,72	|20,05	|0	|12,39	|0	|16,43	|9,71	|13,95	|17,73	|14,94	|12,76	|21,04	|13,85	|20,15	|15,51	|25,15	|13,06	|15,64	|15,84	|21,34	|17,96	|14,58	|0	|17,46	|19,09	|18,62	|12,89	|11,7	|20,58	|14,31	|12,19	|100	|20,54	|24,85	|16,5	|12,03	|18,22	|17,33	|14,78	|20,05	|17,3	|19,42	|14,61	|20,31	|9,11	|15,14	|16,04	|22,27	|15,84	|100	|19,09	|17,73	|17,93	|
________________________________________________________
9	|5,35	|3,74	|3,48	|3,43	|3,27	|2,13	|2,18	|2,7	|100	|2,44	|1,72	|4,26	|3,79	|2,75	|3,64	|4,57	|15,33	|21,67	|11,38	|17,62	|17,67	|11,59	|15,96	|16,06	|21,88	|100	|11,9	|15,44	|17,46	|12,11	|19,75	|18,87	|20,58	|20,22	|23,91	|17,26	|100	|17,83	|18,04	|14,19	|18,45	|13,36	|20,53	|10,97	|10,71	|17,57	|12,37	|16,11	|15,8	|12,58	|15,9	|17,88	|0	|11,38	|0	|23,23	|21,36	|14,14	|19,28	|19,59	|19,96	|17,2	|19,44	|15,85	|14,55	|0	|18,81	|14,86	|17,93	|17,26	|21	|12,63	|
________________________________________________________
10	|3,51	|5,04	|1,81	|0	|3,8	|3,73	|1,38	|2,77	|1,67	|100	|2,38	|3,83	|3,23	|3,9	|0	|3,26	|22,07	|15,9	|14,87	|21,61	|21,15	|18,7	|16,25	|18,38	|20,12	|11,04	|11,21	|100	|19,34	|13,88	|18,88	|18,63	|20,76	|19,48	|19,62	|100	|16,57	|20,16	|17,71	|14,9	|19,34	|19,02	|15,29	|18,67	|17,03	|10,33	|14,98	|20,3	|10,61	|10,97	|15,37	|15,9	|28,92	|19,55	|0	|15,97	|0	|14,27	|19,06	|19,48	|17,99	|16,78	|0	|12,35	|22,14	|21,43	|18,2	|15,26	|14,58	|22,53	|15,22	|17,03	|
________________________________________________________
11	|0	|4,52	|3,04	|3,18	|1,87	|3,74	|1,91	|2,31	|1,44	|2,91	|100	|3,44	|2,96	|4,57	|4,22	|2,78	|19,49	|19,92	|15,44	|21,53	|15,62	|14,05	|16,88	|16,57	|0	|8	|0	|19,66	|16,01	|11,92	|19,18	|18,92	|20,7	|18,44	|0	|14,31	|19,62	|20,92	|17,44	|15,35	|13,18	|22,23	|17,96	|18,88	|21,01	|13,96	|15,05	|16,79	|12,31	|11,53	|16,83	|17,01	|26,84	|100	|11,83	|19,27	|20,53	|12,57	|18,14	|19,66	|18,31	|17,01	|18,36	|100	|18,14	|20,97	|17,09	|15,88	|12,31	|19,83	|14,53	|18,09	|
________________________________________________________
12	|3,51	|5,49	|1,59	|3,21	|2,46	|2,79	|1,89	|2,58	|2,46	|3,24	|2,37	|100	|0	|3,15	|3,54	|3,9	|22,65	|16,17	|13,23	|24,54	|15,03	|13,2	|16,11	|16,44	|20,91	|14,04	|0	|13,95	|0	|12,81	|18,66	|19,8	|21,51	|18,81	|21,72	|22,05	|14,85	|0	|16,98	|14,61	|16,53	|16,68	|20,76	|13,29	|18,69	|10,53	|12,33	|18,51	|9,48	|12,33	|16,59	|17,58	|25,47	|16,83	|11,46	|100	|20,76	|14,52	|19,02	|18,42	|18,21	|15,45	|19,71	|15,21	|100	|18,81	|18,93	|16,92	|16,71	|17,28	|20,31	|18,54	|
________________________________________________________
13	|3,36	|3,4	|2,07	|2,47	|4,46	|2,96	|3,69	|3,16	|2,96	|3,69	|2,75	|0	|100	|2,11	|2,63	|3,12	|21,87	|17,33	|11,95	|16,04	|21,34	|12,56	|15,76	|17,74	|18,75	|12,64	|15,55	|20,66	|100	|10,65	|16,77	|20,78	|17,46	|17,66	|20,01	|17,98	|18,31	|19,04	|20,98	|18,59	|21,51	|16,28	|100	|20,74	|17,42	|11,3	|12,23	|13,28	|19,48	|13,85	|16,69	|17,74	|26,04	|17,78	|14,5	|0	|11,14	|0	|18,79	|19,64	|15,8	|16,77	|17,13	|13,49	|21,83	|13	|21,67	|18,87	|21,02	|20,82	|13,37	|0	|
________________________________________________________
14	|2,4	|3,89	|1,85	|2,4	|3,34	|3,3	|2,21	|0	|1,92	|3,99	|3,81	|3,81	|1,89	|100	|3,16	|2,8	|22,73	|16,96	|12,56	|20,33	|17,57	|14,31	|18,52	|18,95	|20,52	|13,62	|13,25	|21,02	|14,81	|11,33	|100	|21,28	|17,43	|17,9	|14,27	|19,83	|12,56	|19,35	|19,9	|15,76	|18,92	|100	|17,21	|21,24	|16,27	|10,97	|12,56	|16,63	|12,53	|14,42	|22	|13,73	|25,16	|17,1	|13,65	|22	|20,48	|0	|12,45	|0	|16,67	|13,98	|13,36	|19,54	|16,19	|21,1	|20,19	|18,08	|0	|13,8	|19,03	|20,7	|
________________________________________________________
15	|3,2	|3,01	|2,26	|3,66	|0	|2,81	|3,07	|3,37	|2,29	|0	|3,17	|3,86	|2,13	|2,84	|100	|2,62	|22,56	|16,91	|12,33	|17,95	|21,84	|16,19	|15,6	|16,97	|19,91	|12,1	|14,49	|0	|9,91	|0	|19,98	|20,6	|17,46	|14,81	|16,87	|22,53	|16,29	|16,09	|21,75	|16,64	|0	|13,77	|20,47	|19,29	|15,7	|11,74	|17,23	|18,84	|15,47	|15,01	|16,19	|15,21	|25,87	|17,95	|15,24	|22,99	|100	|12,36	|15,57	|21,58	|15,34	|14	|19,56	|16,97	|15,79	|16,48	|20,86	|17,5	|19,2	|100	|18,84	|19,29	|
________________________________________________________
16	|3,27	|3,97	|1,53	|4,1	|2,97	|3,63	|2,2	|4,23	|2,93	|3,07	|2,13	|4,33	|2,57	|2,57	|2,67	|100	|22,13	|16,37	|11,4	|20,67	|15,73	|12,93	|20,1	|14,43	|19,13	|12,33	|12,57	|19,63	|17,93	|0	|11,97	|0	|18,3	|18,23	|20,9	|17,47	|22,07	|12,6	|20,37	|17,1	|21,27	|20,37	|14,83	|0	|16,83	|10,83	|11,43	|18,73	|11,47	|13,17	|19,3	|11,4	|27,1	|20,47	|12,57	|22,23	|17,57	|12,3	|100	|21,73	|15,17	|14,37	|18,47	|12,67	|18,53	|11,17	|21,47	|17,93	|20,77	|16,4	|100	|18	|
________________________________________________________
17	|3,41	|4,28	|0	|3,41	|3,15	|3,15	|2,45	|3,41	|1,35	|2,84	|2,05	|3,45	|2,47	|2,86	|3,15	|3,04	|100	|18,86	|13,78	|23,15	|19,11	|14,14	|18,32	|18,74	|18,9	|8,32	|11,8	|16,17	|14,41	|10,67	|16,82	|16,54	|18,37	|16,98	|18,76	|16,9	|16,06	|16,03	|18	|15,19	|16,68	|16,89	|16,56	|16,2	|14,74	|0	|13,67	|19,15	|14,89	|12,97	|19,04	|19,17	|25,82	|14,83	|12,99	|18,37	|16,9	|12,02	|16,62	|16,61	|16,59	|14,92	|16,28	|14,34	|16,39	|16,58	|18,29	|16,04	|16,75	|17,37	|17,01	|16,58	|
________________________________________________________
18	|19,41	|3,69	|1,19	|3,36	|3,32	|2,89	|2,49	|3,45	|2,49	|2,67	|2,73	|3,22	|2,55	|2,79	|3,08	|2,93	|24,62	|100	|11,96	|23,01	|19,53	|13,99	|18,7	|19,12	|20,52	|14,35	|11,71	|16,2	|14,5	|11,33	|16,1	|16,83	|18,23	|16,97	|19,41	|16,86	|16,74	|16,56	|18,17	|14,8	|16,81	|16,41	|16,75	|16,57	|0	|8,76	|0	|18,87	|14,9	|13,2	|18,96	|18,51	|19,41	|20,13	|11,79	|18,83	|16,96	|12,21	|16,5	|17,09	|16,77	|14,98	|16,67	|13,82	|15,71	|16,31	|18,44	|15,94	|17,38	|16,85	|16,19	|16,28	|
________________________________________________________
19	|3,23	|3,96	|0	|0	|3,58	|2,97	|2,52	|3,35	|1,79	|3,43	|2,9	|3,61	|2,41	|2,83	|3,08	|2,8	|24,66	|16,4	|100	|21,24	|20,78	|15,05	|18,77	|18,09	|18,16	|9,02	|14,18	|16,38	|15,03	|10,91	|16,75	|17,2	|21,72	|17,35	|19,37	|20,66	|18,29	|17,66	|19,94	|12,89	|16,37	|17,16	|16,45	|16,73	|19,89	|0	|9,68	|0	|15,79	|13,24	|18,41	|18,62	|24,56	|16,85	|13,42	|18,29	|17,03	|11,76	|16,44	|16,64	|20,84	|0	|0	|17,46	|18,37	|19,3	|20	|16,03	|16,85	|16,61	|16,49	|16,65	|
________________________________________________________
20	|3,07	|18,29	|2,11	|2,54	|3,43	|3,06	|0	|3,56	|1,68	|3,03	|2,46	|4,06	|1,97	|2,78	|2,73	|3,08	|25,16	|19,16	|12,9	|100	|19,25	|13,81	|18,77	|18,48	|17,12	|10,32	|10,81	|19,07	|11,53	|11,12	|16,59	|16,66	|17,82	|18,29	|18,73	|16,95	|16,54	|16,32	|17,78	|14,6	|17,13	|16,81	|16,57	|16,73	|19,19	|13,09	|0	|14,71	|0	|14,16	|18,95	|18,5	|22,9	|16,86	|12,05	|22,16	|15	|12,47	|16,55	|16,81	|16,05	|14,51	|16,59	|14,71	|16,73	|17,06	|18,36	|15,96	|16,91	|17,23	|16,16	|16,39	|
________________________________________________________
21	|3,81	|4,31	|1,99	|0	|17,11	|2,59	|1,59	|3,53	|1,98	|3,47	|2,09	|2,92	|3,07	|2,82	|3,89	|2,75	|24,36	|19,08	|14,8	|22,59	|100	|11,97	|18,56	|19,03	|17,01	|10,79	|13,03	|19,47	|18,05	|11,24	|16,49	|16,96	|18,04	|16,58	|18,59	|17,29	|15,99	|16,52	|17,68	|15,1	|17,11	|16,52	|16,73	|16,42	|18,77	|12,92	|13,63	|0	|10,56	|0	|19,48	|18,75	|22,84	|16,63	|11,88	|15,9	|21,56	|11,94	|16,34	|16,51	|16,06	|14,83	|16,8	|14,37	|16,27	|16,52	|18,08	|15,94	|16,77	|16,77	|16,49	|16,75	|
________________________________________________________
22	|3,37	|4,25	|2,04	|3,14	|2,77	|2,64	|0	|0	|1,81	|4,29	|2,63	|3,58	|2,52	|3,2	|4,03	|3,16	|25,16	|19,07	|14,96	|22,62	|16,7	|100	|16,48	|20,52	|16,83	|10,61	|12	|18,21	|12,58	|13,65	|16,8	|17	|17,92	|17,1	|17,18	|19,1	|15,92	|16,73	|21,99	|14,87	|17,2	|19,81	|18,83	|18,17	|18,56	|13,12	|13,08	|20,47	|0	|10,21	|0	|20,29	|23,28	|16,96	|12,09	|20,68	|17,89	|13,42	|16,33	|16,99	|16,61	|14,7	|16,54	|16,04	|16,89	|17,1	|22,69	|0	|0	|21,1	|18,48	|18,31	|
________________________________________________________
23	|3,81	|4,34	|1,96	|3,17	|3,01	|16,32	|2,59	|2,29	|1,88	|2,81	|2,38	|3,29	|2,38	|3,12	|2,92	|3,69	|24,54	|19,2	|14,05	|23,15	|19,5	|12,41	|100	|19,53	|17,34	|10,33	|11,81	|16,31	|15,15	|10,03	|19,32	|12,27	|18,12	|17,2	|19,32	|17,3	|16,37	|15,96	|17,08	|16,32	|17,17	|16,4	|17,25	|16,81	|19,15	|13,21	|12,16	|18,91	|14,93	|0	|13,3	|0	|22,73	|16,45	|12,34	|18,24	|17,1	|11,58	|20,63	|14,39	|16,1	|15,42	|16,29	|14,37	|16,78	|16,84	|17,52	|16,03	|16,86	|16,83	|17,09	|16,33	|
________________________________________________________
24	|3,74	|4,12	|1,79	|3,49	|3,84	|3,15	|2,74	|0	|1,86	|3,12	|2,29	|3,3	|2,64	|3,14	|3,12	|2,61	|24,67	|19,28	|13,3	|22,38	|19,65	|15,18	|19,19	|100	|17,42	|10,57	|12,36	|16,46	|15	|12,84	|18,77	|18,57	|18,5	|16,5	|18,95	|17,33	|16,63	|16,62	|17,03	|14,48	|16,98	|16,66	|15,76	|16,07	|18,83	|12,78	|12,38	|19,03	|14,58	|14,1	|0	|7,77	|22,89	|16,6	|12,26	|18,03	|17,27	|12	|14,24	|21,81	|16,52	|15,45	|16,43	|13,86	|16,27	|16,48	|18,08	|16,03	|15,74	|16,85	|16,53	|16,2	|
________________________________________________________
25	|3,93	|3,93	|1,35	|2,76	|3	|2,95	|2,3	|2,92	|2,48	|3,34	|0	|4,1	|2,73	|3,33	|3,59	|3,38	|24,35	|20,25	|13,07	|20,29	|17,19	|12,19	|16,67	|17,05	|100	|14,46	|14,88	|18,93	|16,57	|12,51	|19,32	|19,06	|17,95	|16,58	|18,95	|17,14	|15,83	|15,92	|17,9	|14,95	|16,77	|16,49	|16,59	|16,39	|19,46	|8,9	|11,38	|16,68	|13,12	|11,9	|16,73	|16,12	|19,5	|0	|14,5	|21,4	|19,52	|14,22	|18,75	|18,62	|16,81	|15,18	|16,5	|14,15	|16,51	|16,77	|18,53	|16,11	|17,04	|17,07	|17	|16,73	|
________________________________________________________
26	|4,49	|3	|2,65	|2,74	|2,72	|2,55	|2,14	|2,71	|17,79	|2,88	|1,7	|4,33	|2,88	|3,47	|3,42	|3,42	|16,83	|22,23	|10,19	|19,21	|17,11	|12,06	|15,59	|16,24	|22,7	|100	|12,18	|18,95	|17,14	|12,63	|19,28	|18,98	|18,37	|17,18	|19,18	|17,2	|17,79	|16,05	|17,11	|14,58	|16,07	|17,34	|16,59	|16,83	|10,57	|16,07	|11,51	|16,35	|13,52	|11,85	|16,91	|17,38	|0	|10,91	|0	|21,33	|18,86	|13,61	|18,69	|19,16	|16,9	|15,48	|16,47	|14,36	|16,55	|17,07	|18,57	|16,36	|16,41	|16,98	|16,41	|15,72	|
________________________________________________________
27	|3,67	|4,27	|1,76	|3,46	|4,26	|2,81	|2,62	|3,53	|1,92	|2,65	|0	|0	|3,22	|3,06	|3,72	|3,16	|21,68	|16,48	|14,55	|18,28	|18,77	|12,39	|16,19	|17,24	|21,21	|11,06	|100	|16,65	|18,49	|13,05	|18,29	|18,59	|20,5	|18,97	|22,19	|16,59	|16,43	|20,35	|17,32	|14,9	|18,75	|14,57	|16,53	|16,56	|16,69	|10,82	|12,64	|16,95	|14,95	|11,64	|16,56	|16,57	|28,18	|0	|10,58	|0	|20,86	|13,69	|17,58	|18,52	|19,07	|17,04	|20,69	|0	|0	|21,52	|18,3	|16,63	|18,79	|17,15	|16,36	|16,45	|
________________________________________________________
28	|3,14	|4,37	|1,68	|3,32	|3,53	|2,77	|1,59	|3,23	|1,79	|17,02	|2,73	|2,81	|3,08	|3,5	|0	|3,56	|21,36	|16,4	|12,09	|23,19	|20,17	|13,52	|16,08	|16,52	|19,42	|12,38	|11,98	|100	|18,62	|13,89	|18,73	|19,03	|17,93	|17,16	|19,05	|17,02	|15,86	|16,35	|18,04	|14,85	|17,12	|16,52	|16,27	|17,36	|17,03	|10,99	|11,16	|20,18	|10,53	|11,46	|16,95	|16,37	|26,22	|18,86	|0	|15,62	|0	|14,29	|18,95	|18,87	|16,28	|14,89	|16,75	|13,8	|16,61	|16,68	|18,39	|15,58	|17,14	|16,71	|15,85	|16,87	|
________________________________________________________
29	|3,56	|2,77	|1,88	|2,18	|3,52	|2,44	|2,81	|3,05	|2,27	|3,68	|2,49	|0	|16,69	|2,76	|2,05	|3,64	|21,31	|16,43	|12,42	|15,69	|20,93	|10,46	|16,72	|16,85	|19,02	|12,53	|14,89	|20,84	|100	|11,02	|19,48	|19,12	|17,72	|16,2	|19,96	|16,99	|15,82	|15,77	|17,78	|15,63	|17,32	|16,03	|16,69	|17,35	|16,3	|11,03	|12,76	|13,03	|17,26	|11,41	|16,89	|16,54	|25,59	|18,14	|14,78	|0	|11,53	|0	|18,73	|18,97	|16,43	|14,92	|17,2	|13,26	|16,11	|16,72	|18,65	|16,19	|17,5	|17,14	|16,1	|16,92	|
________________________________________________________
30	|3,12	|3,88	|1,56	|2,66	|3,71	|3,08	|2,21	|3,47	|2,1	|3,52	|2,47	|3,84	|2,37	|2,81	|0	|0	|21,02	|17,09	|12	|20,15	|17,36	|15,1	|14,74	|19,21	|19,13	|12,3	|13,99	|20,7	|14,67	|100	|17,66	|20,48	|18,27	|17,45	|19,25	|17,08	|14,21	|18,28	|20,33	|16,62	|20,74	|17,08	|16,34	|20,42	|16,25	|11,45	|10,94	|16,3	|13,11	|12,97	|16,32	|18,63	|26,49	|18,64	|14,36	|22,12	|0	|9,96	|0	|20,18	|16,19	|15,55	|16,84	|14,11	|15,73	|18,96	|20,13	|17,29	|19,54	|0	|0	|19,56	|
________________________________________________________
31	|3,16	|3,7	|1,67	|2,88	|2,85	|3,09	|2,24	|3,81	|2,28	|3,19	|2,64	|3,73	|2,48	|16,5	|3,66	|2,15	|22,05	|16,17	|12,27	|20,02	|16,96	|12,38	|18,91	|18,69	|19,66	|12,49	|13,06	|18,58	|17,27	|11,76	|100	|21,66	|18,37	|16,51	|19,13	|16,87	|16,55	|16,62	|18,32	|14,95	|17	|16,5	|16,73	|16,6	|16,74	|11,48	|11,6	|17,01	|13,44	|11,49	|21,75	|13,92	|26,22	|19,09	|13,71	|20,91	|19,68	|0	|12,46	|0	|17,23	|15,12	|16,62	|14,15	|16,34	|17,4	|18,21	|15,81	|17,16	|17,07	|16,2	|16,73	|
________________________________________________________
32	|3,51	|3,72	|1,44	|2,73	|2,95	|1,9	|2,48	|2,49	|2,17	|3,13	|2,6	|3,94	|3,06	|3,5	|3,76	|0	|21,59	|16,83	|12,54	|20,01	|17,36	|12,47	|11,96	|18,42	|19,32	|12,25	|13,22	|18,8	|16,88	|13,58	|21,57	|100	|18,34	|16,91	|19,31	|16,48	|16,43	|16,62	|17,65	|14,52	|16,77	|16,51	|16,88	|16,25	|16,52	|11,06	|11,32	|16,74	|13,49	|12,78	|14,01	|21,39	|26,57	|18,97	|13,71	|21,81	|19,64	|13,84	|0	|8,67	|16,48	|14,88	|16,74	|14,28	|16,21	|16,86	|18,58	|15,61	|16,83	|16,98	|16,18	|16,05	|
________________________________________________________
33	|4,09	|4,13	|0	|3,28	|2,8	|1,7	|1,69	|3,33	|2,17	|3,2	|2,61	|3,92	|2,36	|2,63	|2,92	|3	|22	|16,72	|14,53	|19,63	|16,94	|12,06	|16,19	|16,83	|16,68	|10,88	|13,37	|16,25	|14,35	|11,11	|16,78	|16,83	|100	|18,71	|22,15	|19,33	|18,4	|18,23	|20,63	|9,8	|17	|16,35	|15,83	|16,6	|16,45	|11,2	|13,75	|16,38	|12,68	|13,02	|16,28	|16,37	|22,99	|16,83	|13,4	|19,06	|16,78	|12,01	|16,15	|17,14	|14,97	|0	|18,94	|15,8	|19,29	|18,99	|23,45	|13,63	|17,08	|17,04	|17,21	|17,04	|
________________________________________________________
34	|3,23	|21,92	|1,65	|3,49	|3,08	|3,15	|2,79	|2,79	|2,32	|3,27	|2,52	|3,73	|2,6	|2,94	|2,7	|3,26	|22,11	|16,94	|12,62	|21,92	|16,94	|12,52	|16,72	|16,32	|16,76	|11,06	|13,45	|16,92	|14,27	|11,54	|16,4	|16,87	|20,35	|100	|21,5	|19,44	|18,59	|19,12	|19,97	|16,77	|17,52	|16,99	|16,78	|16,84	|16,59	|11,38	|0	|16,76	|12,59	|11,44	|16,58	|16,17	|22,86	|16,64	|12,98	|18,73	|16,11	|11,99	|16,73	|17,13	|0	|13,43	|19,53	|15,84	|18,84	|19,18	|16,66	|21,31	|17,18	|16,46	|16,68	|16,28	|
________________________________________________________
35	|16,95	|3,71	|1,92	|2,53	|3,18	|2,46	|2,2	|3,95	|2,4	|2,88	|0	|3,77	|2,57	|2,05	|2,69	|3,27	|21,38	|16,95	|12,33	|19,63	|16,61	|11	|16,43	|16,41	|16,76	|10,81	|13,76	|16,43	|15,38	|11,13	|16,63	|16,85	|21,08	|18,81	|100	|18,4	|18,51	|18,76	|17,82	|14,84	|19,25	|11,67	|16,5	|16,71	|16,53	|11,36	|0	|16,79	|13,38	|11,84	|17,34	|16,39	|22,81	|16,41	|14,93	|17,83	|17,27	|13	|16,45	|16,73	|18,66	|16,73	|15,59	|0	|18,15	|18,46	|18,56	|16,21	|21,24	|14,98	|16,78	|15,93	|
________________________________________________________
36	|3,6	|4,64	|2,01	|0	|3,33	|3,06	|2,06	|2,32	|1,96	|16,6	|1,94	|4,33	|2,62	|3,22	|4,06	|3,09	|21,78	|16,65	|14,87	|20,1	|17,48	|13,83	|16,63	|16,97	|17,14	|10,96	|11,64	|16,6	|14,8	|11,17	|16,58	|16,26	|20,8	|19,23	|20,81	|100	|19,31	|19,19	|17,79	|15,06	|19,3	|19,12	|16,83	|16,74	|17,02	|11,1	|13,81	|16,57	|12,96	|11,46	|16,21	|16,43	|22,94	|16,39	|0	|18,73	|17,05	|11,96	|16,39	|16,88	|18,4	|17,29	|0	|12,42	|19,6	|19,62	|18,31	|15,89	|14,31	|22,39	|16,8	|16,49	|
________________________________________________________
37	|3,84	|4,1	|1,97	|2,93	|2,72	|2,59	|2,05	|2,89	|11,79	|2,86	|2,76	|3,03	|2,77	|2,12	|3,05	|4,06	|21,52	|17,19	|13,7	|20,4	|16,81	|12	|16,37	|16,93	|16,47	|11,79	|11,99	|16,09	|14,34	|9,67	|16,92	|16,87	|20,6	|19,13	|21,77	|20,09	|100	|18,48	|17,84	|14,54	|16,66	|16,2	|19,02	|11,1	|16,63	|11,81	|12,46	|16,01	|12,52	|11,71	|16,93	|16,45	|22,5	|16,55	|0	|18,39	|17,47	|11,98	|17,2	|17,33	|19,5	|17,46	|18,16	|16,26	|14,92	|0	|18,32	|15,78	|16,76	|17,15	|21,89	|13,59	|
________________________________________________________
38	|3,7	|4,13	|1,92	|3,16	|2,67	|2,52	|2,11	|2,91	|2,09	|3,46	|2,93	|0	|2,86	|3,24	|2,99	|2,3	|21,35	|16,89	|13,14	|20	|17,25	|12,52	|15,86	|16,82	|16,45	|10,57	|14,75	|16,47	|14,2	|12,36	|16,88	|16,95	|20,27	|19,55	|21,92	|19,83	|18,36	|100	|17,42	|14,28	|16,65	|16,83	|18,87	|18,98	|16,43	|11,53	|12,29	|17,19	|12,96	|11,45	|17,05	|16,68	|22,75	|16,64	|14,78	|18,12	|16,92	|11,76	|15,7	|16,45	|19	|17,29	|18,99	|16,16	|0	|14,92	|18,14	|16,1	|16,19	|16,87	|14,22	|21,03	|
________________________________________________________
39	|3,6	|4,06	|1,41	|2,83	|3,69	|2,86	|0	|3,62	|1,95	|2,8	|2,25	|3,18	|2,91	|3,08	|3,73	|3,43	|22,11	|17,1	|13,68	|20,09	|17,03	|15,18	|15,66	|15,89	|17,06	|10,39	|11,58	|16,77	|14,76	|12,68	|17,16	|16,6	|21,16	|18,83	|19,2	|16,96	|16,35	|16,07	|100	|16,24	|19,74	|18,45	|19	|18,86	|16,43	|11,73	|11,07	|16,55	|12,8	|13,76	|16,56	|16,13	|23	|16,5	|11,92	|18,54	|17,17	|13,28	|16,49	|16,32	|21,61	|12,45	|16,6	|14,25	|16,21	|17,04	|17,4	|0	|19,63	|19,46	|18,61	|18,69	|
________________________________________________________
40	|2,67	|4	|2,33	|2,56	|3,36	|17,88	|1,82	|3,64	|1,83	|2,82	|2,37	|3,27	|3,08	|2,91	|3,41	|3,44	|22,3	|16,64	|10,56	|19,72	|17,38	|12,26	|17,88	|16,14	|17,03	|10,58	|11,91	|16,49	|15,51	|12,38	|16,73	|16,33	|12,01	|18,89	|19,12	|17,15	|15,92	|15,74	|19,4	|100	|19,78	|18,16	|18,92	|18,32	|16,51	|11,1	|10,99	|16,43	|13,54	|0	|17,06	|16,1	|23,15	|16,71	|11,7	|18,18	|17,15	|13,53	|16,78	|17	|12,6	|21,01	|16,43	|14,07	|16,27	|16,86	|0	|13,27	|19,75	|18,76	|19,23	|18,92	|
________________________________________________________
41	|3,69	|3,76	|1,76	|3,46	|17,27	|2,73	|2,49	|2,59	|2,09	|3,21	|1,78	|3,24	|3,12	|3,06	|0	|3,75	|21,47	|16,57	|11,77	|20,28	|17,27	|12,44	|16,49	|16,6	|16,75	|10,22	|13,14	|16,67	|15,07	|13,55	|16,68	|16,53	|18,27	|17,3	|21,74	|19,27	|16	|16,08	|20,68	|17,34	|100	|18,46	|19,17	|18,67	|16,66	|11,34	|11,33	|16,35	|12,97	|0	|16,61	|16,63	|23,71	|16,71	|12,43	|18,83	|17,25	|14,44	|16,58	|16,63	|16,79	|15,39	|21,29	|11,76	|16,66	|17,05	|20,25	|18,07	|14,71	|0	|19,69	|18,63	|
________________________________________________________
42	|2,26	|3,77	|1,85	|2,27	|3,2	|3,11	|2,3	|0	|1,55	|3,24	|3,08	|3,36	|2,43	|16,62	|2,54	|3,69	|22,31	|16,6	|12,66	|20,42	|17,11	|14,7	|16,16	|16,71	|16,9	|11,32	|10,47	|16,51	|14,32	|11,45	|16,62	|16,69	|18,03	|17,22	|13,52	|19,59	|15,96	|16,69	|19,84	|16,34	|18,95	|100	|19,48	|19,28	|16,92	|11,26	|12,54	|16,83	|12,46	|14,69	|16,53	|16,26	|22,73	|16,57	|11,84	|19,19	|16,73	|0	|16,39	|16,54	|16,28	|14,18	|13,99	|19,44	|16,91	|17,28	|20,7	|17,88	|0	|14,26	|18,77	|19,02	|
________________________________________________________
43	|3,18	|3,81	|1,76	|2,98	|3,41	|3,14	|2,24	|3,19	|2,39	|2,61	|2,5	|4,19	|14,95	|2,87	|3,79	|2,69	|21,93	|17	|12,17	|20,19	|17,38	|14,01	|17,05	|15,86	|17,05	|10,86	|11,92	|16,31	|14,95	|10,99	|16,89	|17,12	|17,51	|17,06	|19,18	|17,29	|18,8	|18,77	|20,49	|17,08	|19,73	|19,53	|100	|19,36	|16,85	|11,43	|11,09	|17	|13,26	|12,66	|16,99	|16,48	|23,17	|16,64	|12,34	|18,31	|17,32	|0	|16,25	|16,22	|16,6	|15,76	|16,41	|14,52	|21,5	|13,92	|20,82	|17,62	|18,27	|19,46	|14,14	|0	|
________________________________________________________
44	|3,41	|3,86	|1,7	|2,78	|3,24	|3	|2,26	|3,49	|1,28	|3,18	|2,63	|2,68	|3,1	|3,54	|3,57	|0	|21,45	|16,81	|12,38	|20,39	|17,05	|13,52	|16,61	|16,17	|16,85	|11,02	|11,94	|17,4	|15,53	|13,73	|16,77	|16,49	|18,35	|17,12	|19,42	|17,2	|10,96	|18,88	|20,34	|16,54	|19,22	|19,34	|19,36	|100	|16,76	|11,19	|11,06	|16,5	|13,08	|13,44	|16,96	|16,4	|22,93	|16,67	|13,25	|18,36	|16,19	|14,55	|16,23	|16,39	|16,22	|15,36	|16,73	|13,99	|14,26	|22,7	|20,71	|18,44	|19,04	|19,54	|0	|14,24	|
________________________________________________________
45	|0	|4,46	|2,14	|3,42	|3,43	|3,13	|2,25	|3,37	|1,24	|2,88	|2,9	|3,74	|2,58	|2,69	|2,88	|3,03	|19,37	|0	|14,6	|23,2	|19,34	|13,7	|18,77	|18,79	|19,85	|6,86	|11,94	|16,93	|14,48	|10,84	|16,78	|16,63	|18,04	|16,74	|19,05	|17,35	|16,3	|16,21	|17,58	|14,78	|17,01	|16,83	|16,71	|16,63	|100	|13,79	|13,55	|19,2	|14,65	|13,08	|19,21	|18,38	|26,63	|20,15	|13,22	|18,81	|17,13	|11,97	|16,64	|16,52	|16,26	|15,61	|16,6	|13,97	|16,42	|17,24	|18,84	|16,22	|17,32	|16,95	|16,67	|16,33	|
________________________________________________________
46	|2,65	|4,06	|14,88	|2,87	|3,39	|2,91	|2,63	|3,44	|2,99	|2,57	|2,84	|3,1	|2,46	|2,67	|3,17	|2,87	|0	|12,97	|0	|23,28	|19,58	|14,25	|19,04	|18,76	|13,35	|15,35	|11,39	|16,08	|14,41	|11,24	|16,92	|16,37	|18,08	|16,89	|19,27	|16,64	|17,02	|16,74	|18,46	|14,62	|17,03	|16,48	|16,68	|16,33	|20,28	|100	|11,62	|18,89	|14,8	|13,35	|19,7	|18,76	|18,61	|20,15	|11,12	|19,04	|17,6	|12	|16,1	|16,35	|16,33	|14,88	|16,55	|14,01	|16,25	|16,73	|18,05	|15,2	|16,99	|16,43	|16,29	|15,94	|
________________________________________________________
47	|0	|0	|1,86	|2,71	|3,55	|3,08	|2,77	|3,16	|2,13	|3,78	|3,1	|3,68	|2,7	|3,1	|4,72	|3,07	|26,77	|0	|10,59	|0	|20,93	|14,39	|17,78	|18,41	|17,3	|11,14	|13,48	|16,54	|16,9	|10,88	|17,33	|16,98	|22,48	|0	|0	|20,98	|18,21	|18,07	|17,65	|14,66	|17,24	|18,59	|16,4	|16,35	|20,19	|11,78	|100	|16,41	|16,32	|13,87	|18,34	|18,07	|23,45	|16,85	|14,07	|17,31	|19,24	|12,1	|16,42	|17,05	|20,56	|15,67	|16,33	|18,06	|18,48	|18,94	|18,68	|16,01	|14,95	|19,18	|17,42	|17	|
________________________________________________________
48	|3,8	|3,25	|1,85	|16,63	|0	|3,19	|2,59	|3,72	|1,86	|3,43	|2,31	|3,7	|1,97	|2,74	|3,45	|3,37	|25,1	|18,95	|0	|17,75	|0	|15,08	|18,5	|18,95	|16,97	|10,6	|12,1	|20,02	|11,54	|10,85	|17	|16,81	|17,92	|16,86	|19,31	|16,86	|15,65	|16,92	|17,67	|14,68	|16,66	|16,7	|16,83	|16,33	|19,16	|12,81	|10,98	|100	|15,88	|14,03	|19,19	|18,88	|23,07	|16,68	|12,79	|21,66	|20,14	|13,3	|16,62	|16,37	|16,28	|15,46	|16,63	|14,37	|16,59	|16,79	|18,49	|15,76	|16,09	|17,19	|16,67	|16,24	|
________________________________________________________
49	|4,18	|0	|2,12	|3,63	|2,31	|3,35	|16,32	|3,3	|2,32	|2,28	|2,16	|2,41	|3,67	|2,63	|3,61	|2,63	|24,87	|19,06	|14,74	|0	|13,83	|0	|18,61	|18,51	|17	|11,16	|13,6	|13,32	|19,5	|11,12	|17,12	|17,26	|17,69	|16,15	|19,61	|16,8	|15,61	|16,26	|17,41	|15,41	|16,84	|15,76	|16,72	|16,5	|18,62	|12,8	|13,92	|20,24	|100	|11,77	|18,9	|19,37	|23,03	|16,68	|12,34	|13,61	|20,34	|10,99	|15,95	|16,7	|15,87	|15,24	|16,74	|13,38	|16,11	|16,61	|18,02	|16,32	|17,44	|16,96	|16,7	|16,41	|
________________________________________________________
50	|3,83	|4,6	|1,8	|3,43	|0	|0	|2,16	|3,14	|2,07	|2,64	|2,26	|3,51	|2,92	|3,39	|3,92	|3,37	|24,24	|18,9	|13,82	|24,36	|0	|10,73	|0	|20,02	|17,27	|10,95	|11,84	|16,22	|14,42	|12,31	|16,38	|18,29	|20,32	|16,41	|19,42	|16,63	|16,33	|16,07	|20,94	|0	|0	|20,79	|17,86	|18,97	|18,62	|12,91	|13,23	|20,01	|13,17	|100	|17,59	|19,66	|22,73	|16,64	|11,97	|18,97	|16,73	|14,3	|15,04	|17,74	|18,66	|12,76	|16,61	|13,99	|15,75	|17,48	|22,42	|16,62	|16,93	|21,06	|18,9	|19,4	|
________________________________________________________
51	|3,76	|4,06	|1,92	|3,19	|3,73	|2,12	|1,9	|17,95	|1,82	|2,58	|2,3	|3,29	|2,45	|3,6	|2,94	|3,44	|24,78	|18,9	|13,38	|22,68	|19,88	|0	|12,92	|0	|16,89	|10,88	|11,73	|16,69	|14,86	|10,78	|21,58	|13,96	|17,69	|16,56	|19,8	|16,37	|16,43	|16,66	|17,54	|15,13	|16,8	|16,29	|16,69	|16,66	|19,03	|13,26	|12,19	|19,06	|14,73	|12,25	|100	|20,08	|23,58	|16,86	|12,5	|18,92	|16,74	|11,98	|19,12	|18,31	|16,24	|15,57	|17,02	|14,11	|16,3	|16,52	|17,97	|15,81	|17,95	|16,41	|16,27	|16,25	|
________________________________________________________
52	|3,65	|4,11	|2,17	|3,11	|3,55	|0	|2,7	|3,76	|2,08	|2,71	|2,37	|3,55	|2,65	|2,29	|2,82	|2,07	|25,42	|18,8	|13,79	|22,57	|19,49	|15,12	|0	|7,83	|16,59	|11,39	|11,96	|16,43	|14,83	|12,54	|14,08	|21,72	|18,13	|16,46	|19,07	|16,91	|16,27	|16,61	|17,41	|14,55	|17,14	|16,33	|16,5	|16,42	|18,54	|12,87	|12,23	|19,1	|15,37	|13,94	|20,46	|100	|23,33	|17,06	|12,13	|18,82	|16,64	|11,83	|11,94	|19,16	|16,16	|15,45	|16,47	|13,72	|16,77	|17,08	|17,76	|15,85	|16,83	|16,65	|16,13	|16,47	|
________________________________________________________
53	|2,72	|3,79	|1,25	|2,69	|2,94	|2,61	|2,09	|3,25	|0	|3,53	|2,67	|3,68	|2,78	|3	|3,43	|3,52	|24,46	|14,09	|13	|19,96	|16,97	|12,4	|16,07	|16,48	|14,34	|0	|14,54	|18,8	|16,39	|12,74	|18,95	|19,28	|18,19	|16,63	|18,97	|16,87	|15,9	|16,19	|17,74	|14,95	|17,45	|16,31	|16,58	|16,4	|19,2	|9,12	|11,34	|16,68	|13,06	|11,52	|17,16	|16,67	|100	|19,38	|13,75	|21,71	|19,21	|13,59	|18,62	|19,04	|16,25	|14,98	|16,78	|14,02	|16,4	|16,34	|18,81	|15,97	|16,94	|16,84	|16,84	|16,65	|
________________________________________________________
54	|3,98	|3,65	|1,99	|2,51	|2,95	|2,58	|2,04	|2,99	|1,31	|3,31	|13,79	|3,37	|2,63	|2,83	|3,29	|3,68	|19,46	|20,24	|12,35	|20,36	|17,11	|12,51	|16,11	|16,55	|0	|7,08	|0	|18,73	|16,1	|12,42	|19,11	|19,07	|18,45	|16,77	|18,9	|16,69	|16,21	|16,4	|17,63	|14,95	|17,05	|16,47	|16,49	|16,52	|20,12	|13,68	|11,29	|16,71	|13,11	|11,68	|17,01	|16,89	|26,84	|100	|12,14	|21,8	|19,24	|13,11	|19,15	|19,28	|15,88	|14,79	|16,29	|13,79	|16,6	|16,62	|18,61	|15,64	|17,34	|16,53	|17,01	|16,54	|
________________________________________________________
55	|3,83	|3,97	|1,77	|3,55	|2,95	|2,61	|2	|2,99	|0	|0	|2,24	|3,15	|2,95	|3,1	|3,84	|3,11	|23,43	|16,29	|13,52	|20	|16,81	|12,25	|16,61	|16,8	|20,3	|0	|10,39	|0	|18,03	|13,15	|18,86	|18,95	|20,19	|17,98	|23,63	|0	|0	|20,03	|17,51	|14,39	|17,42	|16,17	|16,81	|18,05	|18,15	|10,38	|12,96	|17,61	|13,33	|11,55	|17,32	|16,5	|26,18	|16,69	|100	|19,15	|20,9	|14,08	|18,93	|18,93	|18,25	|17,01	|20,37	|13,67	|16,4	|19,23	|19,06	|16,23	|16,8	|16,71	|14,82	|17,77	|
________________________________________________________
56	|3,12	|4,48	|1,65	|2,95	|2,63	|2,77	|1,54	|2,95	|2,4	|2,42	|2,38	|17,9	|0	|3,26	|3,78	|3,58	|21,59	|16,96	|12,01	|23,96	|14,65	|13,66	|16	|16,1	|19,52	|12,39	|0	|13,9	|0	|13,2	|18,75	|19,63	|18,71	|16,9	|18,39	|17,08	|16,13	|16	|17,74	|14,56	|17,2	|17,08	|16,25	|16,29	|16,83	|11,58	|10,39	|19,42	|9,57	|11,93	|17,09	|16,69	|26,93	|19,53	|12,47	|100	|21,11	|13,84	|19,27	|18,98	|16,37	|14,92	|15,86	|14,81	|17,9	|16,77	|18,88	|15,91	|16,64	|16,98	|17,17	|16,65	|
________________________________________________________
57	|3,16	|3,05	|1,87	|3,41	|3,68	|2,61	|2,62	|3,06	|2,41	|0	|2,76	|4,05	|1,61	|3,3	|17,91	|3,09	|21,65	|16,64	|12,18	|17,68	|21,66	|12,88	|16,35	|16,8	|19,41	|11,94	|14,55	|0	|9,99	|0	|19,23	|19,27	|17,95	|15,84	|19,42	|16,94	|16,7	|16,28	|17,91	|14,97	|17,18	|16,22	|16,76	|15,66	|16,7	|11,67	|12,59	|19,68	|15,6	|11,46	|16,48	|16,08	|25,98	|18,78	|14,84	|23	|100	|12,69	|18,95	|19,35	|16,26	|14,68	|17,1	|14,03	|16,04	|16,8	|18,55	|15,73	|17,44	|17,91	|17,37	|16,17	|
________________________________________________________
58	|3,45	|3,77	|1,49	|4,06	|3,76	|2,73	|2,37	|3,71	|2,27	|3,35	|2,41	|4,03	|0	|0	|3,15	|3,07	|21,9	|17,05	|11,97	|20,91	|17,07	|13,74	|15,75	|16,61	|20,11	|12,26	|13,58	|19,71	|0	|9,21	|0	|19,31	|18,28	|16,77	|20,8	|16,91	|16,29	|16,1	|19,71	|16,8	|20,45	|0	|0	|20,01	|16,61	|11,31	|11,26	|18,49	|11,98	|13,94	|16,78	|16,26	|26,14	|18,21	|14,22	|21,45	|18,05	|100	|17,79	|20,37	|15,96	|15,21	|18,44	|12,85	|16,34	|15,99	|20,26	|18	|20,45	|16,87	|16,89	|20,16	|
________________________________________________________
59	|3,18	|3,7	|1,66	|2,92	|2,89	|3,45	|1,94	|3,66	|2,25	|3,25	|2,52	|3,84	|2,81	|2,08	|2,88	|18,15	|22	|16,74	|12,16	|20,16	|16,96	|12,15	|20,39	|14,32	|19,26	|12,24	|12,67	|18,98	|16,76	|0	|12,59	|0	|17,85	|17	|19,11	|16,84	|16,99	|15,61	|17,77	|15,13	|17,07	|16,44	|16,25	|16,22	|16,77	|11,03	|11,1	|16,79	|12,64	|10,65	|19,46	|11,93	|26,03	|19,32	|13,89	|21,71	|19,59	|12,93	|100	|21,38	|16,34	|14,92	|16,66	|14,09	|16,33	|16,77	|18,45	|16,28	|16,99	|16,41	|18,15	|16,19	|
________________________________________________________
60	|3,2	|3,77	|1,62	|2,76	|2,94	|2,29	|2,31	|3,12	|2,25	|3,28	|2,7	|3,67	|2,9	|0	|3,94	|3,89	|21,7	|17,11	|12,15	|20,21	|16,92	|12,48	|14,04	|21,65	|18,89	|12,38	|13,18	|18,67	|16,76	|13,39	|0	|8,68	|18,71	|17,19	|19,19	|17,12	|16,9	|16,15	|17,36	|15,14	|16,89	|16,37	|16,01	|16,17	|16,43	|11,06	|11,38	|16,32	|13,07	|12,41	|18,39	|18,88	|26,26	|19,2	|13,71	|21,11	|19,73	|14,61	|21,1	|100	|16,6	|14,78	|16,44	|14,22	|15,92	|16,9	|18,08	|15,92	|16,58	|17,21	|16,38	|15,76	|
________________________________________________________
61	|4,14	|0	|1,89	|3,32	|2,82	|1,94	|2,39	|3,54	|2,32	|3,06	|2,54	|3,67	|2,36	|2,77	|2,83	|2,75	|21,93	|16,99	|15,39	|19,53	|16,65	|12,34	|15,88	|16,59	|17,25	|11,05	|13,73	|16,28	|14,69	|10,87	|17,38	|16,69	|16,53	|0	|21,64	|18,88	|19,23	|18,87	|23,26	|11,35	|17,25	|16,3	|16,58	|16,19	|16,36	|11,17	|13,88	|16,42	|12,56	|13,2	|16,5	|16,12	|22,67	|16	|13,37	|18,42	|16,78	|11,58	|16,32	|16,8	|100	|16,83	|18,76	|15,84	|18,73	|18,99	|21,34	|18,37	|17,2	|16,85	|16,34	|16,7	|
________________________________________________________
62	|3,65	|3,05	|11,17	|2,96	|2,91	|3,77	|2,48	|2,93	|2,2	|3,14	|2,59	|3,42	|2,75	|2,55	|2,84	|2,86	|21,67	|16,66	|0	|19,39	|16,89	|12	|16,7	|17,04	|17,1	|11,11	|13,47	|16,36	|14,64	|11,47	|16,74	|16,54	|0	|14,96	|21,32	|19,48	|18,91	|18,85	|14,72	|20,78	|17,37	|15,59	|17,27	|16,84	|17,25	|11,17	|11,62	|17,12	|13,24	|9,91	|17,37	|16,91	|22,95	|16,36	|13,69	|18,43	|16,64	|12,12	|16,36	|16,42	|18,48	|100	|19,3	|16,26	|18,63	|19,18	|12,7	|18,78	|17,37	|16,76	|16,72	|15,99	|
________________________________________________________
63	|3,11	|4,75	|1,85	|16,77	|3,78	|2,56	|2,19	|3,7	|2,26	|0	|2,55	|3,97	|2,56	|2,22	|3,61	|3,35	|21,52	|16,88	|0	|20,17	|17,42	|12,29	|16,06	|16,49	|16,92	|10,76	|14,89	|16,76	|15,37	|11,3	|16,76	|16,94	|20,9	|19,82	|18,09	|0	|17,91	|18,85	|17,87	|14,79	|21,87	|14	|16,38	|16,7	|16,7	|11,32	|11,02	|16,77	|13,25	|11,74	|17,29	|16,42	|23,41	|16,4	|14,92	|17,83	|17,65	|13,37	|16,63	|16,62	|18,76	|17,57	|100	|15,7	|18,32	|18,86	|18,33	|16,14	|19,53	|19,86	|16,94	|16,39	|
________________________________________________________
64	|0	|4,63	|2,25	|3,23	|2,6	|3,25	|1,82	|1,94	|2,15	|2,46	|16,24	|3,58	|2,35	|3,8	|3,67	|2,68	|22,16	|16,37	|15,07	|20,92	|17,41	|13,93	|16,57	|16,27	|16,97	|10,97	|0	|16,14	|13,85	|11,08	|16,69	|16,9	|20,39	|18,79	|0	|14,9	|18,75	|18,76	|17,93	|14,81	|14,13	|22,75	|16,94	|16,33	|16,43	|11,2	|14,26	|16,94	|12,38	|11,56	|16,76	|15,99	|22,87	|16,24	|11,71	|19,48	|16,93	|10,9	|16,45	|16,82	|18,52	|17,31	|18,36	|100	|19,43	|19,54	|17,84	|16,16	|11,2	|20,19	|16,28	|16,61	|
________________________________________________________
65	|3,42	|4,19	|1,88	|3,16	|2,76	|2,7	|2,1	|2,77	|1,7	|3,78	|2,53	|20,19	|3,26	|2,7	|2,93	|3,37	|21,72	|15,95	|13,6	|20,39	|16,91	|12,58	|16,59	|16,38	|16,98	|10,84	|0	|16,66	|14,43	|10,58	|16,51	|16,46	|21,35	|19,17	|21,11	|20,15	|14,76	|0	|17,49	|14,7	|17,16	|16,97	|21,52	|14,27	|16,56	|11,15	|12,51	|16,77	|12,78	|11,17	|16,6	|16,77	|22,95	|16,76	|12,05	|20,19	|16,59	|11,88	|16,35	|16,15	|18,78	|17	|18,37	|16,66	|100	|18,53	|18,46	|15,92	|16,28	|16,97	|19,39	|18,42	|
________________________________________________________
66	|3,44	|4,34	|1,87	|3,28	|2,84	|2,9	|2,16	|2,88	|0	|3,59	|2,87	|3,73	|1,91	|3,45	|3	|1,99	|21,57	|16,25	|14,02	|20,41	|16,85	|12,5	|16,35	|16,28	|16,93	|10,97	|15,24	|16,41	|14,7	|12,52	|17,26	|16,79	|20,63	|19,15	|21,07	|19,8	|0	|14,57	|18,05	|14,95	|17,24	|17,02	|13,67	|22,3	|17,07	|11,26	|12,58	|16,66	|12,93	|12,16	|16,52	|16,75	|22,44	|16,47	|13,86	|18,56	|17,06	|11,41	|16,47	|16,82	|18,68	|17,19	|18,56	|16,44	|18,19	|100	|18,43	|15,83	|16,56	|16,54	|11,83	|19,12	|
________________________________________________________
67	|3,52	|3,21	|1,16	|2,77	|3,4	|0	|2,34	|3,65	|1,97	|2,79	|2,14	|3,43	|2,91	|3,02	|3,47	|3,5	|21,74	|16,79	|13,28	|20,08	|16,85	|15,16	|15,54	|16,33	|17,09	|10,92	|11,84	|16,54	|14,99	|12,15	|16,51	|16,91	|23,28	|15,21	|19,36	|16,89	|16,25	|16,19	|16,84	|0	|18,71	|18,63	|18,69	|18,59	|17,04	|11,1	|11,34	|16,77	|12,82	|14,26	|16,42	|15,93	|23,6	|16,85	|12,56	|19,09	|17,21	|13,22	|16,57	|16,45	|19,19	|10,4	|16,48	|13,72	|16,56	|16,84	|100	|17,92	|19,63	|19,39	|19,04	|18,66	|
________________________________________________________
68	|3,25	|4,96	|1,92	|2,88	|3,35	|2,09	|13,39	|3	|1,79	|2,69	|2,29	|3,53	|2,92	|3,12	|3,35	|3,37	|22	|16,75	|12,28	|20,13	|17,13	|0	|16,41	|16,7	|17,15	|11,09	|12,42	|16,16	|15,01	|12,04	|16,53	|16,4	|15,61	|22,44	|19,5	|16,9	|16,14	|16,58	|0	|12,4	|19,26	|18,56	|18,24	|19,09	|16,93	|10,79	|11,21	|16,49	|13,39	|12,19	|16,66	|16,39	|23,11	|16,34	|12,33	|18,56	|16,84	|13,54	|16,87	|16,7	|19,05	|17,74	|16,75	|14,33	|16,47	|16,68	|20,67	|100	|19,61	|19,74	|19,23	|18,36	|
________________________________________________________
69	|4,35	|3,72	|1,47	|3,17	|2,63	|3,25	|2,22	|17,86	|2,04	|2,43	|1,67	|3,3	|3,07	|0	|3,47	|3,69	|21,69	|17,24	|12,18	|20,15	|17,03	|0	|16,29	|15,48	|17,13	|10,5	|13,24	|16,79	|15,32	|12,85	|16,94	|16,69	|18,47	|17,08	|24,14	|14,38	|16,19	|15,75	|20,69	|17,42	|14,81	|0	|17,87	|18,61	|17,07	|11,39	|9,88	|15,9	|13,52	|11,73	|17,86	|16,44	|23,16	|17,1	|12,05	|18,33	|17,63	|14,53	|16,61	|16,43	|16,85	|15,49	|19,13	|9,38	|15,91	|16,48	|21,38	|18,52	|100	|19,62	|18,66	|18,87	|
________________________________________________________
70	|2,91	|3,58	|1,85	|3,29	|0	|3,1	|2,65	|3,39	|1,95	|3,73	|2,68	|3,39	|3,02	|2,23	|17,97	|2,89	|22,34	|16,6	|11,93	|20,39	|16,91	|15,25	|16,15	|16,46	|17,04	|10,8	|12,01	|16,26	|14,9	|0	|16,74	|16,72	|18,3	|16,25	|16,91	|22,35	|16,45	|16,29	|20,37	|16,44	|0	|13,88	|18,89	|18,97	|16,59	|10,93	|12,6	|16,86	|13,05	|14,49	|16,22	|16,15	|22,86	|16,2	|11,91	|18,58	|17,97	|11,9	|15,93	|16,93	|16,39	|14,85	|19,32	|16,8	|16,46	|16,35	|20,98	|18,52	|19,49	|100	|19,72	|18,86	|
________________________________________________________
71	|3,18	|3,61	|1,7	|2,84	|3,26	|2,99	|2,43	|3,21	|2,42	|2,57	|2	|4,06	|1,98	|3,14	|3,46	|18	|22,33	|16,28	|12,09	|19,52	|16,97	|13,63	|16,74	|16,49	|17,31	|10,65	|11,69	|15,74	|14,28	|0	|16,22	|16,26	|18,87	|16,81	|19,32	|17,12	|21,43	|14,01	|19,89	|17,2	|20,09	|18,65	|14,01	|0	|16,65	|11,06	|11,67	|16,7	|13,12	|13,27	|16,41	|15,97	|23,33	|17,01	|10,78	|19,18	|17,79	|12,17	|18	|16,46	|16,22	|15,11	|16,83	|13,83	|19,2	|11,94	|21,03	|18,41	|18,92	|20,13	|100	|18,9	|
________________________________________________________
72	|3,06	|3,65	|1,6	|2,61	|3,29	|2,88	|2,5	|3,28	|1,47	|2,91	|2,52	|3,75	|0	|3,46	|3,58	|3,27	|21,99	|16,54	|12,34	|20	|17,42	|13,64	|16,17	|16,32	|17,22	|10,3	|11,87	|16,93	|15,17	|13,17	|16,92	|16,3	|18,87	|16,58	|18,54	|16,97	|13,44	|20,95	|20,18	|17,1	|19,2	|19,1	|0	|14,26	|16,48	|10,94	|11,51	|16,43	|13,03	|13,77	|16,56	|16,48	|23,31	|16,72	|13,06	|18,79	|16,74	|14,68	|16,22	|16	|16,75	|14,61	|16,45	|14,25	|18,43	|19,5	|20,82	|17,76	|19,32	|19,45	|19,1	|100	|
________________________________________________________
