0	|1	|2	|3	|4	|5	|6	|7	|8	|9	|10	|11	|12	|13	|14	|15	|16	|17	|18	|19	|20	|21	|22	|23	|24	|25	|26	|27	|28	|29	|30	|31	|32	|33	|34	|35	|36	|37	|38	|39	|40	|41	|42	|43	|44	|45	|46	|47	|48	|49	|50	|51	|52	|53	|54	|55	|56	|57	|58	|59	|60	|61	|62	|63	|64	|65	|66	|67	|68	|69	|70	|71	|72	|
1	|3254	|114	|50	|113	|124	|69	|93	|160	|103	|99	|0	|117	|83	|66	|98	|98	|745	|3254	|395	|619	|653	|414	|622	|622	|667	|486	|437	|520	|527	|347	|528	|588	|748	|543	|3254	|611	|626	|608	|642	|398	|628	|374	|526	|564	|0	|300	|0	|634	|548	|448	|632	|603	|629	|664	|465	|581	|540	|414	|525	|535	|685	|550	|515	|0	|565	|578	|647	|518	|735	|495	|530	|504	|
________________________________________________________
2	|114	|3682	|85	|128	|147	|136	|0	|120	|72	|142	|104	|183	|84	|107	|92	|119	|936	|619	|484	|3682	|739	|522	|708	|685	|668	|324	|509	|723	|410	|431	|618	|624	|754	|3682	|713	|787	|669	|679	|723	|597	|640	|625	|629	|638	|743	|460	|0	|542	|0	|539	|683	|678	|875	|608	|481	|834	|521	|453	|612	|632	|0	|459	|787	|656	|691	|730	|591	|792	|629	|609	|602	|602	|
________________________________________________________
3	|50	|85	|1684	|52	|71	|72	|57	|57	|67	|51	|70	|53	|51	|51	|69	|46	|0	|199	|0	|425	|341	|251	|320	|297	|230	|287	|210	|278	|278	|173	|278	|242	|0	|277	|369	|342	|321	|316	|251	|347	|299	|307	|290	|281	|357	|1684	|208	|309	|278	|211	|322	|358	|288	|331	|215	|307	|320	|179	|274	|271	|313	|1684	|306	|318	|310	|315	|213	|306	|248	|314	|283	|264	|
________________________________________________________
4	|113	|128	|52	|2776	|0	|81	|81	|127	|66	|0	|73	|107	|61	|66	|112	|123	|745	|563	|0	|512	|0	|386	|518	|580	|469	|296	|412	|549	|322	|296	|480	|458	|600	|587	|486	|0	|478	|519	|505	|381	|589	|376	|492	|459	|569	|325	|303	|2776	|476	|401	|537	|514	|621	|418	|430	|549	|583	|488	|483	|462	|550	|446	|2776	|457	|522	|551	|510	|460	|535	|560	|473	|430	|
________________________________________________________
5	|124	|147	|71	|0	|2936	|85	|49	|95	|63	|107	|43	|82	|110	|92	|0	|89	|690	|556	|438	|691	|2936	|340	|491	|638	|509	|294	|508	|584	|521	|412	|476	|495	|512	|518	|610	|565	|444	|438	|657	|501	|2936	|530	|564	|536	|571	|384	|397	|0	|302	|0	|627	|586	|679	|491	|358	|490	|628	|451	|477	|493	|467	|438	|626	|368	|455	|477	|625	|534	|445	|0	|543	|542	|
________________________________________________________
6	|69	|136	|72	|81	|85	|2665	|52	|81	|41	|105	|86	|93	|73	|91	|86	|109	|689	|484	|363	|617	|445	|325	|2665	|524	|501	|276	|335	|459	|361	|342	|516	|318	|311	|529	|473	|520	|423	|414	|510	|2665	|464	|515	|519	|495	|521	|329	|344	|533	|439	|0	|356	|0	|603	|430	|317	|516	|445	|328	|570	|383	|321	|568	|424	|460	|446	|487	|0	|334	|549	|528	|499	|475	|
________________________________________________________
7	|93	|0	|57	|81	|49	|52	|2137	|52	|42	|39	|44	|63	|91	|61	|94	|66	|535	|417	|308	|0	|273	|0	|423	|455	|391	|232	|312	|264	|415	|245	|373	|416	|309	|469	|422	|350	|334	|346	|0	|271	|424	|381	|370	|374	|375	|298	|310	|433	|2137	|253	|320	|445	|483	|340	|242	|287	|447	|285	|321	|387	|396	|373	|362	|258	|346	|363	|431	|2137	|375	|450	|405	|413	|
________________________________________________________
8	|160	|120	|57	|127	|95	|81	|52	|3018	|52	|78	|53	|86	|78	|0	|103	|127	|746	|579	|409	|716	|605	|0	|374	|0	|496	|293	|421	|535	|451	|385	|635	|418	|608	|468	|759	|394	|472	|478	|644	|542	|440	|0	|527	|576	|562	|389	|353	|621	|432	|368	|3018	|620	|750	|498	|363	|550	|523	|446	|605	|522	|586	|441	|613	|275	|457	|484	|672	|478	|3018	|576	|535	|541	|
________________________________________________________
9	|103	|72	|67	|66	|63	|41	|42	|52	|1924	|47	|33	|82	|73	|53	|70	|88	|295	|417	|219	|339	|340	|223	|307	|309	|421	|1924	|229	|297	|336	|233	|380	|363	|396	|389	|460	|332	|1924	|343	|347	|273	|355	|257	|395	|211	|206	|338	|238	|310	|304	|242	|306	|344	|0	|219	|0	|447	|411	|272	|371	|377	|384	|331	|374	|305	|280	|0	|362	|286	|345	|332	|404	|243	|
________________________________________________________
10	|99	|142	|51	|0	|107	|105	|39	|78	|47	|2818	|67	|108	|91	|110	|0	|92	|622	|448	|419	|609	|596	|527	|458	|518	|567	|311	|316	|2818	|545	|391	|532	|525	|585	|549	|553	|2818	|467	|568	|499	|420	|545	|536	|431	|526	|480	|291	|422	|572	|299	|309	|433	|448	|815	|551	|0	|450	|0	|402	|537	|549	|507	|473	|0	|348	|624	|604	|513	|430	|411	|635	|429	|480	|
________________________________________________________
11	|0	|104	|70	|73	|43	|86	|44	|53	|33	|67	|2299	|79	|68	|105	|97	|64	|448	|458	|355	|495	|359	|323	|388	|381	|0	|184	|0	|452	|368	|274	|441	|435	|476	|424	|0	|329	|451	|481	|401	|353	|303	|511	|413	|434	|483	|321	|346	|386	|283	|265	|387	|391	|617	|2299	|272	|443	|472	|289	|417	|452	|421	|391	|422	|2299	|417	|482	|393	|365	|283	|456	|334	|416	|
________________________________________________________
12	|117	|183	|53	|107	|82	|93	|63	|86	|82	|108	|79	|3333	|0	|105	|118	|130	|755	|539	|441	|818	|501	|440	|537	|548	|697	|468	|0	|465	|0	|427	|622	|660	|717	|627	|724	|735	|495	|0	|566	|487	|551	|556	|692	|443	|623	|351	|411	|617	|316	|411	|553	|586	|849	|561	|382	|3333	|692	|484	|634	|614	|607	|515	|657	|507	|3333	|627	|631	|564	|557	|576	|677	|618	|
________________________________________________________
13	|83	|84	|51	|61	|110	|73	|91	|78	|73	|91	|68	|0	|2469	|52	|65	|77	|540	|428	|295	|396	|527	|310	|389	|438	|463	|312	|384	|510	|2469	|263	|414	|513	|431	|436	|494	|444	|452	|470	|518	|459	|531	|402	|2469	|512	|430	|279	|302	|328	|481	|342	|412	|438	|643	|439	|358	|0	|275	|0	|464	|485	|390	|414	|423	|333	|539	|321	|535	|466	|519	|514	|330	|0	|
________________________________________________________
14	|66	|107	|51	|66	|92	|91	|61	|0	|53	|110	|105	|105	|52	|2754	|87	|77	|626	|467	|346	|560	|484	|394	|510	|522	|565	|375	|365	|579	|408	|312	|2754	|586	|480	|493	|393	|546	|346	|533	|548	|434	|521	|2754	|474	|585	|448	|302	|346	|458	|345	|397	|606	|378	|693	|471	|376	|606	|564	|0	|343	|0	|459	|385	|368	|538	|446	|581	|556	|498	|0	|380	|524	|570	|
________________________________________________________
15	|98	|92	|69	|112	|0	|86	|94	|103	|70	|0	|97	|118	|65	|87	|3058	|80	|690	|517	|377	|549	|668	|495	|477	|519	|609	|370	|443	|0	|303	|0	|611	|630	|534	|453	|516	|689	|498	|492	|665	|509	|0	|421	|626	|590	|480	|359	|527	|576	|473	|459	|495	|465	|791	|549	|466	|703	|3058	|378	|476	|660	|469	|428	|598	|519	|483	|504	|638	|535	|587	|3058	|576	|590	|
________________________________________________________
16	|98	|119	|46	|123	|89	|109	|66	|127	|88	|92	|64	|130	|77	|77	|80	|3000	|664	|491	|342	|620	|472	|388	|603	|433	|574	|370	|377	|589	|538	|0	|359	|0	|549	|547	|627	|524	|662	|378	|611	|513	|638	|611	|445	|0	|505	|325	|343	|562	|344	|395	|579	|342	|813	|614	|377	|667	|527	|369	|3000	|652	|455	|431	|554	|380	|556	|335	|644	|538	|623	|492	|3000	|540	|
________________________________________________________
17	|745	|936	|0	|745	|690	|689	|535	|746	|295	|622	|448	|755	|540	|626	|690	|664	|21878	|4126	|3014	|5065	|4180	|3094	|4007	|4100	|4134	|1820	|2582	|3537	|3153	|2335	|3679	|3618	|4019	|3714	|4105	|3698	|3513	|3508	|3938	|3324	|3650	|3696	|3623	|3544	|3225	|0	|2991	|4189	|3258	|2837	|4166	|4194	|5648	|3245	|2841	|4019	|3698	|2629	|3636	|3633	|3630	|3265	|3562	|3137	|3586	|3628	|4001	|3510	|3665	|3800	|3722	|3627	|
________________________________________________________
18	|3254	|619	|199	|563	|556	|484	|417	|579	|417	|448	|458	|539	|428	|467	|517	|491	|4126	|16762	|2005	|3857	|3274	|2345	|3135	|3205	|3439	|2405	|1963	|2716	|2431	|1899	|2698	|2821	|3055	|2845	|3254	|2826	|2806	|2776	|3046	|2481	|2817	|2751	|2808	|2778	|0	|1468	|0	|3163	|2497	|2212	|3178	|3103	|3254	|3375	|1976	|3157	|2842	|2047	|2766	|2864	|2811	|2511	|2795	|2317	|2634	|2734	|3091	|2672	|2914	|2824	|2714	|2729	|
________________________________________________________
19	|395	|484	|0	|0	|438	|363	|308	|409	|219	|419	|355	|441	|295	|346	|377	|342	|3014	|2005	|12222	|2596	|2540	|1839	|2294	|2211	|2220	|1102	|1733	|2002	|1837	|1333	|2047	|2102	|2655	|2120	|2368	|2525	|2236	|2159	|2437	|1575	|2001	|2097	|2010	|2045	|2431	|0	|1183	|0	|1930	|1618	|2250	|2276	|3002	|2059	|1640	|2235	|2081	|1437	|2009	|2034	|2547	|0	|0	|2134	|2245	|2359	|2444	|1959	|2059	|2030	|2016	|2035	|
________________________________________________________
20	|619	|3682	|425	|512	|691	|617	|0	|716	|339	|609	|495	|818	|396	|560	|549	|620	|5065	|3857	|2596	|20131	|3875	|2781	|3779	|3720	|3446	|2078	|2177	|3839	|2321	|2239	|3340	|3353	|3587	|3682	|3770	|3413	|3330	|3286	|3579	|2940	|3448	|3384	|3335	|3368	|3863	|2635	|0	|2962	|0	|2851	|3814	|3725	|4609	|3395	|2426	|4461	|3019	|2511	|3331	|3384	|3232	|2922	|3339	|2962	|3367	|3434	|3696	|3212	|3405	|3469	|3253	|3299	|
________________________________________________________
21	|653	|739	|341	|0	|2936	|445	|273	|605	|340	|596	|359	|501	|527	|484	|668	|472	|4180	|3274	|2540	|3875	|17157	|2054	|3184	|3265	|2919	|1851	|2236	|3340	|3096	|1928	|2830	|2909	|3095	|2845	|3189	|2967	|2743	|2834	|3033	|2591	|2936	|2834	|2871	|2817	|3221	|2217	|2338	|0	|1811	|0	|3342	|3217	|3918	|2853	|2039	|2728	|3699	|2049	|2803	|2833	|2755	|2545	|2883	|2465	|2792	|2834	|3102	|2734	|2877	|2877	|2829	|2874	|
________________________________________________________
22	|414	|522	|251	|386	|340	|325	|0	|0	|223	|527	|323	|440	|310	|394	|495	|388	|3094	|2345	|1839	|2781	|2054	|12296	|2026	|2523	|2070	|1305	|1476	|2239	|1547	|1678	|2066	|2090	|2204	|2103	|2112	|2348	|1958	|2057	|2704	|1828	|2115	|2436	|2315	|2234	|2282	|1613	|1608	|2517	|0	|1256	|0	|2495	|2863	|2086	|1486	|2543	|2200	|1650	|2008	|2089	|2042	|1808	|2034	|1972	|2077	|2103	|2790	|0	|0	|2594	|2272	|2251	|
________________________________________________________
23	|622	|708	|320	|518	|491	|2665	|423	|374	|307	|458	|388	|537	|389	|510	|477	|603	|4007	|3135	|2294	|3779	|3184	|2026	|16327	|3189	|2831	|1686	|1928	|2663	|2474	|1637	|3155	|2004	|2958	|2809	|3155	|2824	|2672	|2606	|2789	|2665	|2804	|2678	|2817	|2744	|3126	|2156	|1986	|3088	|2437	|0	|2172	|0	|3711	|2686	|2014	|2978	|2792	|1891	|3369	|2350	|2628	|2517	|2659	|2346	|2739	|2750	|2860	|2618	|2753	|2748	|2791	|2667	|
________________________________________________________
24	|622	|685	|297	|580	|638	|524	|455	|0	|309	|518	|381	|548	|438	|522	|519	|433	|4100	|3205	|2211	|3720	|3265	|2523	|3189	|16620	|2895	|1757	|2054	|2736	|2493	|2134	|3119	|3087	|3074	|2742	|3150	|2881	|2764	|2763	|2831	|2407	|2822	|2769	|2620	|2671	|3129	|2124	|2057	|3163	|2424	|2343	|0	|1292	|3805	|2759	|2037	|2997	|2870	|1994	|2366	|3624	|2746	|2568	|2730	|2303	|2704	|2739	|3005	|2665	|2616	|2800	|2748	|2693	|
________________________________________________________
25	|667	|668	|230	|469	|509	|501	|391	|496	|421	|567	|0	|697	|463	|565	|609	|574	|4134	|3439	|2220	|3446	|2919	|2070	|2831	|2895	|16980	|2455	|2527	|3215	|2814	|2125	|3280	|3237	|3048	|2815	|3218	|2910	|2688	|2703	|3039	|2539	|2848	|2800	|2817	|2783	|3305	|1511	|1933	|2833	|2227	|2021	|2840	|2737	|3311	|0	|2462	|3633	|3315	|2415	|3183	|3162	|2854	|2577	|2801	|2402	|2803	|2848	|3146	|2736	|2894	|2899	|2886	|2840	|
________________________________________________________
26	|486	|324	|287	|296	|294	|276	|232	|293	|1924	|311	|184	|468	|312	|375	|370	|370	|1820	|2405	|1102	|2078	|1851	|1305	|1686	|1757	|2455	|10817	|1317	|2050	|1854	|1366	|2085	|2053	|1987	|1858	|2075	|1861	|1924	|1736	|1851	|1577	|1738	|1876	|1794	|1820	|1143	|1738	|1245	|1769	|1462	|1282	|1829	|1880	|0	|1180	|0	|2307	|2040	|1472	|2022	|2072	|1828	|1675	|1782	|1553	|1790	|1846	|2009	|1770	|1775	|1837	|1775	|1700	|
________________________________________________________
27	|437	|509	|210	|412	|508	|335	|312	|421	|229	|316	|0	|0	|384	|365	|443	|377	|2582	|1963	|1733	|2177	|2236	|1476	|1928	|2054	|2527	|1317	|11912	|1983	|2202	|1554	|2179	|2215	|2442	|2260	|2643	|1976	|1957	|2424	|2063	|1775	|2234	|1735	|1969	|1973	|1988	|1289	|1506	|2019	|1781	|1386	|1973	|1974	|3357	|0	|1260	|0	|2485	|1631	|2094	|2206	|2272	|2030	|2465	|0	|0	|2564	|2180	|1981	|2238	|2043	|1949	|1959	|
________________________________________________________
28	|520	|723	|278	|549	|584	|459	|264	|535	|297	|2818	|452	|465	|510	|579	|0	|589	|3537	|2716	|2002	|3839	|3340	|2239	|2663	|2736	|3215	|2050	|1983	|16557	|3083	|2300	|3101	|3150	|2968	|2842	|3154	|2818	|2626	|2707	|2987	|2459	|2834	|2736	|2694	|2874	|2819	|1820	|1848	|3342	|1744	|1898	|2807	|2711	|4342	|3122	|0	|2587	|0	|2366	|3137	|3125	|2695	|2465	|2774	|2285	|2750	|2761	|3045	|2579	|2838	|2767	|2624	|2793	|
________________________________________________________
29	|527	|410	|278	|322	|521	|361	|415	|451	|336	|545	|368	|0	|2469	|408	|303	|538	|3153	|2431	|1837	|2321	|3096	|1547	|2474	|2493	|2814	|1854	|2202	|3083	|14793	|1630	|2882	|2829	|2621	|2397	|2953	|2513	|2340	|2333	|2630	|2312	|2562	|2372	|2469	|2566	|2411	|1631	|1888	|1927	|2554	|1688	|2499	|2447	|3785	|2684	|2186	|0	|1706	|0	|2770	|2806	|2431	|2207	|2545	|1961	|2383	|2473	|2759	|2395	|2589	|2535	|2381	|2503	|
________________________________________________________
30	|347	|431	|173	|296	|412	|342	|245	|385	|233	|391	|274	|427	|263	|312	|0	|0	|2335	|1899	|1333	|2239	|1928	|1678	|1637	|2134	|2125	|1366	|1554	|2300	|1630	|11109	|1962	|2275	|2030	|1939	|2138	|1897	|1579	|2031	|2258	|1846	|2304	|1897	|1815	|2268	|1805	|1272	|1215	|1811	|1456	|1441	|1813	|2070	|2943	|2071	|1595	|2457	|0	|1106	|0	|2242	|1799	|1728	|1871	|1568	|1747	|2106	|2236	|1921	|2171	|0	|0	|2173	|
________________________________________________________
31	|528	|618	|278	|480	|476	|516	|373	|635	|380	|532	|441	|622	|414	|2754	|611	|359	|3679	|2698	|2047	|3340	|2830	|2066	|3155	|3119	|3280	|2085	|2179	|3101	|2882	|1962	|16687	|3614	|3066	|2755	|3193	|2815	|2762	|2773	|3057	|2494	|2836	|2754	|2791	|2770	|2794	|1915	|1936	|2838	|2242	|1917	|3629	|2323	|4376	|3185	|2287	|3490	|3284	|0	|2080	|0	|2876	|2523	|2774	|2362	|2726	|2903	|3038	|2638	|2863	|2848	|2704	|2791	|
________________________________________________________
32	|588	|624	|242	|458	|495	|318	|416	|418	|363	|525	|435	|660	|513	|586	|630	|0	|3618	|2821	|2102	|3353	|2909	|2090	|2004	|3087	|3237	|2053	|2215	|3150	|2829	|2275	|3614	|16758	|3074	|2834	|3236	|2761	|2754	|2785	|2958	|2434	|2810	|2766	|2829	|2724	|2769	|1853	|1897	|2806	|2261	|2141	|2348	|3584	|4453	|3179	|2298	|3655	|3291	|2319	|0	|1453	|2762	|2493	|2805	|2393	|2717	|2825	|3113	|2616	|2820	|2845	|2711	|2689	|
________________________________________________________
33	|748	|754	|0	|600	|512	|311	|309	|608	|396	|585	|476	|717	|431	|480	|534	|549	|4019	|3055	|2655	|3587	|3095	|2204	|2958	|3074	|3048	|1987	|2442	|2968	|2621	|2030	|3066	|3074	|18270	|3418	|4047	|3532	|3362	|3330	|3769	|1790	|3106	|2987	|2892	|3032	|3005	|2047	|2512	|2992	|2317	|2378	|2974	|2991	|4200	|3075	|2448	|3482	|3066	|2195	|2950	|3132	|2735	|0	|3460	|2886	|3524	|3470	|4285	|2490	|3121	|3113	|3145	|3113	|
________________________________________________________
34	|543	|3682	|277	|587	|518	|529	|469	|468	|389	|549	|424	|627	|436	|493	|453	|547	|3714	|2845	|2120	|3682	|2845	|2103	|2809	|2742	|2815	|1858	|2260	|2842	|2397	|1939	|2755	|2834	|3418	|16797	|3612	|3265	|3122	|3212	|3355	|2817	|2942	|2853	|2819	|2829	|2787	|1912	|0	|2815	|2115	|1921	|2785	|2716	|3840	|2795	|2181	|3146	|2706	|2014	|2810	|2878	|0	|2255	|3281	|2660	|3164	|3221	|2799	|3580	|2886	|2765	|2802	|2735	|
________________________________________________________
35	|3254	|713	|369	|486	|610	|473	|422	|759	|460	|553	|0	|724	|494	|393	|516	|627	|4105	|3254	|2368	|3770	|3189	|2112	|3155	|3150	|3218	|2075	|2643	|3154	|2953	|2138	|3193	|3236	|4047	|3612	|19201	|3533	|3554	|3602	|3421	|2850	|3697	|2240	|3168	|3208	|3173	|2182	|0	|3224	|2569	|2273	|3330	|3147	|4380	|3150	|2866	|3424	|3316	|2497	|3158	|3213	|3582	|3213	|2994	|0	|3485	|3544	|3564	|3112	|4079	|2877	|3221	|3059	|
________________________________________________________
36	|611	|787	|342	|0	|565	|520	|350	|394	|332	|2818	|329	|735	|444	|546	|689	|524	|3698	|2826	|2525	|3413	|2967	|2348	|2824	|2881	|2910	|1861	|1976	|2818	|2513	|1897	|2815	|2761	|3532	|3265	|3533	|16978	|3279	|3258	|3021	|2557	|3276	|3246	|2857	|2842	|2889	|1884	|2344	|2814	|2200	|1946	|2752	|2790	|3895	|2783	|0	|3180	|2894	|2030	|2783	|2866	|3124	|2935	|0	|2109	|3327	|3331	|3108	|2697	|2430	|3802	|2853	|2799	|
________________________________________________________
37	|626	|669	|321	|478	|444	|423	|334	|472	|1924	|467	|451	|495	|452	|346	|498	|662	|3513	|2806	|2236	|3330	|2743	|1958	|2672	|2764	|2688	|1924	|1957	|2626	|2340	|1579	|2762	|2754	|3362	|3122	|3554	|3279	|16322	|3016	|2912	|2373	|2720	|2644	|3105	|1811	|2714	|1927	|2034	|2613	|2044	|1911	|2763	|2685	|3672	|2702	|0	|3002	|2852	|1956	|2808	|2829	|3182	|2850	|2964	|2654	|2436	|0	|2990	|2575	|2736	|2799	|3573	|2218	|
________________________________________________________
38	|608	|679	|316	|519	|438	|414	|346	|478	|343	|568	|481	|0	|470	|533	|492	|378	|3508	|2776	|2159	|3286	|2834	|2057	|2606	|2763	|2703	|1736	|2424	|2707	|2333	|2031	|2773	|2785	|3330	|3212	|3602	|3258	|3016	|16431	|2863	|2347	|2735	|2766	|3101	|3119	|2699	|1895	|2019	|2824	|2130	|1881	|2802	|2741	|3738	|2734	|2429	|2978	|2780	|1933	|2579	|2703	|3122	|2841	|3121	|2656	|0	|2451	|2980	|2645	|2661	|2772	|2336	|3456	|
________________________________________________________
39	|642	|723	|251	|505	|657	|510	|0	|644	|347	|499	|401	|566	|518	|548	|665	|611	|3938	|3046	|2437	|3579	|3033	|2704	|2789	|2831	|3039	|1851	|2063	|2987	|2630	|2258	|3057	|2958	|3769	|3355	|3421	|3021	|2912	|2863	|17814	|2893	|3517	|3287	|3385	|3360	|2927	|2090	|1972	|2949	|2280	|2451	|2950	|2873	|4098	|2939	|2124	|3302	|3058	|2366	|2937	|2907	|3849	|2218	|2958	|2538	|2888	|3036	|3100	|0	|3496	|3466	|3316	|3329	|
________________________________________________________
40	|398	|597	|347	|381	|501	|2665	|271	|542	|273	|420	|353	|487	|459	|434	|509	|513	|3324	|2481	|1575	|2940	|2591	|1828	|2665	|2407	|2539	|1577	|1775	|2459	|2312	|1846	|2494	|2434	|1790	|2817	|2850	|2557	|2373	|2347	|2893	|14909	|2949	|2708	|2821	|2732	|2461	|1655	|1638	|2450	|2018	|0	|2544	|2401	|3452	|2492	|1745	|2711	|2557	|2017	|2501	|2534	|1879	|3132	|2449	|2097	|2426	|2514	|0	|1979	|2944	|2797	|2867	|2821	|
________________________________________________________
41	|628	|640	|299	|589	|2936	|464	|424	|440	|355	|545	|303	|551	|531	|521	|0	|638	|3650	|2817	|2001	|3448	|2936	|2115	|2804	|2822	|2848	|1738	|2234	|2834	|2562	|2304	|2836	|2810	|3106	|2942	|3697	|3276	|2720	|2735	|3517	|2949	|17004	|3139	|3260	|3175	|2833	|1928	|1926	|2781	|2206	|0	|2825	|2828	|4031	|2842	|2113	|3202	|2934	|2455	|2820	|2828	|2855	|2617	|3621	|2000	|2833	|2900	|3443	|3073	|2502	|0	|3348	|3167	|
________________________________________________________
42	|374	|625	|307	|376	|530	|515	|381	|0	|257	|536	|511	|556	|402	|2754	|421	|611	|3696	|2751	|2097	|3384	|2834	|2436	|2678	|2769	|2800	|1876	|1735	|2736	|2372	|1897	|2754	|2766	|2987	|2853	|2240	|3246	|2644	|2766	|3287	|2708	|3139	|16568	|3227	|3195	|2803	|1866	|2077	|2788	|2064	|2434	|2739	|2694	|3766	|2746	|1961	|3179	|2771	|0	|2716	|2741	|2697	|2350	|2318	|3221	|2801	|2863	|3429	|2962	|0	|2362	|3109	|3151	|
________________________________________________________
43	|526	|629	|290	|492	|564	|519	|370	|527	|395	|431	|413	|692	|2469	|474	|626	|445	|3623	|2808	|2010	|3335	|2871	|2315	|2817	|2620	|2817	|1794	|1969	|2694	|2469	|1815	|2791	|2829	|2892	|2819	|3168	|2857	|3105	|3101	|3385	|2821	|3260	|3227	|16520	|3199	|2783	|1888	|1832	|2809	|2190	|2091	|2807	|2723	|3828	|2749	|2038	|3025	|2862	|0	|2685	|2680	|2743	|2603	|2711	|2398	|3552	|2300	|3439	|2910	|3019	|3214	|2336	|0	|
________________________________________________________
44	|564	|638	|281	|459	|536	|495	|374	|576	|211	|526	|434	|443	|512	|585	|590	|0	|3544	|2778	|2045	|3368	|2817	|2234	|2744	|2671	|2783	|1820	|1973	|2874	|2566	|2268	|2770	|2724	|3032	|2829	|3208	|2842	|1811	|3119	|3360	|2732	|3175	|3195	|3199	|16521	|2769	|1849	|1827	|2726	|2161	|2220	|2802	|2709	|3788	|2754	|2189	|3033	|2674	|2403	|2681	|2708	|2680	|2538	|2764	|2311	|2356	|3751	|3421	|3046	|3145	|3228	|0	|2353	|
________________________________________________________
45	|0	|743	|357	|569	|571	|521	|375	|562	|206	|480	|483	|623	|430	|448	|480	|505	|3225	|0	|2431	|3863	|3221	|2282	|3126	|3129	|3305	|1143	|1988	|2819	|2411	|1805	|2794	|2769	|3005	|2787	|3173	|2889	|2714	|2699	|2927	|2461	|2833	|2803	|2783	|2769	|16653	|2296	|2256	|3198	|2439	|2179	|3199	|3060	|4435	|3355	|2201	|3133	|2853	|1994	|2771	|2751	|2708	|2600	|2764	|2326	|2734	|2871	|3137	|2701	|2885	|2823	|2776	|2719	|
________________________________________________________
46	|300	|460	|1684	|325	|384	|329	|298	|389	|338	|291	|321	|351	|279	|302	|359	|325	|0	|1468	|0	|2635	|2217	|1613	|2156	|2124	|1511	|1738	|1289	|1820	|1631	|1272	|1915	|1853	|2047	|1912	|2182	|1884	|1927	|1895	|2090	|1655	|1928	|1866	|1888	|1849	|2296	|11321	|1316	|2139	|1676	|1511	|2230	|2124	|2107	|2281	|1259	|2155	|1993	|1358	|1823	|1851	|1849	|1684	|1874	|1586	|1840	|1894	|2043	|1721	|1924	|1860	|1844	|1805	|
________________________________________________________
47	|0	|0	|208	|303	|397	|344	|310	|353	|238	|422	|346	|411	|302	|346	|527	|343	|2991	|0	|1183	|0	|2338	|1608	|1986	|2057	|1933	|1245	|1506	|1848	|1888	|1215	|1936	|1897	|2512	|0	|0	|2344	|2034	|2019	|1972	|1638	|1926	|2077	|1832	|1827	|2256	|1316	|11172	|1833	|1823	|1549	|2049	|2019	|2620	|1882	|1572	|1934	|2150	|1352	|1834	|1905	|2297	|1751	|1824	|2018	|2065	|2116	|2087	|1789	|1670	|2143	|1946	|1899	|
________________________________________________________
48	|634	|542	|309	|2776	|0	|533	|433	|621	|310	|572	|386	|617	|328	|458	|576	|562	|4189	|3163	|0	|2962	|0	|2517	|3088	|3163	|2833	|1769	|2019	|3342	|1927	|1811	|2838	|2806	|2992	|2815	|3224	|2814	|2613	|2824	|2949	|2450	|2781	|2788	|2809	|2726	|3198	|2139	|1833	|16692	|2651	|2342	|3204	|3152	|3851	|2785	|2135	|3615	|3361	|2220	|2774	|2732	|2718	|2580	|2776	|2398	|2769	|2802	|3087	|2631	|2686	|2869	|2783	|2711	|
________________________________________________________
49	|548	|0	|278	|476	|302	|439	|2137	|432	|304	|299	|283	|316	|481	|345	|473	|344	|3258	|2497	|1930	|0	|1811	|0	|2437	|2424	|2227	|1462	|1781	|1744	|2554	|1456	|2242	|2261	|2317	|2115	|2569	|2200	|2044	|2130	|2280	|2018	|2206	|2064	|2190	|2161	|2439	|1676	|1823	|2651	|13098	|1541	|2476	|2537	|3016	|2185	|1616	|1782	|2664	|1439	|2089	|2188	|2078	|1996	|2193	|1753	|2110	|2175	|2360	|2137	|2284	|2221	|2187	|2149	|
________________________________________________________
50	|448	|539	|211	|401	|0	|0	|253	|368	|242	|309	|265	|411	|342	|397	|459	|395	|2837	|2212	|1618	|2851	|0	|1256	|0	|2343	|2021	|1282	|1386	|1898	|1688	|1441	|1917	|2141	|2378	|1921	|2273	|1946	|1911	|1881	|2451	|0	|0	|2434	|2091	|2220	|2179	|1511	|1549	|2342	|1541	|11705	|2059	|2301	|2660	|1948	|1401	|2221	|1958	|1674	|1760	|2077	|2184	|1493	|1944	|1637	|1844	|2046	|2624	|1945	|1982	|2465	|2212	|2271	|
________________________________________________________
51	|632	|683	|322	|537	|627	|356	|320	|3018	|306	|433	|387	|553	|412	|606	|495	|579	|4166	|3178	|2250	|3814	|3342	|0	|2172	|0	|2840	|1829	|1973	|2807	|2499	|1813	|3629	|2348	|2974	|2785	|3330	|2752	|2763	|2802	|2950	|2544	|2825	|2739	|2807	|2802	|3199	|2230	|2049	|3204	|2476	|2059	|16814	|3377	|3964	|2835	|2101	|3181	|2815	|2015	|3215	|3079	|2730	|2618	|2862	|2372	|2740	|2778	|3022	|2658	|3018	|2760	|2735	|2732	|
________________________________________________________
52	|603	|678	|358	|514	|586	|0	|445	|620	|344	|448	|391	|586	|438	|378	|465	|342	|4194	|3103	|2276	|3725	|3217	|2495	|0	|1292	|2737	|1880	|1974	|2711	|2447	|2070	|2323	|3584	|2991	|2716	|3147	|2790	|2685	|2741	|2873	|2401	|2828	|2694	|2723	|2709	|3060	|2124	|2019	|3152	|2537	|2301	|3377	|16502	|3850	|2815	|2001	|3106	|2746	|1952	|1971	|3161	|2667	|2549	|2718	|2264	|2768	|2818	|2931	|2615	|2778	|2747	|2662	|2718	|
________________________________________________________
53	|629	|875	|288	|621	|679	|603	|483	|750	|0	|815	|617	|849	|643	|693	|791	|813	|5648	|3254	|3002	|4609	|3918	|2863	|3711	|3805	|3311	|0	|3357	|4342	|3785	|2943	|4376	|4453	|4200	|3840	|4380	|3895	|3672	|3738	|4098	|3452	|4031	|3766	|3828	|3788	|4435	|2107	|2620	|3851	|3016	|2660	|3964	|3850	|23094	|4475	|3175	|5013	|4437	|3139	|4301	|4396	|3752	|3459	|3876	|3237	|3788	|3774	|4344	|3688	|3913	|3890	|3889	|3845	|
________________________________________________________
54	|664	|608	|331	|418	|491	|430	|340	|498	|219	|551	|2299	|561	|439	|471	|549	|614	|3245	|3375	|2059	|3395	|2853	|2086	|2686	|2759	|0	|1180	|0	|3122	|2684	|2071	|3185	|3179	|3075	|2795	|3150	|2783	|2702	|2734	|2939	|2492	|2842	|2746	|2749	|2754	|3355	|2281	|1882	|2785	|2185	|1948	|2835	|2815	|4475	|16671	|2024	|3635	|3208	|2186	|3193	|3214	|2648	|2466	|2715	|2299	|2767	|2771	|3102	|2607	|2890	|2756	|2835	|2758	|
________________________________________________________
55	|465	|481	|215	|430	|358	|317	|242	|363	|0	|0	|272	|382	|358	|376	|466	|377	|2841	|1976	|1640	|2426	|2039	|1486	|2014	|2037	|2462	|0	|1260	|0	|2186	|1595	|2287	|2298	|2448	|2181	|2866	|0	|0	|2429	|2124	|1745	|2113	|1961	|2038	|2189	|2201	|1259	|1572	|2135	|1616	|1401	|2101	|2001	|3175	|2024	|12127	|2322	|2535	|1707	|2296	|2296	|2213	|2063	|2470	|1658	|1989	|2332	|2311	|1968	|2037	|2027	|1797	|2155	|
________________________________________________________
56	|581	|834	|307	|549	|490	|516	|287	|550	|447	|450	|443	|3333	|0	|606	|703	|667	|4019	|3157	|2235	|4461	|2728	|2543	|2978	|2997	|3633	|2307	|0	|2587	|0	|2457	|3490	|3655	|3482	|3146	|3424	|3180	|3002	|2978	|3302	|2711	|3202	|3179	|3025	|3033	|3133	|2155	|1934	|3615	|1782	|2221	|3181	|3106	|5013	|3635	|2322	|18615	|3929	|2576	|3588	|3534	|3048	|2777	|2952	|2757	|3333	|3122	|3514	|2961	|3097	|3161	|3197	|3099	|
________________________________________________________
57	|540	|521	|320	|583	|628	|445	|447	|523	|411	|0	|472	|692	|275	|564	|3058	|527	|3698	|2842	|2081	|3019	|3699	|2200	|2792	|2870	|3315	|2040	|2485	|0	|1706	|0	|3284	|3291	|3066	|2706	|3316	|2894	|2852	|2780	|3058	|2557	|2934	|2771	|2862	|2674	|2853	|1993	|2150	|3361	|2664	|1958	|2815	|2746	|4437	|3208	|2535	|3929	|17079	|2167	|3237	|3304	|2777	|2508	|2921	|2397	|2739	|2870	|3168	|2687	|2979	|3058	|2966	|2761	|
________________________________________________________
58	|414	|453	|179	|488	|451	|328	|285	|446	|272	|402	|289	|484	|0	|0	|378	|369	|2629	|2047	|1437	|2511	|2049	|1650	|1891	|1994	|2415	|1472	|1631	|2366	|0	|1106	|0	|2319	|2195	|2014	|2497	|2030	|1956	|1933	|2366	|2017	|2455	|0	|0	|2403	|1994	|1358	|1352	|2220	|1439	|1674	|2015	|1952	|3139	|2186	|1707	|2576	|2167	|12007	|2136	|2446	|1916	|1826	|2214	|1543	|1962	|1920	|2433	|2161	|2455	|2025	|2028	|2421	|
________________________________________________________
59	|525	|612	|274	|483	|477	|570	|321	|605	|371	|537	|417	|634	|464	|343	|476	|3000	|3636	|2766	|2009	|3331	|2803	|2008	|3369	|2366	|3183	|2022	|2094	|3137	|2770	|0	|2080	|0	|2950	|2810	|3158	|2783	|2808	|2579	|2937	|2501	|2820	|2716	|2685	|2681	|2771	|1823	|1834	|2774	|2089	|1760	|3215	|1971	|4301	|3193	|2296	|3588	|3237	|2136	|16525	|3533	|2701	|2465	|2753	|2329	|2699	|2771	|3049	|2691	|2807	|2711	|3000	|2676	|
________________________________________________________
60	|535	|632	|271	|462	|493	|383	|387	|522	|377	|549	|452	|614	|485	|0	|660	|652	|3633	|2864	|2034	|3384	|2833	|2089	|2350	|3624	|3162	|2072	|2206	|3125	|2806	|2242	|0	|1453	|3132	|2878	|3213	|2866	|2829	|2703	|2907	|2534	|2828	|2741	|2680	|2708	|2751	|1851	|1905	|2732	|2188	|2077	|3079	|3161	|4396	|3214	|2296	|3534	|3304	|2446	|3533	|16742	|2780	|2474	|2752	|2381	|2666	|2829	|3027	|2665	|2776	|2881	|2743	|2639	|
________________________________________________________
61	|685	|0	|313	|550	|467	|321	|396	|586	|384	|507	|421	|607	|390	|459	|469	|455	|3630	|2811	|2547	|3232	|2755	|2042	|2628	|2746	|2854	|1828	|2272	|2695	|2431	|1799	|2876	|2762	|2735	|0	|3582	|3124	|3182	|3122	|3849	|1879	|2855	|2697	|2743	|2680	|2708	|1849	|2297	|2718	|2078	|2184	|2730	|2667	|3752	|2648	|2213	|3048	|2777	|1916	|2701	|2780	|16549	|2785	|3105	|2621	|3100	|3142	|3532	|3040	|2847	|2788	|2704	|2764	|
________________________________________________________
62	|550	|459	|1684	|446	|438	|568	|373	|441	|331	|473	|391	|515	|414	|385	|428	|431	|3265	|2511	|0	|2922	|2545	|1808	|2517	|2568	|2577	|1675	|2030	|2465	|2207	|1728	|2523	|2493	|0	|2255	|3213	|2935	|2850	|2841	|2218	|3132	|2617	|2350	|2603	|2538	|2600	|1684	|1751	|2580	|1996	|1493	|2618	|2549	|3459	|2466	|2063	|2777	|2508	|1826	|2465	|2474	|2785	|15070	|2909	|2451	|2807	|2891	|1914	|2830	|2617	|2526	|2519	|2410	|
________________________________________________________
63	|515	|787	|306	|2776	|626	|424	|362	|613	|374	|0	|422	|657	|423	|368	|598	|554	|3562	|2795	|0	|3339	|2883	|2034	|2659	|2730	|2801	|1782	|2465	|2774	|2545	|1871	|2774	|2805	|3460	|3281	|2994	|0	|2964	|3121	|2958	|2449	|3621	|2318	|2711	|2764	|2764	|1874	|1824	|2776	|2193	|1944	|2862	|2718	|3876	|2715	|2470	|2952	|2921	|2214	|2753	|2752	|3105	|2909	|16554	|2599	|3032	|3122	|3034	|2672	|3233	|3287	|2805	|2713	|
________________________________________________________
64	|0	|656	|318	|457	|368	|460	|258	|275	|305	|348	|2299	|507	|333	|538	|519	|380	|3137	|2317	|2134	|2962	|2465	|1972	|2346	|2303	|2402	|1553	|0	|2285	|1961	|1568	|2362	|2393	|2886	|2660	|0	|2109	|2654	|2656	|2538	|2097	|2000	|3221	|2398	|2311	|2326	|1586	|2018	|2398	|1753	|1637	|2372	|2264	|3237	|2299	|1658	|2757	|2397	|1543	|2329	|2381	|2621	|2451	|2599	|14156	|2751	|2766	|2526	|2287	|1585	|2858	|2305	|2351	|
________________________________________________________
65	|565	|691	|310	|522	|455	|446	|346	|457	|280	|624	|417	|3333	|539	|446	|483	|556	|3586	|2634	|2245	|3367	|2792	|2077	|2739	|2704	|2803	|1790	|0	|2750	|2383	|1747	|2726	|2717	|3524	|3164	|3485	|3327	|2436	|0	|2888	|2426	|2833	|2801	|3552	|2356	|2734	|1840	|2065	|2769	|2110	|1844	|2740	|2768	|3788	|2767	|1989	|3333	|2739	|1962	|2699	|2666	|3100	|2807	|3032	|2751	|16509	|3059	|3047	|2628	|2688	|2801	|3201	|3041	|
________________________________________________________
66	|578	|730	|315	|551	|477	|487	|363	|484	|0	|604	|482	|627	|321	|581	|504	|335	|3628	|2734	|2359	|3434	|2834	|2103	|2750	|2739	|2848	|1846	|2564	|2761	|2473	|2106	|2903	|2825	|3470	|3221	|3544	|3331	|0	|2451	|3036	|2514	|2900	|2863	|2300	|3751	|2871	|1894	|2116	|2802	|2175	|2046	|2778	|2818	|3774	|2771	|2332	|3122	|2870	|1920	|2771	|2829	|3142	|2891	|3122	|2766	|3059	|16821	|3100	|2662	|2785	|2782	|1990	|3217	|
________________________________________________________
67	|647	|591	|213	|510	|625	|0	|431	|672	|362	|513	|393	|631	|535	|556	|638	|644	|4001	|3091	|2444	|3696	|3102	|2790	|2860	|3005	|3146	|2009	|2180	|3045	|2759	|2236	|3038	|3113	|4285	|2799	|3564	|3108	|2990	|2980	|3100	|0	|3443	|3429	|3439	|3421	|3137	|2043	|2087	|3087	|2360	|2624	|3022	|2931	|4344	|3102	|2311	|3514	|3168	|2433	|3049	|3027	|3532	|1914	|3034	|2526	|3047	|3100	|18405	|3298	|3613	|3569	|3505	|3435	|
________________________________________________________
68	|518	|792	|306	|460	|534	|334	|2137	|478	|286	|430	|365	|564	|466	|498	|535	|538	|3510	|2672	|1959	|3212	|2734	|0	|2618	|2665	|2736	|1770	|1981	|2579	|2395	|1921	|2638	|2616	|2490	|3580	|3112	|2697	|2575	|2645	|0	|1979	|3073	|2962	|2910	|3046	|2701	|1721	|1789	|2631	|2137	|1945	|2658	|2615	|3688	|2607	|1968	|2961	|2687	|2161	|2691	|2665	|3040	|2830	|2672	|2287	|2628	|2662	|3298	|15956	|3129	|3150	|3069	|2930	|
________________________________________________________
69	|735	|629	|248	|535	|445	|549	|375	|3018	|345	|411	|283	|557	|519	|0	|587	|623	|3665	|2914	|2059	|3405	|2877	|0	|2753	|2616	|2894	|1775	|2238	|2838	|2589	|2171	|2863	|2820	|3121	|2886	|4079	|2430	|2736	|2661	|3496	|2944	|2502	|0	|3019	|3145	|2885	|1924	|1670	|2686	|2284	|1982	|3018	|2778	|3913	|2890	|2037	|3097	|2979	|2455	|2807	|2776	|2847	|2617	|3233	|1585	|2688	|2785	|3613	|3129	|16898	|3316	|3153	|3188	|
________________________________________________________
70	|495	|609	|314	|560	|0	|528	|450	|576	|332	|635	|456	|576	|514	|380	|3058	|492	|3800	|2824	|2030	|3469	|2877	|2594	|2748	|2800	|2899	|1837	|2043	|2767	|2535	|0	|2848	|2845	|3113	|2765	|2877	|3802	|2799	|2772	|3466	|2797	|0	|2362	|3214	|3228	|2823	|1860	|2143	|2869	|2221	|2465	|2760	|2747	|3890	|2756	|2027	|3161	|3058	|2025	|2711	|2881	|2788	|2526	|3287	|2858	|2801	|2782	|3569	|3150	|3316	|17013	|3355	|3209	|
________________________________________________________
71	|530	|602	|283	|473	|543	|499	|405	|535	|404	|429	|334	|677	|330	|524	|576	|3000	|3722	|2714	|2016	|3253	|2829	|2272	|2791	|2748	|2886	|1775	|1949	|2624	|2381	|0	|2704	|2711	|3145	|2802	|3221	|2853	|3573	|2336	|3316	|2867	|3348	|3109	|2336	|0	|2776	|1844	|1946	|2783	|2187	|2212	|2735	|2662	|3889	|2835	|1797	|3197	|2966	|2028	|3000	|2743	|2704	|2519	|2805	|2305	|3201	|1990	|3505	|3069	|3153	|3355	|16669	|3151	|
________________________________________________________
72	|504	|602	|264	|430	|542	|475	|413	|541	|243	|480	|416	|618	|0	|570	|590	|540	|3627	|2729	|2035	|3299	|2874	|2251	|2667	|2693	|2840	|1700	|1959	|2793	|2503	|2173	|2791	|2689	|3113	|2735	|3059	|2799	|2218	|3456	|3329	|2821	|3167	|3151	|0	|2353	|2719	|1805	|1899	|2711	|2149	|2271	|2732	|2718	|3845	|2758	|2155	|3099	|2761	|2421	|2676	|2639	|2764	|2410	|2713	|2351	|3041	|3217	|3435	|2930	|3188	|3209	|3151	|16497	|
________________________________________________________
