0	|1	|2	|3	|4	|5	|6	|7	|8	|9	|10	|11	|12	|13	|14	|15	|16	|17	|18	|19	|20	|21	|22	|23	|24	|25	|26	|27	|28	|29	|30	|31	|32	|33	|34	|35	|36	|37	|38	|39	|40	|41	|42	|43	|44	|45	|46	|47	|48	|49	|50	|51	|52	|53	|54	|55	|56	|57	|58	|59	|60	|61	|62	|63	|64	|65	|66	|67	|68	|69	|70	|71	|72	|
1	|3237	|118	|47	|117	|126	|90	|104	|136	|84	|107	|0	|135	|74	|62	|82	|94	|771	|3237	|414	|684	|704	|436	|581	|596	|644	|467	|460	|518	|519	|347	|561	|552	|701	|599	|3237	|608	|562	|626	|619	|420	|618	|361	|502	|556	|0	|317	|0	|636	|514	|438	|622	|616	|626	|617	|518	|590	|578	|441	|530	|558	|622	|555	|536	|0	|625	|579	|634	|546	|713	|488	|542	|503	|
________________________________________________________
2	|118	|3588	|64	|105	|119	|141	|0	|156	|67	|140	|94	|169	|75	|98	|105	|111	|946	|581	|438	|3588	|702	|478	|670	|669	|665	|333	|468	|660	|416	|428	|587	|608	|731	|3588	|728	|772	|666	|690	|708	|589	|587	|569	|618	|612	|764	|430	|0	|512	|0	|506	|669	|677	|850	|604	|475	|771	|546	|435	|647	|602	|0	|496	|709	|639	|686	|657	|578	|778	|662	|614	|561	|587	|
________________________________________________________
3	|47	|64	|1691	|45	|59	|71	|47	|38	|53	|56	|63	|67	|47	|56	|82	|58	|0	|201	|0	|443	|345	|219	|307	|327	|227	|258	|222	|288	|261	|182	|309	|263	|0	|261	|394	|350	|318	|279	|221	|334	|300	|313	|288	|269	|368	|1691	|200	|293	|274	|207	|326	|299	|323	|352	|230	|296	|363	|203	|304	|299	|322	|1691	|267	|310	|333	|315	|212	|322	|252	|352	|278	|282	|
________________________________________________________
4	|117	|105	|45	|2774	|0	|89	|73	|95	|62	|0	|81	|122	|63	|79	|114	|109	|800	|584	|0	|452	|0	|390	|488	|507	|461	|279	|420	|590	|342	|325	|463	|485	|645	|555	|509	|0	|478	|513	|463	|407	|590	|396	|506	|458	|564	|315	|316	|2774	|440	|410	|507	|555	|658	|457	|427	|528	|576	|441	|422	|452	|545	|448	|2774	|454	|523	|501	|513	|463	|549	|524	|422	|491	|
________________________________________________________
5	|126	|119	|59	|0	|2921	|86	|71	|109	|82	|117	|59	|75	|111	|97	|0	|99	|726	|529	|436	|708	|2921	|324	|500	|581	|493	|298	|518	|583	|464	|400	|490	|486	|500	|459	|581	|574	|445	|435	|626	|451	|2921	|530	|547	|549	|550	|402	|424	|0	|304	|0	|614	|573	|689	|490	|367	|490	|633	|443	|507	|518	|471	|434	|628	|334	|433	|473	|628	|575	|449	|0	|572	|543	|
________________________________________________________
6	|90	|141	|71	|89	|86	|2747	|61	|77	|60	|99	|70	|100	|48	|106	|100	|107	|708	|506	|330	|632	|486	|341	|2747	|543	|437	|286	|348	|480	|338	|333	|541	|322	|345	|561	|501	|498	|489	|470	|520	|2747	|476	|555	|521	|534	|523	|366	|342	|531	|412	|0	|357	|0	|634	|501	|343	|551	|500	|403	|586	|426	|362	|569	|461	|424	|426	|458	|0	|352	|571	|531	|511	|524	|
________________________________________________________
7	|104	|0	|47	|73	|71	|61	|2196	|59	|40	|42	|55	|55	|79	|81	|76	|69	|564	|428	|358	|0	|317	|0	|448	|439	|383	|249	|307	|257	|424	|274	|355	|406	|332	|503	|435	|387	|335	|372	|0	|281	|459	|411	|415	|416	|404	|283	|314	|437	|2196	|259	|351	|445	|495	|373	|284	|299	|430	|303	|314	|387	|468	|387	|355	|322	|368	|372	|455	|2196	|395	|446	|423	|408	|
________________________________________________________
8	|136	|156	|38	|95	|109	|77	|59	|2932	|71	|85	|48	|98	|81	|0	|95	|120	|756	|534	|439	|743	|623	|0	|382	|0	|509	|319	|388	|548	|400	|390	|598	|418	|636	|516	|683	|430	|498	|449	|623	|487	|466	|0	|557	|546	|587	|371	|366	|576	|391	|372	|2932	|596	|634	|504	|328	|517	|460	|463	|587	|556	|564	|374	|563	|258	|487	|472	|658	|481	|2932	|540	|515	|518	|
________________________________________________________
9	|84	|67	|53	|62	|82	|60	|40	|71	|1885	|39	|37	|72	|55	|54	|63	|84	|298	|401	|235	|360	|370	|209	|326	|289	|436	|1885	|246	|330	|344	|214	|376	|352	|374	|376	|417	|295	|1885	|334	|334	|284	|348	|303	|343	|212	|222	|309	|220	|309	|277	|221	|358	|315	|0	|210	|0	|430	|375	|254	|367	|372	|371	|318	|386	|329	|260	|0	|284	|292	|349	|291	|455	|267	|
________________________________________________________
10	|107	|140	|56	|0	|117	|99	|42	|85	|39	|2884	|63	|87	|82	|108	|0	|103	|644	|478	|436	|619	|585	|478	|449	|488	|521	|288	|357	|2884	|519	|399	|542	|533	|549	|523	|639	|2884	|456	|605	|516	|392	|603	|516	|454	|528	|484	|328	|398	|593	|302	|312	|475	|467	|798	|619	|0	|442	|0	|406	|533	|539	|535	|495	|0	|329	|563	|592	|510	|478	|437	|619	|466	|492	|
________________________________________________________
11	|0	|94	|63	|81	|59	|70	|55	|48	|37	|63	|2327	|82	|68	|97	|89	|63	|455	|455	|354	|458	|383	|314	|397	|391	|0	|173	|0	|429	|381	|298	|423	|420	|503	|438	|0	|391	|461	|470	|423	|342	|338	|494	|414	|436	|457	|334	|301	|398	|339	|261	|409	|368	|545	|2327	|255	|427	|471	|332	|448	|430	|458	|404	|449	|2327	|404	|499	|428	|382	|242	|438	|335	|442	|
________________________________________________________
12	|135	|169	|67	|122	|75	|100	|55	|98	|72	|87	|82	|3362	|0	|86	|122	|122	|809	|550	|473	|802	|512	|413	|558	|534	|702	|402	|0	|438	|0	|446	|633	|583	|666	|662	|772	|693	|500	|0	|623	|472	|590	|509	|695	|459	|630	|352	|398	|666	|349	|373	|586	|547	|852	|595	|423	|3362	|683	|475	|662	|633	|643	|619	|640	|499	|3362	|607	|624	|548	|594	|559	|625	|647	|
________________________________________________________
13	|74	|75	|47	|63	|111	|48	|79	|81	|55	|82	|68	|0	|2483	|61	|59	|72	|530	|393	|276	|402	|500	|317	|368	|437	|472	|289	|355	|521	|2483	|267	|409	|503	|437	|444	|484	|407	|455	|467	|477	|419	|526	|375	|2483	|479	|424	|320	|277	|319	|484	|344	|406	|467	|623	|452	|362	|0	|288	|0	|463	|544	|363	|364	|453	|339	|536	|332	|496	|465	|520	|517	|361	|0	|
________________________________________________________
14	|62	|98	|56	|79	|97	|106	|81	|0	|54	|108	|97	|86	|61	|2751	|70	|88	|599	|424	|336	|567	|477	|401	|545	|535	|568	|325	|354	|552	|377	|319	|2751	|584	|473	|464	|382	|547	|405	|513	|546	|431	|532	|2751	|463	|613	|518	|313	|361	|497	|379	|392	|582	|376	|689	|498	|359	|620	|518	|0	|361	|0	|436	|423	|408	|524	|392	|529	|591	|507	|0	|381	|501	|569	|
________________________________________________________
15	|82	|105	|82	|114	|0	|100	|76	|95	|63	|0	|89	|122	|59	|70	|2968	|86	|625	|469	|336	|511	|624	|479	|515	|480	|560	|332	|437	|0	|265	|0	|571	|591	|526	|502	|506	|664	|433	|442	|577	|482	|0	|384	|578	|613	|494	|325	|497	|581	|457	|421	|477	|476	|744	|556	|414	|664	|2968	|358	|498	|630	|462	|426	|563	|472	|482	|495	|618	|512	|604	|2968	|474	|616	|
________________________________________________________
16	|94	|111	|58	|109	|99	|107	|69	|120	|84	|103	|63	|122	|72	|88	|86	|2977	|650	|454	|377	|621	|516	|401	|611	|435	|561	|329	|408	|581	|529	|0	|374	|0	|539	|494	|624	|531	|634	|410	|601	|493	|586	|551	|415	|0	|498	|335	|346	|540	|353	|373	|554	|340	|767	|604	|394	|621	|563	|375	|2977	|569	|505	|476	|512	|375	|552	|329	|588	|526	|658	|546	|2977	|568	|
________________________________________________________
17	|771	|946	|0	|800	|726	|708	|564	|756	|298	|644	|455	|809	|530	|599	|625	|650	|21781	|3974	|3005	|5050	|4229	|2979	|4131	|4091	|4024	|1727	|2591	|3694	|3147	|2476	|3664	|3690	|3949	|3696	|4113	|3750	|3532	|3513	|3766	|3253	|3744	|3456	|3646	|3636	|3192	|0	|3027	|4115	|3181	|2755	|4112	|4069	|5507	|3289	|2841	|4044	|3732	|2569	|3681	|3606	|3627	|3306	|3688	|3028	|3669	|3636	|4027	|3483	|3726	|3595	|3551	|3718	|
________________________________________________________
18	|3237	|581	|201	|584	|529	|506	|428	|534	|401	|478	|455	|550	|393	|424	|469	|454	|3974	|16460	|2005	|3834	|3309	|2277	|3142	|3126	|3249	|2376	|1953	|2783	|2353	|1753	|2778	|2747	|3043	|2771	|3237	|2781	|2600	|2697	|2899	|2415	|2804	|2609	|2717	|2760	|0	|1497	|0	|3095	|2416	|2077	|3136	|3113	|3180	|3322	|2007	|3063	|2815	|2006	|2725	|2760	|2734	|2514	|2874	|2309	|2776	|2694	|2920	|2683	|2786	|2779	|2633	|2705	|
________________________________________________________
19	|414	|438	|0	|0	|436	|330	|358	|439	|235	|436	|354	|473	|276	|336	|336	|377	|3005	|2005	|12200	|2555	|2510	|1757	|2266	|2281	|2214	|1115	|1691	|1963	|1727	|1295	|2037	|2025	|2743	|2071	|2372	|2614	|2253	|2135	|2401	|1518	|2052	|1946	|1981	|2049	|2369	|0	|1215	|0	|1984	|1611	|2246	|2246	|2880	|2084	|1620	|2236	|1980	|1518	|2102	|2100	|2493	|0	|0	|2123	|2259	|2308	|2508	|2005	|2080	|2036	|2058	|2020	|
________________________________________________________
20	|684	|3588	|443	|452	|708	|632	|0	|743	|360	|619	|458	|802	|402	|567	|511	|621	|5050	|3834	|2555	|20128	|4011	|2762	|3838	|3733	|3366	|2186	|2180	|3802	|2287	|2232	|3337	|3311	|3663	|3588	|3841	|3441	|3324	|3314	|3497	|2869	|3437	|3254	|3369	|3342	|3925	|2574	|0	|2869	|0	|2762	|3737	|3765	|4481	|3346	|2445	|4300	|2903	|2617	|3395	|3387	|3363	|3030	|3340	|2991	|3427	|3364	|3706	|3263	|3469	|3391	|3400	|3363	|
________________________________________________________
21	|704	|702	|345	|0	|2921	|486	|317	|623	|370	|585	|383	|512	|500	|477	|624	|516	|4229	|3309	|2510	|4011	|17163	|2087	|3239	|3200	|2857	|1862	|2293	|3361	|2919	|1959	|2938	|2841	|3111	|2780	|3239	|2922	|2717	|2682	|3083	|2510	|2921	|2732	|2828	|2882	|3225	|2218	|2324	|0	|1781	|0	|3326	|3186	|3896	|2864	|2082	|2717	|3615	|2107	|2929	|2948	|2778	|2552	|2886	|2386	|2801	|2889	|3117	|2774	|2941	|2852	|2808	|2846	|
________________________________________________________
22	|436	|478	|219	|390	|324	|341	|0	|0	|209	|478	|314	|413	|317	|401	|479	|401	|2979	|2277	|1757	|2762	|2087	|12162	|2158	|2478	|1999	|1266	|1455	|2171	|1563	|1589	|2034	|1988	|2171	|2001	|2103	|2269	|1967	|1945	|2627	|1819	|2055	|2399	|2350	|2244	|2330	|1503	|1574	|2387	|0	|1169	|0	|2480	|2810	|2045	|1485	|2413	|2075	|1617	|2041	|2092	|1976	|1818	|1986	|1894	|2022	|2051	|2743	|0	|0	|2516	|2219	|2220	|
________________________________________________________
23	|581	|670	|307	|488	|500	|2747	|448	|382	|326	|449	|397	|558	|368	|545	|515	|611	|4131	|3142	|2266	|3838	|3239	|2158	|16517	|3255	|2691	|1795	|1964	|2739	|2361	|1639	|3230	|1940	|3104	|2726	|3188	|2828	|2684	|2707	|2844	|2747	|2874	|2705	|2923	|2864	|3141	|2142	|1975	|3060	|2463	|0	|2150	|0	|3729	|2788	|2026	|3071	|2846	|2090	|3496	|2368	|2744	|2564	|2816	|2348	|2713	|2790	|2922	|2670	|2830	|2835	|2803	|2843	|
________________________________________________________
24	|596	|669	|327	|507	|581	|543	|439	|0	|289	|488	|391	|534	|437	|535	|480	|435	|4091	|3126	|2281	|3733	|3200	|2478	|3255	|16481	|2750	|1780	|2005	|2739	|2383	|2059	|3173	|3043	|3017	|2746	|3168	|2919	|2670	|2710	|2917	|2400	|2797	|2589	|2776	|2744	|3173	|2044	|2005	|3055	|2469	|2256	|0	|1350	|3669	|2796	|1964	|3009	|2760	|2011	|2407	|3512	|2734	|2541	|2718	|2311	|2704	|2768	|2853	|2654	|2726	|2714	|2606	|2778	|
________________________________________________________
25	|644	|665	|227	|461	|493	|437	|383	|509	|436	|521	|0	|702	|472	|568	|560	|561	|4024	|3249	|2214	|3366	|2857	|1999	|2691	|2750	|16596	|2468	|2353	|3123	|2710	|2049	|3220	|3136	|3052	|2895	|3193	|2811	|2654	|2633	|2941	|2364	|2818	|2705	|2755	|2760	|3374	|1463	|1791	|2685	|2220	|1912	|2743	|2748	|3187	|0	|2420	|3571	|3197	|2321	|3193	|3204	|2742	|2522	|2820	|2409	|2727	|2728	|2993	|2715	|2884	|2846	|2777	|2742	|
________________________________________________________
26	|467	|333	|258	|279	|298	|286	|249	|319	|1885	|288	|173	|402	|289	|325	|332	|329	|1727	|2376	|1115	|2186	|1862	|1266	|1795	|1780	|2468	|10709	|1272	|2031	|1789	|1331	|2068	|2063	|1952	|1903	|2031	|1801	|1885	|1742	|1911	|1546	|1807	|1686	|1795	|1837	|1232	|1769	|1156	|1738	|1399	|1254	|1786	|1773	|0	|1191	|0	|2302	|2012	|1505	|2001	|2033	|1746	|1609	|1833	|1576	|1752	|1740	|1871	|1729	|1792	|1786	|1812	|1776	|
________________________________________________________
27	|460	|468	|222	|420	|518	|348	|307	|388	|246	|357	|0	|0	|355	|354	|437	|408	|2591	|1953	|1691	|2180	|2293	|1455	|1964	|2005	|2353	|1272	|11934	|2059	|2148	|1619	|2218	|2195	|2470	|2368	|2685	|2059	|1989	|2452	|2071	|1788	|2300	|1756	|2086	|2031	|1972	|1368	|1551	|1995	|1792	|1315	|1997	|1978	|3418	|0	|1231	|0	|2411	|1585	|2189	|2212	|2154	|2012	|2397	|0	|0	|2501	|2154	|1991	|2254	|2008	|1936	|1965	|
________________________________________________________
28	|518	|660	|288	|590	|583	|480	|257	|548	|330	|2884	|429	|438	|521	|552	|0	|581	|3694	|2783	|1963	|3802	|3361	|2171	|2739	|2739	|3123	|2031	|2059	|16750	|3044	|2326	|3200	|3151	|3126	|2811	|3244	|2884	|2813	|2682	|3016	|2445	|2975	|2679	|2762	|2838	|2782	|1967	|1932	|3424	|1705	|1955	|2840	|2705	|4294	|3163	|0	|2488	|0	|2451	|3146	|3164	|2757	|2542	|2822	|2336	|2707	|2722	|3080	|2613	|2917	|2782	|2648	|2844	|
________________________________________________________
29	|519	|416	|261	|342	|464	|338	|424	|400	|344	|519	|381	|0	|2483	|377	|265	|529	|3147	|2353	|1727	|2287	|2919	|1563	|2361	|2383	|2710	|1789	|2148	|3044	|14511	|1616	|2752	|2756	|2590	|2457	|2928	|2544	|2293	|2326	|2504	|2123	|2448	|2270	|2483	|2505	|2401	|1644	|1784	|1873	|2554	|1722	|2405	|2368	|3681	|2698	|2067	|0	|1712	|0	|2791	|2809	|2355	|2092	|2602	|1913	|2342	|2379	|2659	|2324	|2458	|2426	|2298	|2473	|
________________________________________________________
30	|347	|428	|182	|325	|400	|333	|274	|390	|214	|399	|298	|446	|267	|319	|0	|0	|2476	|1753	|1295	|2232	|1959	|1589	|1639	|2059	|2049	|1331	|1619	|2326	|1616	|11175	|2016	|2203	|2162	|1896	|2108	|1844	|1671	|2131	|2198	|1809	|2321	|1787	|1936	|2210	|1910	|1292	|1307	|1882	|1449	|1468	|1792	|2031	|2882	|2133	|1553	|2409	|0	|1157	|0	|2233	|1837	|1661	|1883	|1566	|1759	|2083	|2329	|1985	|2285	|0	|0	|2224	|
________________________________________________________
31	|561	|587	|309	|463	|490	|541	|355	|598	|376	|542	|423	|633	|409	|2751	|571	|374	|3664	|2778	|2037	|3337	|2938	|2034	|3230	|3173	|3220	|2068	|2218	|3200	|2752	|2016	|16732	|3433	|3032	|2819	|3227	|2917	|2817	|2673	|2940	|2404	|2868	|2751	|2884	|2799	|2880	|1892	|1805	|2776	|2213	|1896	|3564	|2372	|4194	|3150	|2186	|3500	|3182	|0	|2107	|0	|2775	|2574	|2834	|2368	|2722	|2741	|3056	|2732	|2815	|2772	|2684	|2783	|
________________________________________________________
32	|552	|608	|263	|485	|486	|322	|406	|418	|352	|533	|420	|583	|503	|584	|591	|0	|3690	|2747	|2025	|3311	|2841	|1988	|1940	|3043	|3136	|2063	|2195	|3151	|2756	|2203	|3433	|16554	|3076	|2782	|3184	|2778	|2800	|2784	|2891	|2373	|2902	|2623	|2708	|2674	|2789	|1874	|1831	|2794	|2155	|2088	|2378	|3523	|4300	|3159	|2224	|3458	|3240	|2430	|0	|1434	|2776	|2470	|2794	|2248	|2551	|2618	|2951	|2637	|2768	|2774	|2711	|2734	|
________________________________________________________
33	|701	|731	|0	|645	|500	|345	|332	|636	|374	|549	|503	|666	|437	|473	|526	|539	|3949	|3043	|2743	|3663	|3111	|2171	|3104	|3017	|3052	|1952	|2470	|3126	|2590	|2162	|3032	|3076	|18326	|3386	|4067	|3508	|3319	|3490	|3691	|1865	|3117	|2875	|3092	|3102	|3122	|2126	|2512	|3014	|2342	|2357	|3071	|3050	|4262	|3007	|2408	|3340	|3079	|2247	|3097	|3041	|2798	|0	|3573	|3007	|3447	|3435	|4230	|2545	|3150	|3035	|2993	|3039	|
________________________________________________________
34	|599	|3588	|261	|555	|459	|561	|503	|516	|376	|523	|438	|662	|444	|464	|502	|494	|3696	|2771	|2071	|3588	|2780	|2001	|2726	|2746	|2895	|1903	|2368	|2811	|2457	|1896	|2819	|2782	|3386	|16957	|3745	|3271	|3187	|3184	|3362	|2878	|2958	|2657	|2875	|2860	|2812	|1926	|0	|2851	|2200	|1903	|2823	|2780	|3815	|2799	|2269	|3135	|2850	|2099	|2939	|2857	|0	|2331	|3232	|2713	|3180	|3200	|2732	|3715	|3000	|2854	|2720	|2787	|
________________________________________________________
35	|3237	|728	|394	|509	|581	|501	|435	|683	|417	|639	|0	|772	|484	|382	|506	|624	|4113	|3237	|2372	|3841	|3239	|2103	|3188	|3168	|3193	|2031	|2685	|3244	|2928	|2108	|3227	|3184	|4067	|3745	|19251	|3614	|3526	|3558	|3374	|2869	|3680	|2211	|3150	|3230	|3221	|2254	|0	|3182	|2580	|2253	|3183	|3271	|4435	|3265	|2884	|3480	|3298	|2625	|3272	|3212	|3665	|3288	|2943	|0	|3589	|3604	|3492	|3067	|4110	|2881	|3184	|3160	|
________________________________________________________
36	|608	|772	|350	|0	|574	|498	|387	|430	|295	|2884	|391	|693	|407	|547	|664	|531	|3750	|2781	|2614	|3441	|2922	|2269	|2828	|2919	|2811	|1801	|2059	|2884	|2544	|1844	|2917	|2778	|3508	|3271	|3614	|17237	|3230	|3343	|3063	|2495	|3359	|3206	|2903	|2969	|2889	|1972	|2425	|2863	|2246	|1972	|2871	|2879	|3984	|2989	|0	|3258	|2908	|2058	|2904	|2870	|3318	|2870	|0	|2175	|3302	|3339	|3107	|2834	|2497	|3750	|2861	|2889	|
________________________________________________________
37	|562	|666	|318	|478	|445	|489	|335	|498	|1885	|456	|461	|500	|455	|405	|433	|634	|3532	|2600	|2253	|3324	|2717	|1967	|2684	|2670	|2654	|1885	|1989	|2813	|2293	|1671	|2817	|2800	|3319	|3187	|3526	|3230	|16408	|2948	|2959	|2481	|2695	|2716	|3146	|1971	|2765	|1894	|2000	|2726	|2118	|1855	|2754	|2691	|3560	|2745	|0	|3038	|2701	|1915	|2805	|2776	|3176	|2791	|3042	|2613	|2483	|0	|2882	|2636	|2775	|2696	|3491	|2342	|
________________________________________________________
38	|626	|690	|279	|513	|435	|470	|372	|449	|334	|605	|470	|0	|467	|513	|442	|410	|3513	|2697	|2135	|3314	|2682	|1945	|2707	|2710	|2633	|1742	|2452	|2682	|2326	|2131	|2673	|2784	|3490	|3184	|3558	|3343	|2948	|16317	|2889	|2453	|2667	|2706	|3074	|3182	|2727	|1957	|2023	|2773	|2096	|1959	|2690	|2724	|3593	|2661	|2327	|2920	|2717	|1946	|2714	|2647	|3127	|2773	|2974	|2646	|0	|2445	|2941	|2665	|2662	|2733	|2245	|3619	|
________________________________________________________
39	|619	|708	|221	|463	|626	|520	|0	|623	|334	|516	|423	|623	|477	|546	|577	|601	|3766	|2899	|2401	|3497	|3083	|2627	|2844	|2917	|2941	|1911	|2071	|3016	|2504	|2198	|2940	|2891	|3691	|3362	|3374	|3063	|2959	|2889	|17613	|2800	|3338	|3208	|3349	|3248	|2949	|2012	|1981	|2922	|2291	|2413	|2897	|2817	|4015	|2965	|2123	|3307	|2940	|2409	|2990	|2934	|3904	|2197	|2987	|2534	|2930	|2900	|3067	|0	|3376	|3199	|3304	|3386	|
________________________________________________________
40	|420	|589	|334	|407	|451	|2747	|281	|487	|284	|392	|342	|472	|419	|431	|482	|493	|3253	|2415	|1518	|2869	|2510	|1819	|2747	|2400	|2364	|1546	|1788	|2445	|2123	|1809	|2404	|2373	|1865	|2878	|2869	|2495	|2481	|2453	|2800	|14745	|2829	|2662	|2827	|2759	|2503	|1707	|1645	|2485	|1946	|0	|2476	|2368	|3374	|2498	|1790	|2715	|2507	|2017	|2518	|2431	|1967	|3091	|2386	|2064	|2359	|2478	|0	|2043	|2936	|2775	|2760	|2861	|
________________________________________________________
41	|618	|587	|300	|590	|2921	|476	|459	|466	|348	|603	|338	|590	|526	|532	|0	|586	|3744	|2804	|2052	|3437	|2921	|2055	|2874	|2797	|2818	|1807	|2300	|2975	|2448	|2321	|2868	|2902	|3117	|2958	|3680	|3359	|2695	|2667	|3338	|2829	|17073	|3077	|3198	|3271	|2893	|1961	|1958	|2863	|2197	|0	|2888	|2816	|3922	|2865	|2099	|3169	|2883	|2546	|2826	|2829	|2865	|2643	|3671	|1991	|2763	|2815	|3488	|3216	|2502	|0	|3167	|3304	|
________________________________________________________
42	|361	|569	|313	|396	|530	|555	|411	|0	|303	|516	|494	|509	|375	|2751	|384	|551	|3456	|2609	|1946	|3254	|2732	|2399	|2705	|2589	|2705	|1686	|1756	|2679	|2270	|1787	|2751	|2623	|2875	|2657	|2211	|3206	|2716	|2706	|3208	|2662	|3077	|15998	|3070	|3087	|2656	|1805	|2051	|2688	|2157	|2251	|2648	|2628	|3658	|2642	|1868	|3006	|2610	|0	|2723	|2649	|2659	|2409	|2261	|3052	|2613	|2676	|3324	|2843	|0	|2268	|2954	|3039	|
________________________________________________________
43	|502	|618	|288	|506	|547	|521	|415	|557	|343	|454	|414	|695	|2483	|463	|578	|415	|3646	|2717	|1981	|3369	|2828	|2350	|2923	|2776	|2755	|1795	|2086	|2762	|2483	|1936	|2884	|2708	|3092	|2875	|3150	|2903	|3146	|3074	|3349	|2827	|3198	|3070	|16778	|3164	|2807	|1966	|1917	|2914	|2231	|2207	|2777	|2821	|3792	|2783	|2026	|3005	|2877	|0	|2741	|2791	|2793	|2581	|2851	|2432	|3564	|2385	|3428	|2990	|3228	|3257	|2347	|0	|
________________________________________________________
44	|556	|612	|269	|458	|549	|534	|416	|546	|212	|528	|436	|459	|479	|613	|613	|0	|3636	|2760	|2049	|3342	|2882	|2244	|2864	|2744	|2760	|1837	|2031	|2838	|2505	|2210	|2799	|2674	|3102	|2860	|3230	|2969	|1971	|3182	|3248	|2759	|3271	|3087	|3164	|16656	|2768	|1941	|1854	|2724	|2203	|2131	|2715	|2738	|3710	|2748	|2187	|3016	|2784	|2501	|2685	|2741	|2787	|2532	|2730	|2366	|2275	|3674	|3458	|3113	|3239	|3195	|0	|2420	|
________________________________________________________
45	|0	|764	|368	|564	|550	|523	|404	|587	|222	|484	|457	|630	|424	|518	|494	|498	|3192	|0	|2369	|3925	|3225	|2330	|3141	|3173	|3374	|1232	|1972	|2782	|2401	|1910	|2880	|2789	|3122	|2812	|3221	|2889	|2765	|2727	|2949	|2503	|2893	|2656	|2807	|2768	|16801	|2274	|2305	|3254	|2476	|2217	|3168	|3135	|4433	|3393	|2237	|3217	|2816	|2093	|2784	|2726	|2820	|2497	|2802	|2346	|2772	|2760	|3038	|2684	|2935	|2787	|2776	|2833	|
________________________________________________________
46	|317	|430	|1691	|315	|402	|366	|283	|371	|309	|328	|334	|352	|320	|313	|325	|335	|0	|1497	|0	|2574	|2218	|1503	|2142	|2044	|1463	|1769	|1368	|1967	|1644	|1292	|1892	|1874	|2126	|1926	|2254	|1972	|1894	|1957	|2012	|1707	|1961	|1805	|1966	|1941	|2274	|11341	|1284	|2201	|1730	|1448	|2189	|2132	|2051	|2294	|1207	|2061	|1893	|1435	|1892	|1833	|1887	|1691	|1876	|1625	|1910	|1921	|2047	|1851	|1967	|1897	|1881	|1915	|
________________________________________________________
47	|0	|0	|200	|316	|424	|342	|314	|366	|220	|398	|301	|398	|277	|361	|497	|346	|3027	|0	|1215	|0	|2324	|1574	|1975	|2005	|1791	|1156	|1551	|1932	|1784	|1307	|1805	|1831	|2512	|0	|0	|2425	|2000	|2023	|1981	|1645	|1958	|2051	|1917	|1854	|2305	|1284	|11165	|1958	|1795	|1584	|2099	|2025	|2547	|1854	|1560	|1892	|2088	|1394	|1843	|1814	|2321	|1625	|1868	|1907	|2063	|2003	|2082	|1819	|1615	|2146	|1863	|1910	|
________________________________________________________
48	|636	|512	|293	|2774	|0	|531	|437	|576	|309	|593	|398	|666	|319	|497	|581	|540	|4115	|3095	|0	|2869	|0	|2387	|3060	|3055	|2685	|1738	|1995	|3424	|1873	|1882	|2776	|2794	|3014	|2851	|3182	|2863	|2726	|2773	|2922	|2485	|2863	|2688	|2914	|2724	|3254	|2201	|1958	|16670	|2629	|2421	|3242	|3171	|3816	|2851	|2000	|3529	|3316	|2259	|2784	|2657	|2791	|2547	|2774	|2352	|2747	|2751	|3027	|2722	|2808	|2813	|2744	|2808	|
________________________________________________________
49	|514	|0	|274	|440	|304	|412	|2196	|391	|277	|302	|339	|349	|484	|379	|457	|353	|3181	|2416	|1984	|0	|1781	|0	|2463	|2469	|2220	|1399	|1792	|1705	|2554	|1449	|2213	|2155	|2342	|2200	|2580	|2246	|2118	|2096	|2291	|1946	|2197	|2157	|2231	|2203	|2476	|1730	|1795	|2629	|13123	|1542	|2507	|2502	|3033	|2241	|1622	|1840	|2677	|1526	|2259	|2143	|2161	|1911	|2246	|1865	|2155	|2100	|2408	|2196	|2240	|2251	|2140	|2178	|
________________________________________________________
50	|438	|506	|207	|410	|0	|0	|259	|372	|221	|312	|261	|373	|344	|392	|421	|373	|2755	|2077	|1611	|2762	|0	|1169	|0	|2256	|1912	|1254	|1315	|1955	|1722	|1468	|1896	|2088	|2357	|1903	|2253	|1972	|1855	|1959	|2413	|0	|0	|2251	|2207	|2131	|2217	|1448	|1584	|2421	|1542	|11532	|1996	|2341	|2647	|1975	|1399	|2077	|1915	|1670	|1766	|2039	|2229	|1513	|1965	|1618	|1930	|1896	|2516	|1903	|2020	|2390	|2120	|2166	|
________________________________________________________
51	|622	|669	|326	|507	|614	|357	|351	|2932	|358	|475	|409	|586	|406	|582	|477	|554	|4112	|3136	|2246	|3737	|3326	|0	|2150	|0	|2743	|1786	|1997	|2840	|2405	|1792	|3564	|2378	|3071	|2823	|3183	|2871	|2754	|2690	|2897	|2476	|2888	|2648	|2777	|2715	|3168	|2189	|2099	|3242	|2507	|1996	|16639	|3292	|3770	|2813	|2031	|3126	|2900	|2045	|3222	|3055	|2750	|2590	|2804	|2326	|2807	|2735	|2998	|2699	|2932	|2735	|2633	|2730	|
________________________________________________________
52	|616	|677	|299	|555	|573	|0	|445	|596	|315	|467	|368	|547	|467	|376	|476	|340	|4069	|3113	|2246	|3765	|3186	|2480	|0	|1350	|2748	|1773	|1978	|2705	|2368	|2031	|2372	|3523	|3050	|2780	|3271	|2879	|2691	|2724	|2817	|2368	|2816	|2628	|2821	|2738	|3135	|2132	|2025	|3171	|2502	|2341	|3292	|16626	|3783	|2681	|2004	|3013	|2778	|1970	|1997	|3142	|2746	|2504	|2747	|2354	|2710	|2753	|2907	|2688	|2823	|2789	|2752	|2765	|
________________________________________________________
53	|626	|850	|323	|658	|689	|634	|495	|634	|0	|798	|545	|852	|623	|689	|744	|767	|5507	|3180	|2880	|4481	|3896	|2810	|3729	|3669	|3187	|0	|3418	|4294	|3681	|2882	|4194	|4300	|4262	|3815	|4435	|3984	|3560	|3593	|4015	|3374	|3922	|3658	|3792	|3710	|4433	|2051	|2547	|3816	|3033	|2647	|3770	|3783	|22696	|4275	|3109	|4740	|4432	|3172	|4340	|4280	|3880	|3488	|3854	|3128	|3816	|3755	|4146	|3580	|3857	|3713	|3746	|3733	|
________________________________________________________
54	|617	|604	|352	|457	|490	|501	|373	|504	|210	|619	|2327	|595	|452	|498	|556	|604	|3289	|3322	|2084	|3346	|2864	|2045	|2788	|2796	|0	|1191	|0	|3163	|2698	|2133	|3150	|3159	|3007	|2799	|3265	|2989	|2745	|2661	|2965	|2498	|2865	|2642	|2783	|2748	|3393	|2294	|1854	|2851	|2241	|1975	|2813	|2681	|4275	|16741	|2005	|3564	|3198	|2356	|3164	|3153	|2858	|2539	|2789	|2327	|2783	|2762	|3019	|2740	|2889	|2777	|2753	|2813	|
________________________________________________________
55	|518	|475	|230	|427	|367	|343	|284	|328	|0	|0	|255	|423	|362	|359	|414	|394	|2841	|2007	|1620	|2445	|2082	|1485	|2026	|1964	|2420	|0	|1231	|0	|2067	|1553	|2186	|2224	|2408	|2269	|2884	|0	|0	|2327	|2123	|1790	|2099	|1868	|2026	|2187	|2237	|1207	|1560	|2000	|1622	|1399	|2031	|2004	|3109	|2005	|12087	|2320	|2489	|1854	|2321	|2373	|2159	|1980	|2478	|1668	|2004	|2364	|2179	|1941	|2051	|1949	|1818	|2170	|
________________________________________________________
56	|590	|771	|296	|528	|490	|551	|299	|517	|430	|442	|427	|3362	|0	|620	|664	|621	|4044	|3063	|2236	|4300	|2717	|2413	|3071	|3009	|3571	|2302	|0	|2488	|0	|2409	|3500	|3458	|3340	|3135	|3480	|3258	|3038	|2920	|3307	|2715	|3169	|3006	|3005	|3016	|3217	|2061	|1892	|3529	|1840	|2077	|3126	|3013	|4740	|3564	|2320	|18451	|3776	|2636	|3613	|3473	|3146	|2886	|2804	|2698	|3362	|2896	|3389	|2932	|3192	|3165	|3076	|3086	|
________________________________________________________
57	|578	|546	|363	|576	|633	|500	|430	|460	|375	|0	|471	|683	|288	|518	|2968	|563	|3732	|2815	|1980	|2903	|3615	|2075	|2846	|2760	|3197	|2012	|2411	|0	|1712	|0	|3182	|3240	|3079	|2850	|3298	|2908	|2701	|2717	|2940	|2507	|2883	|2610	|2877	|2784	|2816	|1893	|2088	|3316	|2677	|1915	|2900	|2778	|4432	|3198	|2489	|3776	|16960	|2159	|3270	|3269	|2827	|2508	|2928	|2399	|2709	|2714	|3096	|2768	|2883	|2968	|2863	|2819	|
________________________________________________________
58	|441	|435	|203	|441	|443	|403	|303	|463	|254	|406	|332	|475	|0	|0	|358	|375	|2569	|2006	|1518	|2617	|2107	|1617	|2090	|2011	|2321	|1505	|1585	|2451	|0	|1157	|0	|2430	|2247	|2099	|2625	|2058	|1915	|1946	|2409	|2017	|2546	|0	|0	|2501	|2093	|1435	|1394	|2259	|1526	|1670	|2045	|1970	|3172	|2356	|1854	|2636	|2159	|12299	|2232	|2502	|1972	|1824	|2183	|1514	|2008	|2048	|2470	|2287	|2531	|2035	|2029	|2495	|
________________________________________________________
59	|530	|647	|304	|422	|507	|586	|314	|587	|367	|533	|448	|662	|463	|361	|498	|2977	|3681	|2725	|2102	|3395	|2929	|2041	|3496	|2407	|3193	|2001	|2189	|3146	|2791	|0	|2107	|0	|3097	|2939	|3272	|2904	|2805	|2714	|2990	|2518	|2826	|2723	|2741	|2685	|2784	|1892	|1843	|2784	|2259	|1766	|3222	|1997	|4340	|3164	|2321	|3613	|3270	|2232	|16808	|3579	|2837	|2641	|2742	|2401	|2765	|2814	|3011	|2746	|2910	|2848	|2977	|2699	|
________________________________________________________
60	|558	|602	|299	|452	|518	|426	|387	|556	|372	|539	|430	|633	|544	|0	|630	|569	|3606	|2760	|2100	|3387	|2948	|2092	|2368	|3512	|3204	|2033	|2212	|3164	|2809	|2233	|0	|1434	|3041	|2857	|3212	|2870	|2776	|2647	|2934	|2431	|2829	|2649	|2791	|2741	|2726	|1833	|1814	|2657	|2143	|2039	|3055	|3142	|4280	|3153	|2373	|3473	|3269	|2502	|3579	|16546	|2775	|2510	|2828	|2342	|2705	|2791	|2895	|2622	|2835	|2870	|2600	|2708	|
________________________________________________________
61	|622	|0	|322	|545	|471	|362	|468	|564	|371	|535	|458	|643	|363	|436	|462	|505	|3627	|2734	|2493	|3363	|2778	|1976	|2744	|2734	|2742	|1746	|2154	|2757	|2355	|1837	|2775	|2776	|2798	|0	|3665	|3318	|3176	|3127	|3904	|1967	|2865	|2659	|2793	|2787	|2820	|1887	|2321	|2791	|2161	|2229	|2750	|2746	|3880	|2858	|2159	|3146	|2827	|1972	|2837	|2775	|16737	|2830	|3141	|2702	|3183	|3118	|3554	|3165	|2832	|2734	|2769	|2748	|
________________________________________________________
62	|555	|496	|1691	|448	|434	|569	|387	|374	|318	|495	|404	|619	|364	|423	|426	|476	|3306	|2514	|0	|3030	|2552	|1818	|2564	|2541	|2522	|1609	|2012	|2542	|2092	|1661	|2574	|2470	|0	|2331	|3288	|2870	|2791	|2773	|2197	|3091	|2643	|2409	|2581	|2532	|2497	|1691	|1625	|2547	|1911	|1513	|2590	|2504	|3488	|2539	|1980	|2886	|2508	|1824	|2641	|2510	|2830	|15092	|2870	|2407	|2890	|2847	|1820	|2867	|2636	|2602	|2528	|2508	|
________________________________________________________
63	|536	|709	|267	|2774	|628	|461	|355	|563	|386	|0	|449	|640	|453	|408	|563	|512	|3688	|2874	|0	|3340	|2886	|1986	|2816	|2718	|2820	|1833	|2397	|2822	|2602	|1883	|2834	|2794	|3573	|3232	|2943	|0	|3042	|2974	|2987	|2386	|3671	|2261	|2851	|2730	|2802	|1876	|1868	|2774	|2246	|1965	|2804	|2747	|3854	|2789	|2478	|2804	|2928	|2183	|2742	|2828	|3141	|2870	|16710	|2695	|3093	|3015	|3118	|2688	|3307	|3210	|2698	|2773	|
________________________________________________________
64	|0	|639	|310	|454	|334	|424	|322	|258	|329	|329	|2327	|499	|339	|524	|472	|375	|3028	|2309	|2123	|2991	|2386	|1894	|2348	|2311	|2409	|1576	|0	|2336	|1913	|1566	|2368	|2248	|3007	|2713	|0	|2175	|2613	|2646	|2534	|2064	|1991	|3052	|2432	|2366	|2346	|1625	|1907	|2352	|1865	|1618	|2326	|2354	|3128	|2327	|1668	|2698	|2399	|1514	|2401	|2342	|2702	|2407	|2695	|14083	|2629	|2683	|2578	|2336	|1479	|2822	|2287	|2337	|
________________________________________________________
65	|625	|686	|333	|523	|433	|426	|368	|487	|260	|563	|404	|3362	|536	|392	|482	|552	|3669	|2776	|2259	|3427	|2801	|2022	|2713	|2704	|2727	|1752	|0	|2707	|2342	|1759	|2722	|2551	|3447	|3180	|3589	|3302	|2483	|0	|2930	|2359	|2763	|2613	|3564	|2275	|2772	|1910	|2063	|2747	|2155	|1930	|2807	|2710	|3816	|2783	|2004	|3362	|2709	|2008	|2765	|2705	|3183	|2890	|3093	|2629	|16589	|2995	|3114	|2725	|2779	|2838	|3128	|3205	|
________________________________________________________
66	|579	|657	|315	|501	|473	|458	|372	|472	|0	|592	|499	|607	|332	|529	|495	|329	|3636	|2694	|2308	|3364	|2889	|2051	|2790	|2768	|2728	|1740	|2501	|2722	|2379	|2083	|2741	|2618	|3435	|3200	|3604	|3339	|0	|2445	|2900	|2478	|2815	|2676	|2385	|3674	|2760	|1921	|2003	|2751	|2100	|1896	|2735	|2753	|3755	|2762	|2364	|2896	|2714	|2048	|2814	|2791	|3118	|2847	|3015	|2683	|2995	|16515	|3027	|2714	|2737	|2865	|1879	|3193	|
________________________________________________________
67	|634	|578	|212	|513	|628	|0	|455	|658	|284	|510	|428	|624	|496	|591	|618	|588	|4027	|2920	|2508	|3706	|3117	|2743	|2922	|2853	|2993	|1871	|2154	|3080	|2659	|2329	|3056	|2951	|4230	|2732	|3492	|3107	|2882	|2941	|3067	|0	|3488	|3324	|3428	|3458	|3038	|2047	|2082	|3027	|2408	|2516	|2998	|2907	|4146	|3019	|2179	|3389	|3096	|2470	|3011	|2895	|3554	|1820	|3118	|2578	|3114	|3027	|18225	|3321	|3651	|3371	|3382	|3493	|
________________________________________________________
68	|546	|778	|322	|463	|575	|352	|2196	|481	|292	|478	|382	|548	|465	|507	|512	|526	|3483	|2683	|2005	|3263	|2774	|0	|2670	|2654	|2715	|1729	|1991	|2613	|2324	|1985	|2732	|2637	|2545	|3715	|3067	|2834	|2636	|2665	|0	|2043	|3216	|2843	|2990	|3113	|2684	|1851	|1819	|2722	|2196	|1903	|2699	|2688	|3580	|2740	|1941	|2932	|2768	|2287	|2746	|2622	|3165	|2867	|2688	|2336	|2725	|2714	|3321	|16171	|3197	|3061	|3042	|3116	|
________________________________________________________
69	|713	|662	|252	|549	|449	|571	|395	|2932	|349	|437	|242	|594	|520	|0	|604	|658	|3726	|2786	|2080	|3469	|2941	|0	|2830	|2726	|2884	|1792	|2254	|2917	|2458	|2285	|2815	|2768	|3150	|3000	|4110	|2497	|2775	|2662	|3376	|2936	|2502	|0	|3228	|3239	|2935	|1967	|1615	|2808	|2240	|2020	|2932	|2823	|3857	|2889	|2051	|3192	|2883	|2531	|2910	|2835	|2832	|2636	|3307	|1479	|2779	|2737	|3651	|3197	|17003	|3372	|3273	|3188	|
________________________________________________________
70	|488	|614	|352	|524	|0	|531	|446	|540	|291	|619	|438	|559	|517	|381	|2968	|546	|3595	|2779	|2036	|3391	|2852	|2516	|2835	|2714	|2846	|1786	|2008	|2782	|2426	|0	|2772	|2774	|3035	|2854	|2881	|3750	|2696	|2733	|3199	|2775	|0	|2268	|3257	|3195	|2787	|1897	|2146	|2813	|2251	|2390	|2735	|2789	|3713	|2777	|1949	|3165	|2968	|2035	|2848	|2870	|2734	|2602	|3210	|2822	|2838	|2865	|3371	|3061	|3372	|16891	|3243	|3219	|
________________________________________________________
71	|542	|561	|278	|422	|572	|511	|423	|515	|455	|466	|335	|625	|361	|501	|474	|2977	|3551	|2633	|2058	|3400	|2808	|2219	|2803	|2606	|2777	|1812	|1936	|2648	|2298	|0	|2684	|2711	|2993	|2720	|3184	|2861	|3491	|2245	|3304	|2760	|3167	|2954	|2347	|0	|2776	|1881	|1863	|2744	|2140	|2120	|2633	|2752	|3746	|2753	|1818	|3076	|2863	|2029	|2977	|2600	|2769	|2528	|2698	|2287	|3128	|1879	|3382	|3042	|3273	|3243	|16437	|3188	|
________________________________________________________
72	|503	|587	|282	|491	|543	|524	|408	|518	|267	|492	|442	|647	|0	|569	|616	|568	|3718	|2705	|2020	|3363	|2846	|2220	|2843	|2778	|2742	|1776	|1965	|2844	|2473	|2224	|2783	|2734	|3039	|2787	|3160	|2889	|2342	|3619	|3386	|2861	|3304	|3039	|0	|2420	|2833	|1915	|1910	|2808	|2178	|2166	|2730	|2765	|3733	|2813	|2170	|3086	|2819	|2495	|2699	|2708	|2748	|2508	|2773	|2337	|3205	|3193	|3493	|3116	|3188	|3219	|3188	|16695	|
________________________________________________________
