0	|1	|2	|3	|4	|5	|6	|7	|8	|9	|10	|11	|12	|13	|14	|15	|16	|17	|18	|19	|20	|21	|22	|23	|24	|25	|26	|27	|28	|29	|30	|31	|32	|33	|34	|35	|36	|37	|38	|39	|40	|41	|42	|43	|44	|45	|46	|47	|48	|49	|50	|51	|52	|53	|54	|55	|56	|57	|58	|59	|60	|61	|62	|63	|64	|65	|66	|67	|68	|69	|70	|71	|72	|
1	|100	|3,65	|1,45	|3,61	|3,89	|2,78	|3,21	|4,2	|2,59	|3,31	|0	|4,17	|2,29	|1,92	|2,53	|2,9	|23,82	|100	|12,79	|21,13	|21,75	|13,47	|17,95	|18,41	|19,89	|14,43	|14,21	|16	|16,03	|10,72	|17,33	|17,05	|21,66	|18,5	|100	|18,78	|17,36	|19,34	|19,12	|12,97	|19,09	|11,15	|15,51	|17,18	|0	|9,79	|0	|19,65	|15,88	|13,53	|19,22	|19,03	|19,34	|19,06	|16	|18,23	|17,86	|13,62	|16,37	|17,24	|19,22	|17,15	|16,56	|0	|19,31	|17,89	|19,59	|16,87	|22,03	|15,08	|16,74	|15,54	|
________________________________________________________
2	|3,29	|100	|1,78	|2,93	|3,32	|3,93	|0	|4,35	|1,87	|3,9	|2,62	|4,71	|2,09	|2,73	|2,93	|3,09	|26,37	|16,19	|12,21	|100	|19,57	|13,32	|18,67	|18,65	|18,53	|9,28	|13,04	|18,39	|11,59	|11,93	|16,36	|16,95	|20,37	|100	|20,29	|21,52	|18,56	|19,23	|19,73	|16,42	|16,36	|15,86	|17,22	|17,06	|21,29	|11,98	|0	|14,27	|0	|14,1	|18,65	|18,87	|23,69	|16,83	|13,24	|21,49	|15,22	|12,12	|18,03	|16,78	|0	|13,82	|19,76	|17,81	|19,12	|18,31	|16,11	|21,68	|18,45	|17,11	|15,64	|16,36	|
________________________________________________________
3	|2,78	|3,78	|100	|2,66	|3,49	|4,2	|2,78	|2,25	|3,13	|3,31	|3,73	|3,96	|2,78	|3,31	|4,85	|3,43	|0	|11,89	|0	|26,2	|20,4	|12,95	|18,15	|19,34	|13,42	|15,26	|13,13	|17,03	|15,43	|10,76	|18,27	|15,55	|0	|15,43	|23,3	|20,7	|18,81	|16,5	|13,07	|19,75	|17,74	|18,51	|17,03	|15,91	|21,76	|100	|11,83	|17,33	|16,2	|12,24	|19,28	|17,68	|19,1	|20,82	|13,6	|17,5	|21,47	|12	|17,98	|17,68	|19,04	|100	|15,79	|18,33	|19,69	|18,63	|12,54	|19,04	|14,9	|20,82	|16,44	|16,68	|
________________________________________________________
4	|4,22	|3,79	|1,62	|100	|0	|3,21	|2,63	|3,42	|2,24	|0	|2,92	|4,4	|2,27	|2,85	|4,11	|3,93	|28,84	|21,05	|0	|16,29	|0	|14,06	|17,59	|18,28	|16,62	|10,06	|15,14	|21,27	|12,33	|11,72	|16,69	|17,48	|23,25	|20,01	|18,35	|0	|17,23	|18,49	|16,69	|14,67	|21,27	|14,28	|18,24	|16,51	|20,33	|11,36	|11,39	|100	|15,86	|14,78	|18,28	|20,01	|23,72	|16,47	|15,39	|19,03	|20,76	|15,9	|15,21	|16,29	|19,65	|16,15	|100	|16,37	|18,85	|18,06	|18,49	|16,69	|19,79	|18,89	|15,21	|17,7	|
________________________________________________________
5	|4,31	|4,07	|2,02	|0	|100	|2,94	|2,43	|3,73	|2,81	|4,01	|2,02	|2,57	|3,8	|3,32	|0	|3,39	|24,85	|18,11	|14,93	|24,24	|100	|11,09	|17,12	|19,89	|16,88	|10,2	|17,73	|19,96	|15,88	|13,69	|16,78	|16,64	|17,12	|15,71	|19,89	|19,65	|15,23	|14,89	|21,43	|15,44	|100	|18,14	|18,73	|18,79	|18,83	|13,76	|14,52	|0	|10,41	|0	|21,02	|19,62	|23,59	|16,78	|12,56	|16,78	|21,67	|15,17	|17,36	|17,73	|16,12	|14,86	|21,5	|11,43	|14,82	|16,19	|21,5	|19,69	|15,37	|0	|19,58	|18,59	|
________________________________________________________
6	|3,28	|5,13	|2,58	|3,24	|3,13	|100	|2,22	|2,8	|2,18	|3,6	|2,55	|3,64	|1,75	|3,86	|3,64	|3,9	|25,77	|18,42	|12,01	|23,01	|17,69	|12,41	|100	|19,77	|15,91	|10,41	|12,67	|17,47	|12,3	|12,12	|19,69	|11,72	|12,56	|20,42	|18,24	|18,13	|17,8	|17,11	|18,93	|100	|17,33	|20,2	|18,97	|19,44	|19,04	|13,32	|12,45	|19,33	|15	|0	|13	|0	|23,08	|18,24	|12,49	|20,06	|18,2	|14,67	|21,33	|15,51	|13,18	|20,71	|16,78	|15,44	|15,51	|16,67	|0	|12,81	|20,79	|19,33	|18,6	|19,08	|
________________________________________________________
7	|4,74	|0	|2,14	|3,32	|3,23	|2,78	|100	|2,69	|1,82	|1,91	|2,5	|2,5	|3,6	|3,69	|3,46	|3,14	|25,68	|19,49	|16,3	|0	|14,44	|0	|20,4	|19,99	|17,44	|11,34	|13,98	|11,7	|19,31	|12,48	|16,17	|18,49	|15,12	|22,91	|19,81	|17,62	|15,26	|16,94	|0	|12,8	|20,9	|18,72	|18,9	|18,94	|18,4	|12,89	|14,3	|19,9	|100	|11,79	|15,98	|20,26	|22,54	|16,99	|12,93	|13,62	|19,58	|13,8	|14,3	|17,62	|21,31	|17,62	|16,17	|14,66	|16,76	|16,94	|20,72	|100	|17,99	|20,31	|19,26	|18,58	|
________________________________________________________
8	|4,64	|5,32	|1,3	|3,24	|3,72	|2,63	|2,01	|100	|2,42	|2,9	|1,64	|3,34	|2,76	|0	|3,24	|4,09	|25,78	|18,21	|14,97	|25,34	|21,25	|0	|13,03	|0	|17,36	|10,88	|13,23	|18,69	|13,64	|13,3	|20,4	|14,26	|21,69	|17,6	|23,29	|14,67	|16,98	|15,31	|21,25	|16,61	|15,89	|0	|19	|18,62	|20,02	|12,65	|12,48	|19,65	|13,34	|12,69	|100	|20,33	|21,62	|17,19	|11,19	|17,63	|15,69	|15,79	|20,02	|18,96	|19,24	|12,76	|19,2	|8,8	|16,61	|16,1	|22,44	|16,41	|100	|18,42	|17,56	|17,67	|
________________________________________________________
9	|4,46	|3,55	|2,81	|3,29	|4,35	|3,18	|2,12	|3,77	|100	|2,07	|1,96	|3,82	|2,92	|2,86	|3,34	|4,46	|15,81	|21,27	|12,47	|19,1	|19,63	|11,09	|17,29	|15,33	|23,13	|100	|13,05	|17,51	|18,25	|11,35	|19,95	|18,67	|19,84	|19,95	|22,12	|15,65	|100	|17,72	|17,72	|15,07	|18,46	|16,07	|18,2	|11,25	|11,78	|16,39	|11,67	|16,39	|14,69	|11,72	|18,99	|16,71	|0	|11,14	|0	|22,81	|19,89	|13,47	|19,47	|19,73	|19,68	|16,87	|20,48	|17,45	|13,79	|0	|15,07	|15,49	|18,51	|15,44	|24,14	|14,16	|
________________________________________________________
10	|3,71	|4,85	|1,94	|0	|4,06	|3,43	|1,46	|2,95	|1,35	|100	|2,18	|3,02	|2,84	|3,74	|0	|3,57	|22,33	|16,57	|15,12	|21,46	|20,28	|16,57	|15,57	|16,92	|18,07	|9,99	|12,38	|100	|18	|13,83	|18,79	|18,48	|19,04	|18,13	|22,16	|100	|15,81	|20,98	|17,89	|13,59	|20,91	|17,89	|15,74	|18,31	|16,78	|11,37	|13,8	|20,56	|10,47	|10,82	|16,47	|16,19	|27,67	|21,46	|0	|15,33	|0	|14,08	|18,48	|18,69	|18,55	|17,16	|0	|11,41	|19,52	|20,53	|17,68	|16,57	|15,15	|21,46	|16,16	|17,06	|
________________________________________________________
11	|0	|4,04	|2,71	|3,48	|2,54	|3,01	|2,36	|2,06	|1,59	|2,71	|100	|3,52	|2,92	|4,17	|3,82	|2,71	|19,55	|19,55	|15,21	|19,68	|16,46	|13,49	|17,06	|16,8	|0	|7,43	|0	|18,44	|16,37	|12,81	|18,18	|18,05	|21,62	|18,82	|0	|16,8	|19,81	|20,2	|18,18	|14,7	|14,53	|21,23	|17,79	|18,74	|19,64	|14,35	|12,94	|17,1	|14,57	|11,22	|17,58	|15,81	|23,42	|100	|10,96	|18,35	|20,24	|14,27	|19,25	|18,48	|19,68	|17,36	|19,3	|100	|17,36	|21,44	|18,39	|16,42	|10,4	|18,82	|14,4	|18,99	|
________________________________________________________
12	|4,02	|5,03	|1,99	|3,63	|2,23	|2,97	|1,64	|2,91	|2,14	|2,59	|2,44	|100	|0	|2,56	|3,63	|3,63	|24,06	|16,36	|14,07	|23,85	|15,23	|12,28	|16,6	|15,88	|20,88	|11,96	|0	|13,03	|0	|13,27	|18,83	|17,34	|19,81	|19,69	|22,96	|20,61	|14,87	|0	|18,53	|14,04	|17,55	|15,14	|20,67	|13,65	|18,74	|10,47	|11,84	|19,81	|10,38	|11,09	|17,43	|16,27	|25,34	|17,7	|12,58	|100	|20,32	|14,13	|19,69	|18,83	|19,13	|18,41	|19,04	|14,84	|100	|18,05	|18,56	|16,3	|17,67	|16,63	|18,59	|19,24	|
________________________________________________________
13	|2,98	|3,02	|1,89	|2,54	|4,47	|1,93	|3,18	|3,26	|2,22	|3,3	|2,74	|0	|100	|2,46	|2,38	|2,9	|21,35	|15,83	|11,12	|16,19	|20,14	|12,77	|14,82	|17,6	|19,01	|11,64	|14,3	|20,98	|100	|10,75	|16,47	|20,26	|17,6	|17,88	|19,49	|16,39	|18,32	|18,81	|19,21	|16,87	|21,18	|15,1	|100	|19,29	|17,08	|12,89	|11,16	|12,85	|19,49	|13,85	|16,35	|18,81	|25,09	|18,2	|14,58	|0	|11,6	|0	|18,65	|21,91	|14,62	|14,66	|18,24	|13,65	|21,59	|13,37	|19,98	|18,73	|20,94	|20,82	|14,54	|0	|
________________________________________________________
14	|2,25	|3,56	|2,04	|2,87	|3,53	|3,85	|2,94	|0	|1,96	|3,93	|3,53	|3,13	|2,22	|100	|2,54	|3,2	|21,77	|15,41	|12,21	|20,61	|17,34	|14,58	|19,81	|19,45	|20,65	|11,81	|12,87	|20,07	|13,7	|11,6	|100	|21,23	|17,19	|16,87	|13,89	|19,88	|14,72	|18,65	|19,85	|15,67	|19,34	|100	|16,83	|22,28	|18,83	|11,38	|13,12	|18,07	|13,78	|14,25	|21,16	|13,67	|25,05	|18,1	|13,05	|22,54	|18,83	|0	|13,12	|0	|15,85	|15,38	|14,83	|19,05	|14,25	|19,23	|21,48	|18,43	|0	|13,85	|18,21	|20,68	|
________________________________________________________
15	|2,76	|3,54	|2,76	|3,84	|0	|3,37	|2,56	|3,2	|2,12	|0	|3	|4,11	|1,99	|2,36	|100	|2,9	|21,06	|15,8	|11,32	|17,22	|21,02	|16,14	|17,35	|16,17	|18,87	|11,19	|14,72	|0	|8,93	|0	|19,24	|19,91	|17,72	|16,91	|17,05	|22,37	|14,59	|14,89	|19,44	|16,24	|0	|12,94	|19,47	|20,65	|16,64	|10,95	|16,75	|19,58	|15,4	|14,18	|16,07	|16,04	|25,07	|18,73	|13,95	|22,37	|100	|12,06	|16,78	|21,23	|15,57	|14,35	|18,97	|15,9	|16,24	|16,68	|20,82	|17,25	|20,35	|100	|15,97	|20,75	|
________________________________________________________
16	|3,16	|3,73	|1,95	|3,66	|3,33	|3,59	|2,32	|4,03	|2,82	|3,46	|2,12	|4,1	|2,42	|2,96	|2,89	|100	|21,83	|15,25	|12,66	|20,86	|17,33	|13,47	|20,52	|14,61	|18,84	|11,05	|13,71	|19,52	|17,77	|0	|12,56	|0	|18,11	|16,59	|20,96	|17,84	|21,3	|13,77	|20,19	|16,56	|19,68	|18,51	|13,94	|0	|16,73	|11,25	|11,62	|18,14	|11,86	|12,53	|18,61	|11,42	|25,76	|20,29	|13,23	|20,86	|18,91	|12,6	|100	|19,11	|16,96	|15,99	|17,2	|12,6	|18,54	|11,05	|19,75	|17,67	|22,1	|18,34	|100	|19,08	|
________________________________________________________
17	|3,54	|4,34	|0	|3,67	|3,33	|3,25	|2,59	|3,47	|1,37	|2,96	|2,09	|3,71	|2,43	|2,75	|2,87	|2,98	|100	|18,25	|13,8	|23,19	|19,42	|13,68	|18,97	|18,78	|18,47	|7,93	|11,9	|16,96	|14,45	|11,37	|16,82	|16,94	|18,13	|16,97	|18,88	|17,22	|16,22	|16,13	|17,29	|14,94	|17,19	|15,87	|16,74	|16,69	|14,65	|0	|13,9	|18,89	|14,6	|12,65	|18,88	|18,68	|25,28	|15,1	|13,04	|18,57	|17,13	|11,79	|16,9	|16,56	|16,65	|15,18	|16,93	|13,9	|16,84	|16,69	|18,49	|15,99	|17,11	|16,51	|16,3	|17,07	|
________________________________________________________
18	|19,67	|3,53	|1,22	|3,55	|3,21	|3,07	|2,6	|3,24	|2,44	|2,9	|2,76	|3,34	|2,39	|2,58	|2,85	|2,76	|24,14	|100	|12,18	|23,29	|20,1	|13,83	|19,09	|18,99	|19,74	|14,43	|11,87	|16,91	|14,3	|10,65	|16,88	|16,69	|18,49	|16,83	|19,67	|16,9	|15,8	|16,39	|17,61	|14,67	|17,04	|15,85	|16,51	|16,77	|0	|9,09	|0	|18,8	|14,68	|12,62	|19,05	|18,91	|19,32	|20,18	|12,19	|18,61	|17,1	|12,19	|16,56	|16,77	|16,61	|15,27	|17,46	|14,03	|16,87	|16,37	|17,74	|16,3	|16,93	|16,88	|16	|16,43	|
________________________________________________________
19	|3,39	|3,59	|0	|0	|3,57	|2,7	|2,93	|3,6	|1,93	|3,57	|2,9	|3,88	|2,26	|2,75	|2,75	|3,09	|24,63	|16,43	|100	|20,94	|20,57	|14,4	|18,57	|18,7	|18,15	|9,14	|13,86	|16,09	|14,16	|10,61	|16,7	|16,6	|22,48	|16,98	|19,44	|21,43	|18,47	|17,5	|19,68	|12,44	|16,82	|15,95	|16,24	|16,8	|19,42	|0	|9,96	|0	|16,26	|13,2	|18,41	|18,41	|23,61	|17,08	|13,28	|18,33	|16,23	|12,44	|17,23	|17,21	|20,43	|0	|0	|17,4	|18,52	|18,92	|20,56	|16,43	|17,05	|16,69	|16,87	|16,56	|
________________________________________________________
20	|3,4	|17,83	|2,2	|2,25	|3,52	|3,14	|0	|3,69	|1,79	|3,08	|2,28	|3,98	|2	|2,82	|2,54	|3,09	|25,09	|19,05	|12,69	|100	|19,93	|13,72	|19,07	|18,55	|16,72	|10,86	|10,83	|18,89	|11,36	|11,09	|16,58	|16,45	|18,2	|17,83	|19,08	|17,1	|16,51	|16,46	|17,37	|14,25	|17,08	|16,17	|16,74	|16,6	|19,5	|12,79	|0	|14,25	|0	|13,72	|18,57	|18,71	|22,26	|16,62	|12,15	|21,36	|14,42	|13	|16,87	|16,83	|16,71	|15,05	|16,59	|14,86	|17,03	|16,71	|18,41	|16,21	|17,23	|16,85	|16,89	|16,71	|
________________________________________________________
21	|4,1	|4,09	|2,01	|0	|17,02	|2,83	|1,85	|3,63	|2,16	|3,41	|2,23	|2,98	|2,91	|2,78	|3,64	|3,01	|24,64	|19,28	|14,62	|23,37	|100	|12,16	|18,87	|18,64	|16,65	|10,85	|13,36	|19,58	|17,01	|11,41	|17,12	|16,55	|18,13	|16,2	|18,87	|17,02	|15,83	|15,63	|17,96	|14,62	|17,02	|15,92	|16,48	|16,79	|18,79	|12,92	|13,54	|0	|10,38	|0	|19,38	|18,56	|22,7	|16,69	|12,13	|15,83	|21,06	|12,28	|17,07	|17,18	|16,19	|14,87	|16,82	|13,9	|16,32	|16,83	|18,16	|16,16	|17,14	|16,62	|16,36	|16,58	|
________________________________________________________
22	|3,58	|3,93	|1,8	|3,21	|2,66	|2,8	|0	|0	|1,72	|3,93	|2,58	|3,4	|2,61	|3,3	|3,94	|3,3	|24,49	|18,72	|14,45	|22,71	|17,16	|100	|17,74	|20,37	|16,44	|10,41	|11,96	|17,85	|12,85	|13,07	|16,72	|16,35	|17,85	|16,45	|17,29	|18,66	|16,17	|15,99	|21,6	|14,96	|16,9	|19,73	|19,32	|18,45	|19,16	|12,36	|12,94	|19,63	|0	|9,61	|0	|20,39	|23,1	|16,81	|12,21	|19,84	|17,06	|13,3	|16,78	|17,2	|16,25	|14,95	|16,33	|15,57	|16,63	|16,86	|22,55	|0	|0	|20,69	|18,25	|18,25	|
________________________________________________________
23	|3,52	|4,06	|1,86	|2,95	|3,03	|16,63	|2,71	|2,31	|1,97	|2,72	|2,4	|3,38	|2,23	|3,3	|3,12	|3,7	|25,01	|19,02	|13,72	|23,24	|19,61	|13,07	|100	|19,71	|16,29	|10,87	|11,89	|16,58	|14,29	|9,92	|19,56	|11,75	|18,79	|16,5	|19,3	|17,12	|16,25	|16,39	|17,22	|16,63	|17,4	|16,38	|17,7	|17,34	|19,02	|12,97	|11,96	|18,53	|14,91	|0	|13,02	|0	|22,58	|16,88	|12,27	|18,59	|17,23	|12,65	|21,17	|14,34	|16,61	|15,52	|17,05	|14,22	|16,43	|16,89	|17,69	|16,17	|17,13	|17,16	|16,97	|17,21	|
________________________________________________________
24	|3,62	|4,06	|1,98	|3,08	|3,53	|3,29	|2,66	|0	|1,75	|2,96	|2,37	|3,24	|2,65	|3,25	|2,91	|2,64	|24,82	|18,97	|13,84	|22,65	|19,42	|15,04	|19,75	|100	|16,69	|10,8	|12,17	|16,62	|14,46	|12,49	|19,25	|18,46	|18,31	|16,66	|19,22	|17,71	|16,2	|16,44	|17,7	|14,56	|16,97	|15,71	|16,84	|16,65	|19,25	|12,4	|12,17	|18,54	|14,98	|13,69	|0	|8,19	|22,26	|16,96	|11,92	|18,26	|16,75	|12,2	|14,6	|21,31	|16,59	|15,42	|16,49	|14,02	|16,41	|16,8	|17,31	|16,1	|16,54	|16,47	|15,81	|16,86	|
________________________________________________________
25	|3,88	|4,01	|1,37	|2,78	|2,97	|2,63	|2,31	|3,07	|2,63	|3,14	|0	|4,23	|2,84	|3,42	|3,37	|3,38	|24,25	|19,58	|13,34	|20,28	|17,21	|12,05	|16,21	|16,57	|100	|14,87	|14,18	|18,82	|16,33	|12,35	|19,4	|18,9	|18,39	|17,44	|19,24	|16,94	|15,99	|15,87	|17,72	|14,24	|16,98	|16,3	|16,6	|16,63	|20,33	|8,82	|10,79	|16,18	|13,38	|11,52	|16,53	|16,56	|19,2	|0	|14,58	|21,52	|19,26	|13,99	|19,24	|19,31	|16,52	|15,2	|16,99	|14,52	|16,43	|16,44	|18,03	|16,36	|17,38	|17,15	|16,73	|16,52	|
________________________________________________________
26	|4,36	|3,11	|2,41	|2,61	|2,78	|2,67	|2,33	|2,98	|17,6	|2,69	|1,62	|3,75	|2,7	|3,03	|3,1	|3,07	|16,13	|22,19	|10,41	|20,41	|17,39	|11,82	|16,76	|16,62	|23,05	|100	|11,88	|18,97	|16,71	|12,43	|19,31	|19,26	|18,23	|17,77	|18,97	|16,82	|17,6	|16,27	|17,84	|14,44	|16,87	|15,74	|16,76	|17,15	|11,5	|16,52	|10,79	|16,23	|13,06	|11,71	|16,68	|16,56	|0	|11,12	|0	|21,5	|18,79	|14,05	|18,69	|18,98	|16,3	|15,02	|17,12	|14,72	|16,36	|16,25	|17,47	|16,15	|16,73	|16,68	|16,92	|16,58	|
________________________________________________________
27	|3,85	|3,92	|1,86	|3,52	|4,34	|2,92	|2,57	|3,25	|2,06	|2,99	|0	|0	|2,97	|2,97	|3,66	|3,42	|21,71	|16,37	|14,17	|18,27	|19,21	|12,19	|16,46	|16,8	|19,72	|10,66	|100	|17,25	|18	|13,57	|18,59	|18,39	|20,7	|19,84	|22,5	|17,25	|16,67	|20,55	|17,35	|14,98	|19,27	|14,71	|17,48	|17,02	|16,52	|11,46	|13	|16,72	|15,02	|11,02	|16,73	|16,57	|28,64	|0	|10,32	|0	|20,2	|13,28	|18,34	|18,54	|18,05	|16,86	|20,09	|0	|0	|20,96	|18,05	|16,68	|18,89	|16,83	|16,22	|16,47	|
________________________________________________________
28	|3,09	|3,94	|1,72	|3,52	|3,48	|2,87	|1,53	|3,27	|1,97	|17,22	|2,56	|2,61	|3,11	|3,3	|0	|3,47	|22,05	|16,61	|11,72	|22,7	|20,07	|12,96	|16,35	|16,35	|18,64	|12,13	|12,29	|100	|18,17	|13,89	|19,1	|18,81	|18,66	|16,78	|19,37	|17,22	|16,79	|16,01	|18,01	|14,6	|17,76	|15,99	|16,49	|16,94	|16,61	|11,74	|11,53	|20,44	|10,18	|11,67	|16,96	|16,15	|25,64	|18,88	|0	|14,85	|0	|14,63	|18,78	|18,89	|16,46	|15,18	|16,85	|13,95	|16,16	|16,25	|18,39	|15,6	|17,41	|16,61	|15,81	|16,98	|
________________________________________________________
29	|3,58	|2,87	|1,8	|2,36	|3,2	|2,33	|2,92	|2,76	|2,37	|3,58	|2,63	|0	|17,11	|2,6	|1,83	|3,65	|21,69	|16,22	|11,9	|15,76	|20,12	|10,77	|16,27	|16,42	|18,68	|12,33	|14,8	|20,98	|100	|11,14	|18,96	|18,99	|17,85	|16,93	|20,18	|17,53	|15,8	|16,03	|17,26	|14,63	|16,87	|15,64	|17,11	|17,26	|16,55	|11,33	|12,29	|12,91	|17,6	|11,87	|16,57	|16,32	|25,37	|18,59	|14,24	|0	|11,8	|0	|19,23	|19,36	|16,23	|14,42	|17,93	|13,18	|16,14	|16,39	|18,32	|16,02	|16,94	|16,72	|15,84	|17,04	|
________________________________________________________
30	|3,11	|3,83	|1,63	|2,91	|3,58	|2,98	|2,45	|3,49	|1,91	|3,57	|2,67	|3,99	|2,39	|2,85	|0	|0	|22,16	|15,69	|11,59	|19,97	|17,53	|14,22	|14,67	|18,43	|18,34	|11,91	|14,49	|20,81	|14,46	|100	|18,04	|19,71	|19,35	|16,97	|18,86	|16,5	|14,95	|19,07	|19,67	|16,19	|20,77	|15,99	|17,32	|19,78	|17,09	|11,56	|11,7	|16,84	|12,97	|13,14	|16,04	|18,17	|25,79	|19,09	|13,9	|21,56	|0	|10,35	|0	|19,98	|16,44	|14,86	|16,85	|14,01	|15,74	|18,64	|20,84	|17,76	|20,45	|0	|0	|19,9	|
________________________________________________________
31	|3,35	|3,51	|1,85	|2,77	|2,93	|3,23	|2,12	|3,57	|2,25	|3,24	|2,53	|3,78	|2,44	|16,44	|3,41	|2,24	|21,9	|16,6	|12,17	|19,94	|17,56	|12,16	|19,3	|18,96	|19,24	|12,36	|13,26	|19,13	|16,45	|12,05	|100	|20,52	|18,12	|16,85	|19,29	|17,43	|16,84	|15,98	|17,57	|14,37	|17,14	|16,44	|17,24	|16,73	|17,21	|11,31	|10,79	|16,59	|13,23	|11,33	|21,3	|14,18	|25,07	|18,83	|13,06	|20,92	|19,02	|0	|12,59	|0	|16,58	|15,38	|16,94	|14,15	|16,27	|16,38	|18,26	|16,33	|16,82	|16,57	|16,04	|16,63	|
________________________________________________________
32	|3,33	|3,67	|1,59	|2,93	|2,94	|1,95	|2,45	|2,53	|2,13	|3,22	|2,54	|3,52	|3,04	|3,53	|3,57	|0	|22,29	|16,59	|12,23	|20	|17,16	|12,01	|11,72	|18,38	|18,94	|12,46	|13,26	|19,03	|16,65	|13,31	|20,74	|100	|18,58	|16,81	|19,23	|16,78	|16,91	|16,82	|17,46	|14,33	|17,53	|15,85	|16,36	|16,15	|16,85	|11,32	|11,06	|16,88	|13,02	|12,61	|14,37	|21,28	|25,98	|19,08	|13,43	|20,89	|19,57	|14,68	|0	|8,66	|16,77	|14,92	|16,88	|13,58	|15,41	|15,81	|17,83	|15,93	|16,72	|16,76	|16,38	|16,52	|
________________________________________________________
33	|3,83	|3,99	|0	|3,52	|2,73	|1,88	|1,81	|3,47	|2,04	|3	|2,74	|3,63	|2,38	|2,58	|2,87	|2,94	|21,55	|16,6	|14,97	|19,99	|16,98	|11,85	|16,94	|16,46	|16,65	|10,65	|13,48	|17,06	|14,13	|11,8	|16,54	|16,78	|100	|18,48	|22,19	|19,14	|18,11	|19,04	|20,14	|10,18	|17,01	|15,69	|16,87	|16,93	|17,04	|11,6	|13,71	|16,45	|12,78	|12,86	|16,76	|16,64	|23,26	|16,41	|13,14	|18,23	|16,8	|12,26	|16,9	|16,59	|15,27	|0	|19,5	|16,41	|18,81	|18,74	|23,08	|13,89	|17,19	|16,56	|16,33	|16,58	|
________________________________________________________
34	|3,53	|21,16	|1,54	|3,27	|2,71	|3,31	|2,97	|3,04	|2,22	|3,08	|2,58	|3,9	|2,62	|2,74	|2,96	|2,91	|21,8	|16,34	|12,21	|21,16	|16,39	|11,8	|16,08	|16,19	|17,07	|11,22	|13,96	|16,58	|14,49	|11,18	|16,62	|16,41	|19,97	|100	|22,09	|19,29	|18,79	|18,78	|19,83	|16,97	|17,44	|15,67	|16,95	|16,87	|16,58	|11,36	|0	|16,81	|12,97	|11,22	|16,65	|16,39	|22,5	|16,51	|13,38	|18,49	|16,81	|12,38	|17,33	|16,85	|0	|13,75	|19,06	|16	|18,75	|18,87	|16,11	|21,91	|17,69	|16,83	|16,04	|16,44	|
________________________________________________________
35	|16,81	|3,78	|2,05	|2,64	|3,02	|2,6	|2,26	|3,55	|2,17	|3,32	|0	|4,01	|2,51	|1,98	|2,63	|3,24	|21,37	|16,81	|12,32	|19,95	|16,83	|10,92	|16,56	|16,46	|16,59	|10,55	|13,95	|16,85	|15,21	|10,95	|16,76	|16,54	|21,13	|19,45	|100	|18,77	|18,32	|18,48	|17,53	|14,9	|19,12	|11,49	|16,36	|16,78	|16,73	|11,71	|0	|16,53	|13,4	|11,7	|16,53	|16,99	|23,04	|16,96	|14,98	|18,08	|17,13	|13,64	|17	|16,68	|19,04	|17,08	|15,29	|0	|18,64	|18,72	|18,14	|15,93	|21,35	|14,97	|16,54	|16,41	|
________________________________________________________
36	|3,53	|4,48	|2,03	|0	|3,33	|2,89	|2,25	|2,49	|1,71	|16,73	|2,27	|4,02	|2,36	|3,17	|3,85	|3,08	|21,76	|16,13	|15,17	|19,96	|16,95	|13,16	|16,41	|16,93	|16,31	|10,45	|11,95	|16,73	|14,76	|10,7	|16,92	|16,12	|20,35	|18,98	|20,97	|100	|18,74	|19,39	|17,77	|14,47	|19,49	|18,6	|16,84	|17,22	|16,76	|11,44	|14,07	|16,61	|13,03	|11,44	|16,66	|16,7	|23,11	|17,34	|0	|18,9	|16,87	|11,94	|16,85	|16,65	|19,25	|16,65	|0	|12,62	|19,16	|19,37	|18,03	|16,44	|14,49	|21,76	|16,6	|16,76	|
________________________________________________________
37	|3,43	|4,06	|1,94	|2,91	|2,71	|2,98	|2,04	|3,04	|11,49	|2,78	|2,81	|3,05	|2,77	|2,47	|2,64	|3,86	|21,53	|15,85	|13,73	|20,26	|16,56	|11,99	|16,36	|16,27	|16,18	|11,49	|12,12	|17,14	|13,97	|10,18	|17,17	|17,06	|20,23	|19,42	|21,49	|19,69	|100	|17,97	|18,03	|15,12	|16,42	|16,55	|19,17	|12,01	|16,85	|11,54	|12,19	|16,61	|12,91	|11,31	|16,78	|16,4	|21,7	|16,73	|0	|18,52	|16,46	|11,67	|17,1	|16,92	|19,36	|17,01	|18,54	|15,93	|15,13	|0	|17,56	|16,07	|16,91	|16,43	|21,28	|14,27	|
________________________________________________________
38	|3,84	|4,23	|1,71	|3,14	|2,67	|2,88	|2,28	|2,75	|2,05	|3,71	|2,88	|0	|2,86	|3,14	|2,71	|2,51	|21,53	|16,53	|13,08	|20,31	|16,44	|11,92	|16,59	|16,61	|16,14	|10,68	|15,03	|16,44	|14,26	|13,06	|16,38	|17,06	|21,39	|19,51	|21,81	|20,49	|18,07	|100	|17,71	|15,03	|16,34	|16,58	|18,84	|19,5	|16,71	|11,99	|12,4	|16,99	|12,85	|12,01	|16,49	|16,69	|22,02	|16,31	|14,26	|17,9	|16,65	|11,93	|16,63	|16,22	|19,16	|16,99	|18,23	|16,22	|0	|14,98	|18,02	|16,33	|16,31	|16,75	|13,76	|22,18	|
________________________________________________________
39	|3,51	|4,02	|1,25	|2,63	|3,55	|2,95	|0	|3,54	|1,9	|2,93	|2,4	|3,54	|2,71	|3,1	|3,28	|3,41	|21,38	|16,46	|13,63	|19,85	|17,5	|14,92	|16,15	|16,56	|16,7	|10,85	|11,76	|17,12	|14,22	|12,48	|16,69	|16,41	|20,96	|19,09	|19,16	|17,39	|16,8	|16,4	|100	|15,9	|18,95	|18,21	|19,01	|18,44	|16,74	|11,42	|11,25	|16,59	|13,01	|13,7	|16,45	|15,99	|22,8	|16,83	|12,05	|18,78	|16,69	|13,68	|16,98	|16,66	|22,17	|12,47	|16,96	|14,39	|16,64	|16,47	|17,41	|0	|19,17	|18,16	|18,76	|19,22	|
________________________________________________________
40	|2,85	|3,99	|2,27	|2,76	|3,06	|18,63	|1,91	|3,3	|1,93	|2,66	|2,32	|3,2	|2,84	|2,92	|3,27	|3,34	|22,06	|16,38	|10,3	|19,46	|17,02	|12,34	|18,63	|16,28	|16,03	|10,48	|12,13	|16,58	|14,4	|12,27	|16,3	|16,09	|12,65	|19,52	|19,46	|16,92	|16,83	|16,64	|18,99	|100	|19,19	|18,05	|19,17	|18,71	|16,98	|11,58	|11,16	|16,85	|13,2	|0	|16,79	|16,06	|22,88	|16,94	|12,14	|18,41	|17	|13,68	|17,08	|16,49	|13,34	|20,96	|16,18	|14	|16	|16,81	|0	|13,86	|19,91	|18,82	|18,72	|19,4	|
________________________________________________________
41	|3,62	|3,44	|1,76	|3,46	|17,11	|2,79	|2,69	|2,73	|2,04	|3,53	|1,98	|3,46	|3,08	|3,12	|0	|3,43	|21,93	|16,42	|12,02	|20,13	|17,11	|12,04	|16,83	|16,38	|16,51	|10,58	|13,47	|17,43	|14,34	|13,59	|16,8	|17	|18,26	|17,33	|21,55	|19,67	|15,79	|15,62	|19,55	|16,57	|100	|18,02	|18,73	|19,16	|16,94	|11,49	|11,47	|16,77	|12,87	|0	|16,92	|16,49	|22,97	|16,78	|12,29	|18,56	|16,89	|14,91	|16,55	|16,57	|16,78	|15,48	|21,5	|11,66	|16,18	|16,49	|20,43	|18,84	|14,65	|0	|18,55	|19,35	|
________________________________________________________
42	|2,26	|3,56	|1,96	|2,48	|3,31	|3,47	|2,57	|0	|1,89	|3,23	|3,09	|3,18	|2,34	|17,2	|2,4	|3,44	|21,6	|16,31	|12,16	|20,34	|17,08	|15	|16,91	|16,18	|16,91	|10,54	|10,98	|16,75	|14,19	|11,17	|17,2	|16,4	|17,97	|16,61	|13,82	|20,04	|16,98	|16,91	|20,05	|16,64	|19,23	|100	|19,19	|19,3	|16,6	|11,28	|12,82	|16,8	|13,48	|14,07	|16,55	|16,43	|22,87	|16,51	|11,68	|18,79	|16,31	|0	|17,02	|16,56	|16,62	|15,06	|14,13	|19,08	|16,33	|16,73	|20,78	|17,77	|0	|14,18	|18,46	|19	|
________________________________________________________
43	|2,99	|3,68	|1,72	|3,02	|3,26	|3,11	|2,47	|3,32	|2,04	|2,71	|2,47	|4,14	|14,8	|2,76	|3,44	|2,47	|21,73	|16,19	|11,81	|20,08	|16,86	|14,01	|17,42	|16,55	|16,42	|10,7	|12,43	|16,46	|14,8	|11,54	|17,19	|16,14	|18,43	|17,14	|18,77	|17,3	|18,75	|18,32	|19,96	|16,85	|19,06	|18,3	|100	|18,86	|16,73	|11,72	|11,43	|17,37	|13,3	|13,15	|16,55	|16,81	|22,6	|16,59	|12,08	|17,91	|17,15	|0	|16,34	|16,63	|16,65	|15,38	|16,99	|14,5	|21,24	|14,22	|20,43	|17,82	|19,24	|19,41	|13,99	|0	|
________________________________________________________
44	|3,34	|3,67	|1,62	|2,75	|3,3	|3,21	|2,5	|3,28	|1,27	|3,17	|2,62	|2,76	|2,88	|3,68	|3,68	|0	|21,83	|16,57	|12,3	|20,06	|17,3	|13,47	|17,2	|16,47	|16,57	|11,03	|12,19	|17,04	|15,04	|13,27	|16,8	|16,05	|18,62	|17,17	|19,39	|17,83	|11,83	|19,1	|19,5	|16,56	|19,64	|18,53	|19	|100	|16,62	|11,65	|11,13	|16,35	|13,23	|12,79	|16,3	|16,44	|22,27	|16,5	|13,13	|18,11	|16,71	|15,02	|16,12	|16,46	|16,73	|15,2	|16,39	|14,21	|13,66	|22,06	|20,76	|18,69	|19,45	|19,18	|0	|14,53	|
________________________________________________________
45	|0	|4,55	|2,19	|3,36	|3,27	|3,11	|2,4	|3,49	|1,32	|2,88	|2,72	|3,75	|2,52	|3,08	|2,94	|2,96	|19	|0	|14,1	|23,36	|19,2	|13,87	|18,7	|18,89	|20,08	|7,33	|11,74	|16,56	|14,29	|11,37	|17,14	|16,6	|18,58	|16,74	|19,17	|17,2	|16,46	|16,23	|17,55	|14,9	|17,22	|15,81	|16,71	|16,48	|100	|13,53	|13,72	|19,37	|14,74	|13,2	|18,86	|18,66	|26,39	|20,2	|13,31	|19,15	|16,76	|12,46	|16,57	|16,23	|16,78	|14,86	|16,68	|13,96	|16,5	|16,43	|18,08	|15,98	|17,47	|16,59	|16,52	|16,86	|
________________________________________________________
46	|2,8	|3,79	|14,91	|2,78	|3,54	|3,23	|2,5	|3,27	|2,72	|2,89	|2,95	|3,1	|2,82	|2,76	|2,87	|2,95	|0	|13,2	|0	|22,7	|19,56	|13,25	|18,89	|18,02	|12,9	|15,6	|12,06	|17,34	|14,5	|11,39	|16,68	|16,52	|18,75	|16,98	|19,87	|17,39	|16,7	|17,26	|17,74	|15,05	|17,29	|15,92	|17,34	|17,11	|20,05	|100	|11,32	|19,41	|15,25	|12,77	|19,3	|18,8	|18,08	|20,23	|10,64	|18,17	|16,69	|12,65	|16,68	|16,16	|16,64	|14,91	|16,54	|14,33	|16,84	|16,94	|18,05	|16,32	|17,34	|16,73	|16,59	|16,89	|
________________________________________________________
47	|0	|0	|1,79	|2,83	|3,8	|3,06	|2,81	|3,28	|1,97	|3,56	|2,7	|3,56	|2,48	|3,23	|4,45	|3,1	|27,11	|0	|10,88	|0	|20,82	|14,1	|17,69	|17,96	|16,04	|10,35	|13,89	|17,3	|15,98	|11,71	|16,17	|16,4	|22,5	|0	|0	|21,72	|17,91	|18,12	|17,74	|14,73	|17,54	|18,37	|17,17	|16,61	|20,64	|11,5	|100	|17,54	|16,08	|14,19	|18,8	|18,14	|22,81	|16,61	|13,97	|16,95	|18,7	|12,49	|16,51	|16,25	|20,79	|14,55	|16,73	|17,08	|18,48	|17,94	|18,65	|16,29	|14,46	|19,22	|16,69	|17,11	|
________________________________________________________
48	|3,82	|3,07	|1,76	|16,64	|0	|3,19	|2,62	|3,46	|1,85	|3,56	|2,39	|4	|1,91	|2,98	|3,49	|3,24	|24,69	|18,57	|0	|17,21	|0	|14,32	|18,36	|18,33	|16,11	|10,43	|11,97	|20,54	|11,24	|11,29	|16,65	|16,76	|18,08	|17,1	|19,09	|17,17	|16,35	|16,63	|17,53	|14,91	|17,17	|16,12	|17,48	|16,34	|19,52	|13,2	|11,75	|100	|15,77	|14,52	|19,45	|19,02	|22,89	|17,1	|12	|21,17	|19,89	|13,55	|16,7	|15,94	|16,74	|15,28	|16,64	|14,11	|16,48	|16,5	|18,16	|16,33	|16,84	|16,87	|16,46	|16,84	|
________________________________________________________
49	|3,92	|0	|2,09	|3,35	|2,32	|3,14	|16,73	|2,98	|2,11	|2,3	|2,58	|2,66	|3,69	|2,89	|3,48	|2,69	|24,24	|18,41	|15,12	|0	|13,57	|0	|18,77	|18,81	|16,92	|10,66	|13,66	|12,99	|19,46	|11,04	|16,86	|16,42	|17,85	|16,76	|19,66	|17,11	|16,14	|15,97	|17,46	|14,83	|16,74	|16,44	|17	|16,79	|18,87	|13,18	|13,68	|20,03	|100	|11,75	|19,1	|19,07	|23,11	|17,08	|12,36	|14,02	|20,4	|11,63	|17,21	|16,33	|16,47	|14,56	|17,11	|14,21	|16,42	|16	|18,35	|16,73	|17,07	|17,15	|16,31	|16,6	|
________________________________________________________
50	|3,8	|4,39	|1,8	|3,56	|0	|0	|2,25	|3,23	|1,92	|2,71	|2,26	|3,23	|2,98	|3,4	|3,65	|3,23	|23,89	|18,01	|13,97	|23,95	|0	|10,14	|0	|19,56	|16,58	|10,87	|11,4	|16,95	|14,93	|12,73	|16,44	|18,11	|20,44	|16,5	|19,54	|17,1	|16,09	|16,99	|20,92	|0	|0	|19,52	|19,14	|18,48	|19,22	|12,56	|13,74	|20,99	|13,37	|100	|17,31	|20,3	|22,95	|17,13	|12,13	|18,01	|16,61	|14,48	|15,31	|17,68	|19,33	|13,12	|17,04	|14,03	|16,74	|16,44	|21,82	|16,5	|17,52	|20,72	|18,38	|18,78	|
________________________________________________________
51	|3,74	|4,02	|1,96	|3,05	|3,69	|2,15	|2,11	|17,62	|2,15	|2,85	|2,46	|3,52	|2,44	|3,5	|2,87	|3,33	|24,71	|18,85	|13,5	|22,46	|19,99	|0	|12,92	|0	|16,49	|10,73	|12	|17,07	|14,45	|10,77	|21,42	|14,29	|18,46	|16,97	|19,13	|17,25	|16,55	|16,17	|17,41	|14,88	|17,36	|15,91	|16,69	|16,32	|19,04	|13,16	|12,61	|19,48	|15,07	|12	|100	|19,78	|22,66	|16,91	|12,21	|18,79	|17,43	|12,29	|19,36	|18,36	|16,53	|15,57	|16,85	|13,98	|16,87	|16,44	|18,02	|16,22	|17,62	|16,44	|15,82	|16,41	|
________________________________________________________
52	|3,71	|4,07	|1,8	|3,34	|3,45	|0	|2,68	|3,58	|1,89	|2,81	|2,21	|3,29	|2,81	|2,26	|2,86	|2,04	|24,47	|18,72	|13,51	|22,65	|19,16	|14,92	|0	|8,12	|16,53	|10,66	|11,9	|16,27	|14,24	|12,22	|14,27	|21,19	|18,34	|16,72	|19,67	|17,32	|16,19	|16,38	|16,94	|14,24	|16,94	|15,81	|16,97	|16,47	|18,86	|12,82	|12,18	|19,07	|15,05	|14,08	|19,8	|100	|22,75	|16,13	|12,05	|18,12	|16,71	|11,85	|12,01	|18,9	|16,52	|15,06	|16,52	|14,16	|16,3	|16,56	|17,48	|16,17	|16,98	|16,77	|16,55	|16,63	|
________________________________________________________
53	|2,76	|3,75	|1,42	|2,9	|3,04	|2,79	|2,18	|2,79	|0	|3,52	|2,4	|3,75	|2,74	|3,04	|3,28	|3,38	|24,26	|14,01	|12,69	|19,74	|17,17	|12,38	|16,43	|16,17	|14,04	|0	|15,06	|18,92	|16,22	|12,7	|18,48	|18,95	|18,78	|16,81	|19,54	|17,55	|15,69	|15,83	|17,69	|14,87	|17,28	|16,12	|16,71	|16,35	|19,53	|9,04	|11,22	|16,81	|13,36	|11,66	|16,61	|16,67	|100	|18,84	|13,7	|20,88	|19,53	|13,98	|19,12	|18,86	|17,1	|15,37	|16,98	|13,78	|16,81	|16,54	|18,27	|15,77	|16,99	|16,36	|16,51	|16,45	|
________________________________________________________
54	|3,69	|3,61	|2,1	|2,73	|2,93	|2,99	|2,23	|3,01	|1,25	|3,7	|13,9	|3,55	|2,7	|2,97	|3,32	|3,61	|19,65	|19,84	|12,45	|19,99	|17,11	|12,22	|16,65	|16,7	|0	|7,11	|0	|18,89	|16,12	|12,74	|18,82	|18,87	|17,96	|16,72	|19,5	|17,85	|16,4	|15,9	|17,71	|14,92	|17,11	|15,78	|16,62	|16,41	|20,27	|13,7	|11,07	|17,03	|13,39	|11,8	|16,8	|16,01	|25,54	|100	|11,98	|21,29	|19,1	|14,07	|18,9	|18,83	|17,07	|15,17	|16,66	|13,9	|16,62	|16,5	|18,03	|16,37	|17,26	|16,59	|16,44	|16,8	|
________________________________________________________
55	|4,29	|3,93	|1,9	|3,53	|3,04	|2,84	|2,35	|2,71	|0	|0	|2,11	|3,5	|2,99	|2,97	|3,43	|3,26	|23,5	|16,6	|13,4	|20,23	|17,23	|12,29	|16,76	|16,25	|20,02	|0	|10,18	|0	|17,1	|12,85	|18,09	|18,4	|19,92	|18,77	|23,86	|0	|0	|19,25	|17,56	|14,81	|17,37	|15,45	|16,76	|18,09	|18,51	|9,99	|12,91	|16,55	|13,42	|11,57	|16,8	|16,58	|25,72	|16,59	|100	|19,19	|20,59	|15,34	|19,2	|19,63	|17,86	|16,38	|20,5	|13,8	|16,58	|19,56	|18,03	|16,06	|16,97	|16,12	|15,04	|17,95	|
________________________________________________________
56	|3,2	|4,18	|1,6	|2,86	|2,66	|2,99	|1,62	|2,8	|2,33	|2,4	|2,31	|18,22	|0	|3,36	|3,6	|3,37	|21,92	|16,6	|12,12	|23,3	|14,73	|13,08	|16,64	|16,31	|19,35	|12,48	|0	|13,48	|0	|13,06	|18,97	|18,74	|18,1	|16,99	|18,86	|17,66	|16,47	|15,83	|17,92	|14,71	|17,18	|16,29	|16,29	|16,35	|17,44	|11,17	|10,25	|19,13	|9,97	|11,26	|16,94	|16,33	|25,69	|19,32	|12,57	|100	|20,47	|14,29	|19,58	|18,82	|17,05	|15,64	|15,2	|14,62	|18,22	|15,7	|18,37	|15,89	|17,3	|17,15	|16,67	|16,73	|
________________________________________________________
57	|3,41	|3,22	|2,14	|3,4	|3,73	|2,95	|2,54	|2,71	|2,21	|0	|2,78	|4,03	|1,7	|3,05	|17,5	|3,32	|22	|16,6	|11,67	|17,12	|21,31	|12,23	|16,78	|16,27	|18,85	|11,86	|14,22	|0	|10,09	|0	|18,76	|19,1	|18,15	|16,8	|19,45	|17,15	|15,93	|16,02	|17,33	|14,78	|17	|15,39	|16,96	|16,42	|16,6	|11,16	|12,31	|19,55	|15,78	|11,29	|17,1	|16,38	|26,13	|18,86	|14,68	|22,26	|100	|12,73	|19,28	|19,27	|16,67	|14,79	|17,26	|14,15	|15,97	|16	|18,25	|16,32	|17	|17,5	|16,88	|16,62	|
________________________________________________________
58	|3,59	|3,54	|1,65	|3,59	|3,6	|3,28	|2,46	|3,76	|2,07	|3,3	|2,7	|3,86	|0	|0	|2,91	|3,05	|20,89	|16,31	|12,34	|21,28	|17,13	|13,15	|16,99	|16,35	|18,87	|12,24	|12,89	|19,93	|0	|9,41	|0	|19,76	|18,27	|17,07	|21,34	|16,73	|15,57	|15,82	|19,59	|16,4	|20,7	|0	|0	|20,33	|17,02	|11,67	|11,33	|18,37	|12,41	|13,58	|16,63	|16,02	|25,79	|19,16	|15,07	|21,43	|17,55	|100	|18,15	|20,34	|16,03	|14,83	|17,75	|12,31	|16,33	|16,65	|20,08	|18,6	|20,58	|16,55	|16,5	|20,29	|
________________________________________________________
59	|3,15	|3,85	|1,81	|2,51	|3,02	|3,49	|1,87	|3,49	|2,18	|3,17	|2,67	|3,94	|2,75	|2,15	|2,96	|17,71	|21,9	|16,21	|12,51	|20,2	|17,43	|12,14	|20,8	|14,32	|19	|11,91	|13,02	|18,72	|16,61	|0	|12,54	|0	|18,43	|17,49	|19,47	|17,28	|16,69	|16,15	|17,79	|14,98	|16,81	|16,2	|16,31	|15,97	|16,56	|11,26	|10,97	|16,56	|13,44	|10,51	|19,17	|11,88	|25,82	|18,82	|13,81	|21,5	|19,46	|13,28	|100	|21,29	|16,88	|15,71	|16,31	|14,28	|16,45	|16,74	|17,91	|16,34	|17,31	|16,94	|17,71	|16,06	|
________________________________________________________
60	|3,37	|3,64	|1,81	|2,73	|3,13	|2,57	|2,34	|3,36	|2,25	|3,26	|2,6	|3,83	|3,29	|0	|3,81	|3,44	|21,79	|16,68	|12,69	|20,47	|17,82	|12,64	|14,31	|21,23	|19,36	|12,29	|13,37	|19,12	|16,98	|13,5	|0	|8,67	|18,38	|17,27	|19,41	|17,35	|16,78	|16	|17,73	|14,69	|17,1	|16,01	|16,87	|16,57	|16,48	|11,08	|10,96	|16,06	|12,95	|12,32	|18,46	|18,99	|25,87	|19,06	|14,34	|20,99	|19,76	|15,12	|21,63	|100	|16,77	|15,17	|17,09	|14,15	|16,35	|16,87	|17,5	|15,85	|17,13	|17,35	|15,71	|16,37	|
________________________________________________________
61	|3,72	|0	|1,92	|3,26	|2,81	|2,16	|2,8	|3,37	|2,22	|3,2	|2,74	|3,84	|2,17	|2,61	|2,76	|3,02	|21,67	|16,34	|14,9	|20,09	|16,6	|11,81	|16,39	|16,34	|16,38	|10,43	|12,87	|16,47	|14,07	|10,98	|16,58	|16,59	|16,72	|0	|21,9	|19,82	|18,98	|18,68	|23,33	|11,75	|17,12	|15,89	|16,69	|16,65	|16,85	|11,27	|13,87	|16,68	|12,91	|13,32	|16,43	|16,41	|23,18	|17,08	|12,9	|18,8	|16,89	|11,78	|16,95	|16,58	|100	|16,91	|18,77	|16,14	|19,02	|18,63	|21,23	|18,91	|16,92	|16,34	|16,54	|16,42	|
________________________________________________________
62	|3,68	|3,29	|11,2	|2,97	|2,88	|3,77	|2,56	|2,48	|2,11	|3,28	|2,68	|4,1	|2,41	|2,8	|2,82	|3,15	|21,91	|16,66	|0	|20,08	|16,91	|12,05	|16,99	|16,84	|16,71	|10,66	|13,33	|16,84	|13,86	|11,01	|17,06	|16,37	|0	|15,45	|21,79	|19,02	|18,49	|18,37	|14,56	|20,48	|17,51	|15,96	|17,1	|16,78	|16,55	|11,2	|10,77	|16,88	|12,66	|10,03	|17,16	|16,59	|23,11	|16,82	|13,12	|19,12	|16,62	|12,09	|17,5	|16,63	|18,75	|100	|19,02	|15,95	|19,15	|18,86	|12,06	|19	|17,47	|17,24	|16,75	|16,62	|
________________________________________________________
63	|3,21	|4,24	|1,6	|16,6	|3,76	|2,76	|2,12	|3,37	|2,31	|0	|2,69	|3,83	|2,71	|2,44	|3,37	|3,06	|22,07	|17,2	|0	|19,99	|17,27	|11,89	|16,85	|16,27	|16,88	|10,97	|14,34	|16,89	|15,57	|11,27	|16,96	|16,72	|21,38	|19,34	|17,61	|0	|18,2	|17,8	|17,88	|14,28	|21,97	|13,53	|17,06	|16,34	|16,77	|11,23	|11,18	|16,6	|13,44	|11,76	|16,78	|16,44	|23,06	|16,69	|14,83	|16,78	|17,52	|13,06	|16,41	|16,92	|18,8	|17,18	|100	|16,13	|18,51	|18,04	|18,66	|16,09	|19,79	|19,21	|16,15	|16,59	|
________________________________________________________
64	|0	|4,54	|2,2	|3,22	|2,37	|3,01	|2,29	|1,83	|2,34	|2,34	|16,52	|3,54	|2,41	|3,72	|3,35	|2,66	|21,5	|16,4	|15,07	|21,24	|16,94	|13,45	|16,67	|16,41	|17,11	|11,19	|0	|16,59	|13,58	|11,12	|16,81	|15,96	|21,35	|19,26	|0	|15,44	|18,55	|18,79	|17,99	|14,66	|14,14	|21,67	|17,27	|16,8	|16,66	|11,54	|13,54	|16,7	|13,24	|11,49	|16,52	|16,72	|22,21	|16,52	|11,84	|19,16	|17,03	|10,75	|17,05	|16,63	|19,19	|17,09	|19,14	|100	|18,67	|19,05	|18,31	|16,59	|10,5	|20,04	|16,24	|16,59	|
________________________________________________________
65	|3,77	|4,14	|2,01	|3,15	|2,61	|2,57	|2,22	|2,94	|1,57	|3,39	|2,44	|20,27	|3,23	|2,36	|2,91	|3,33	|22,12	|16,73	|13,62	|20,66	|16,88	|12,19	|16,35	|16,3	|16,44	|10,56	|0	|16,32	|14,12	|10,6	|16,41	|15,38	|20,78	|19,17	|21,63	|19,9	|14,97	|0	|17,66	|14,22	|16,66	|15,75	|21,48	|13,71	|16,71	|11,51	|12,44	|16,56	|12,99	|11,63	|16,92	|16,34	|23	|16,78	|12,08	|20,27	|16,33	|12,1	|16,67	|16,31	|19,19	|17,42	|18,64	|15,85	|100	|18,05	|18,77	|16,43	|16,75	|17,11	|18,86	|19,32	|
________________________________________________________
66	|3,51	|3,98	|1,91	|3,03	|2,86	|2,77	|2,25	|2,86	|0	|3,58	|3,02	|3,68	|2,01	|3,2	|3	|1,99	|22,02	|16,31	|13,98	|20,37	|17,49	|12,42	|16,89	|16,76	|16,52	|10,54	|15,14	|16,48	|14,41	|12,61	|16,6	|15,85	|20,8	|19,38	|21,82	|20,22	|0	|14,8	|17,56	|15	|17,05	|16,2	|14,44	|22,25	|16,71	|11,63	|12,13	|16,66	|12,72	|11,48	|16,56	|16,67	|22,74	|16,72	|14,31	|17,54	|16,43	|12,4	|17,04	|16,9	|18,88	|17,24	|18,26	|16,25	|18,14	|100	|18,33	|16,43	|16,57	|17,35	|11,38	|19,33	|
________________________________________________________
67	|3,48	|3,17	|1,16	|2,81	|3,45	|0	|2,5	|3,61	|1,56	|2,8	|2,35	|3,42	|2,72	|3,24	|3,39	|3,23	|22,1	|16,02	|13,76	|20,33	|17,1	|15,05	|16,03	|15,65	|16,42	|10,27	|11,82	|16,9	|14,59	|12,78	|16,77	|16,19	|23,21	|14,99	|19,16	|17,05	|15,81	|16,14	|16,83	|0	|19,14	|18,24	|18,81	|18,97	|16,67	|11,23	|11,42	|16,61	|13,21	|13,81	|16,45	|15,95	|22,75	|16,57	|11,96	|18,6	|16,99	|13,55	|16,52	|15,88	|19,5	|9,99	|17,11	|14,15	|17,09	|16,61	|100	|18,22	|20,03	|18,5	|18,56	|19,17	|
________________________________________________________
68	|3,38	|4,81	|1,99	|2,86	|3,56	|2,18	|13,58	|2,97	|1,81	|2,96	|2,36	|3,39	|2,88	|3,14	|3,17	|3,25	|21,54	|16,59	|12,4	|20,18	|17,15	|0	|16,51	|16,41	|16,79	|10,69	|12,31	|16,16	|14,37	|12,28	|16,89	|16,31	|15,74	|22,97	|18,97	|17,53	|16,3	|16,48	|0	|12,63	|19,89	|17,58	|18,49	|19,25	|16,6	|11,45	|11,25	|16,83	|13,58	|11,77	|16,69	|16,62	|22,14	|16,94	|12	|18,13	|17,12	|14,14	|16,98	|16,21	|19,57	|17,73	|16,62	|14,45	|16,85	|16,78	|20,54	|100	|19,77	|18,93	|18,81	|19,27	|
________________________________________________________
69	|4,19	|3,89	|1,48	|3,23	|2,64	|3,36	|2,32	|17,24	|2,05	|2,57	|1,42	|3,49	|3,06	|0	|3,55	|3,87	|21,91	|16,39	|12,23	|20,4	|17,3	|0	|16,64	|16,03	|16,96	|10,54	|13,26	|17,16	|14,46	|13,44	|16,56	|16,28	|18,53	|17,64	|24,17	|14,69	|16,32	|15,66	|19,86	|17,27	|14,72	|0	|18,98	|19,05	|17,26	|11,57	|9,5	|16,51	|13,17	|11,88	|17,24	|16,6	|22,68	|16,99	|12,06	|18,77	|16,96	|14,89	|17,11	|16,67	|16,66	|15,5	|19,45	|8,7	|16,34	|16,1	|21,47	|18,8	|100	|19,83	|19,25	|18,75	|
________________________________________________________
70	|2,89	|3,64	|2,08	|3,1	|0	|3,14	|2,64	|3,2	|1,72	|3,66	|2,59	|3,31	|3,06	|2,26	|17,57	|3,23	|21,28	|16,45	|12,05	|20,08	|16,88	|14,9	|16,78	|16,07	|16,85	|10,57	|11,89	|16,47	|14,36	|0	|16,41	|16,42	|17,97	|16,9	|17,06	|22,2	|15,96	|16,18	|18,94	|16,43	|0	|13,43	|19,28	|18,92	|16,5	|11,23	|12,7	|16,65	|13,33	|14,15	|16,19	|16,51	|21,98	|16,44	|11,54	|18,74	|17,57	|12,05	|16,86	|16,99	|16,19	|15,4	|19	|16,71	|16,8	|16,96	|19,96	|18,12	|19,96	|100	|19,2	|19,06	|
________________________________________________________
71	|3,3	|3,41	|1,69	|2,57	|3,48	|3,11	|2,57	|3,13	|2,77	|2,84	|2,04	|3,8	|2,2	|3,05	|2,88	|18,11	|21,6	|16,02	|12,52	|20,69	|17,08	|13,5	|17,05	|15,85	|16,89	|11,02	|11,78	|16,11	|13,98	|0	|16,33	|16,49	|18,21	|16,55	|19,37	|17,41	|21,24	|13,66	|20,1	|16,79	|19,27	|17,97	|14,28	|0	|16,89	|11,44	|11,33	|16,69	|13,02	|12,9	|16,02	|16,74	|22,79	|16,75	|11,06	|18,71	|17,42	|12,34	|18,11	|15,82	|16,85	|15,38	|16,41	|13,91	|19,03	|11,43	|20,58	|18,51	|19,91	|19,73	|100	|19,4	|
________________________________________________________
72	|3,01	|3,52	|1,69	|2,94	|3,25	|3,14	|2,44	|3,1	|1,6	|2,95	|2,65	|3,88	|0	|3,41	|3,69	|3,4	|22,27	|16,2	|12,1	|20,14	|17,05	|13,3	|17,03	|16,64	|16,42	|10,64	|11,77	|17,04	|14,81	|13,32	|16,67	|16,38	|18,2	|16,69	|18,93	|17,3	|14,03	|21,68	|20,28	|17,14	|19,79	|18,2	|0	|14,5	|16,97	|11,47	|11,44	|16,82	|13,05	|12,97	|16,35	|16,56	|22,36	|16,85	|13	|18,48	|16,89	|14,94	|16,17	|16,22	|16,46	|15,02	|16,61	|14	|19,2	|19,13	|20,92	|18,66	|19,1	|19,28	|19,1	|100	|
________________________________________________________
