0	|1	|2	|3	|4	|5	|6	|7	|8	|9	|10	|11	|12	|13	|14	|15	|16	|17	|18	|19	|20	|21	|22	|23	|24	|25	|26	|27	|28	|29	|30	|31	|32	|33	|34	|35	|36	|37	|38	|39	|40	|41	|42	|43	|44	|45	|46	|47	|48	|49	|50	|51	|52	|53	|54	|55	|56	|57	|58	|59	|60	|61	|62	|63	|64	|65	|66	|67	|68	|69	|70	|71	|72	|
1	|3321	|105	|68	|111	|134	|95	|104	|140	|95	|87	|0	|111	|90	|56	|97	|118	|790	|3321	|370	|667	|690	|437	|605	|632	|640	|478	|476	|568	|557	|351	|522	|531	|723	|591	|3321	|614	|608	|635	|648	|457	|626	|389	|527	|553	|0	|332	|0	|647	|582	|423	|634	|637	|629	|679	|464	|572	|541	|443	|591	|551	|639	|608	|513	|0	|564	|634	|693	|533	|708	|498	|504	|564	|
________________________________________________________
2	|105	|3595	|56	|109	|109	|124	|0	|137	|57	|133	|96	|163	|74	|94	|103	|115	|919	|610	|461	|3595	|689	|499	|655	|684	|617	|313	|453	|680	|372	|399	|592	|581	|671	|3595	|690	|769	|692	|714	|722	|630	|600	|576	|620	|610	|710	|454	|0	|521	|0	|479	|683	|672	|835	|627	|480	|777	|544	|453	|632	|571	|0	|465	|725	|629	|687	|641	|574	|767	|585	|631	|594	|588	|
________________________________________________________
3	|68	|56	|1664	|37	|68	|71	|54	|52	|53	|56	|75	|71	|41	|50	|83	|57	|0	|234	|0	|421	|373	|247	|304	|306	|206	|248	|231	|268	|245	|160	|249	|286	|0	|245	|395	|344	|324	|332	|229	|362	|280	|278	|302	|259	|313	|1664	|166	|269	|275	|187	|307	|325	|296	|339	|190	|303	|316	|228	|266	|279	|300	|1664	|289	|311	|330	|321	|196	|308	|263	|348	|281	|247	|
________________________________________________________
4	|111	|109	|37	|2786	|0	|86	|67	|119	|68	|0	|65	|119	|70	|57	|114	|105	|773	|573	|0	|498	|0	|414	|546	|489	|462	|315	|383	|584	|363	|342	|476	|467	|620	|585	|508	|0	|556	|520	|514	|386	|632	|396	|479	|469	|538	|307	|297	|2786	|447	|416	|533	|525	|609	|468	|374	|576	|564	|443	|449	|484	|600	|401	|2786	|426	|529	|538	|503	|444	|524	|505	|433	|482	|
________________________________________________________
5	|134	|109	|68	|0	|3014	|91	|83	|115	|65	|96	|54	|80	|104	|90	|0	|112	|669	|568	|443	|696	|3014	|343	|532	|614	|514	|298	|543	|561	|499	|404	|508	|508	|524	|487	|657	|577	|469	|481	|625	|444	|3014	|531	|558	|609	|575	|411	|385	|0	|331	|0	|656	|612	|683	|490	|353	|516	|638	|454	|530	|477	|465	|436	|685	|346	|443	|488	|683	|578	|473	|0	|551	|588	|
________________________________________________________
6	|95	|124	|71	|86	|91	|2760	|66	|72	|51	|84	|77	|87	|69	|103	|106	|121	|680	|512	|362	|607	|494	|323	|2760	|546	|443	|275	|369	|484	|366	|310	|527	|359	|354	|524	|519	|480	|449	|422	|530	|2760	|490	|524	|527	|488	|499	|338	|331	|562	|444	|0	|368	|0	|639	|480	|345	|544	|517	|396	|609	|389	|368	|536	|449	|432	|417	|468	|0	|370	|571	|547	|523	|494	|
________________________________________________________
7	|104	|0	|54	|67	|83	|66	|2128	|61	|55	|34	|35	|41	|93	|73	|86	|59	|494	|415	|306	|0	|296	|0	|453	|432	|383	|232	|313	|276	|424	|243	|352	|398	|318	|454	|455	|363	|356	|347	|0	|260	|468	|435	|428	|400	|367	|308	|266	|406	|2128	|254	|334	|417	|495	|328	|256	|282	|428	|279	|323	|384	|397	|375	|367	|280	|308	|315	|442	|2128	|379	|392	|408	|398	|
________________________________________________________
8	|140	|137	|52	|119	|115	|72	|61	|3081	|62	|66	|51	|126	|85	|0	|94	|130	|762	|582	|450	|747	|671	|0	|393	|0	|517	|338	|385	|550	|418	|372	|680	|415	|638	|506	|743	|474	|540	|480	|679	|508	|425	|0	|597	|563	|585	|417	|385	|616	|413	|338	|3081	|635	|698	|510	|379	|608	|560	|434	|593	|546	|623	|419	|591	|278	|554	|489	|649	|531	|3081	|586	|571	|568	|
________________________________________________________
9	|95	|57	|53	|68	|65	|51	|55	|62	|1899	|51	|40	|66	|61	|59	|73	|110	|332	|434	|229	|356	|347	|218	|313	|361	|435	|1899	|234	|316	|354	|237	|382	|372	|392	|355	|423	|339	|1899	|322	|334	|265	|344	|276	|350	|227	|192	|310	|231	|317	|278	|219	|307	|300	|0	|225	|0	|423	|397	|258	|382	|366	|350	|320	|388	|272	|266	|0	|357	|327	|339	|341	|422	|269	|
________________________________________________________
10	|87	|133	|56	|0	|96	|84	|34	|66	|51	|2768	|71	|87	|85	|121	|0	|84	|598	|427	|450	|605	|582	|496	|402	|473	|553	|309	|327	|2768	|486	|389	|544	|546	|537	|525	|570	|2768	|452	|582	|479	|401	|536	|506	|455	|471	|433	|312	|360	|543	|277	|314	|443	|473	|751	|548	|0	|400	|0	|399	|520	|517	|516	|411	|0	|360	|543	|550	|515	|418	|386	|602	|427	|466	|
________________________________________________________
11	|0	|96	|75	|65	|54	|77	|35	|51	|40	|71	|2406	|80	|50	|90	|87	|60	|459	|503	|378	|513	|394	|361	|420	|399	|0	|163	|0	|466	|357	|312	|462	|461	|485	|418	|0	|361	|480	|499	|459	|340	|330	|494	|399	|436	|457	|338	|338	|370	|284	|285	|400	|383	|633	|2406	|272	|475	|501	|311	|463	|451	|453	|418	|462	|2406	|396	|497	|458	|357	|284	|465	|349	|475	|
________________________________________________________
12	|111	|163	|71	|119	|80	|87	|41	|126	|66	|87	|80	|3329	|0	|100	|147	|136	|798	|540	|477	|752	|472	|461	|541	|572	|667	|411	|0	|439	|0	|409	|638	|615	|692	|652	|779	|689	|479	|0	|573	|489	|589	|487	|722	|462	|613	|335	|411	|647	|317	|425	|543	|521	|861	|564	|405	|3329	|700	|477	|602	|596	|584	|579	|657	|501	|3329	|590	|592	|530	|570	|562	|660	|635	|
________________________________________________________
13	|90	|74	|41	|70	|104	|69	|93	|85	|61	|85	|50	|0	|2444	|49	|58	|84	|535	|405	|320	|369	|482	|337	|381	|476	|478	|300	|353	|554	|2444	|276	|379	|533	|435	|412	|527	|420	|454	|454	|470	|372	|491	|387	|2444	|506	|409	|293	|290	|334	|473	|352	|355	|443	|666	|469	|357	|0	|288	|0	|488	|525	|406	|353	|417	|285	|522	|341	|514	|430	|543	|456	|337	|0	|
________________________________________________________
14	|56	|94	|50	|57	|90	|103	|73	|0	|59	|121	|90	|100	|49	|2678	|99	|78	|579	|441	|333	|535	|494	|399	|495	|517	|502	|337	|351	|530	|393	|298	|2678	|586	|507	|447	|386	|560	|430	|518	|551	|458	|542	|2678	|425	|558	|436	|296	|331	|452	|368	|336	|569	|373	|694	|527	|349	|611	|583	|0	|350	|0	|428	|363	|374	|515	|396	|492	|564	|479	|0	|385	|539	|535	|
________________________________________________________
15	|97	|103	|83	|114	|0	|106	|86	|94	|73	|0	|87	|147	|58	|99	|3000	|84	|631	|495	|350	|584	|621	|489	|481	|470	|537	|390	|449	|0	|274	|0	|601	|617	|529	|501	|492	|651	|498	|488	|603	|476	|0	|407	|575	|606	|471	|344	|477	|586	|454	|411	|482	|504	|760	|593	|449	|703	|3000	|386	|515	|626	|504	|446	|582	|469	|518	|501	|628	|510	|592	|3000	|542	|612	|
________________________________________________________
16	|118	|115	|57	|105	|112	|121	|59	|130	|110	|84	|60	|136	|84	|78	|84	|3072	|667	|517	|387	|679	|550	|404	|659	|487	|586	|378	|426	|593	|567	|0	|429	|0	|573	|493	|635	|509	|667	|431	|576	|485	|661	|566	|441	|0	|480	|339	|363	|546	|359	|383	|589	|356	|793	|556	|435	|635	|559	|375	|3072	|643	|505	|477	|544	|413	|592	|352	|639	|596	|649	|525	|3072	|545	|
________________________________________________________
17	|790	|919	|0	|773	|669	|680	|494	|762	|332	|598	|459	|798	|535	|579	|631	|667	|21852	|4072	|3052	|4979	|4190	|3045	|4043	|4202	|4071	|1842	|2594	|3630	|3163	|2480	|3620	|3610	|3978	|3707	|4118	|3799	|3626	|3553	|3839	|3175	|3648	|3545	|3648	|3591	|3200	|0	|2953	|4251	|3205	|2872	|4098	|4148	|5463	|3263	|2726	|4067	|3765	|2669	|3652	|3616	|3680	|3342	|3677	|3097	|3579	|3602	|4067	|3527	|3783	|3669	|3695	|3656	|
________________________________________________________
18	|3321	|610	|234	|573	|568	|512	|415	|582	|434	|427	|503	|540	|405	|441	|495	|517	|4072	|16770	|1953	|3831	|3377	|2367	|3171	|3135	|3343	|2351	|1932	|2757	|2425	|1836	|2746	|2791	|3068	|2865	|3321	|2869	|2769	|2752	|2954	|2510	|2809	|2666	|2721	|2824	|0	|1498	|0	|3163	|2547	|2193	|3123	|3232	|3183	|3424	|1987	|3103	|2840	|2060	|2797	|2785	|2772	|2573	|2828	|2395	|2684	|2825	|3096	|2654	|2903	|2839	|2808	|2809	|
________________________________________________________
19	|370	|461	|0	|0	|443	|362	|306	|450	|229	|450	|378	|477	|320	|333	|350	|387	|3052	|1953	|12275	|2518	|2522	|1849	|2272	|2341	|2208	|1096	|1744	|2068	|1822	|1332	|2042	|2045	|2717	|2066	|2361	|2566	|2276	|2291	|2437	|1525	|2022	|1961	|2110	|2065	|2470	|0	|1215	|0	|1901	|1594	|2258	|2220	|2981	|2057	|1640	|2267	|2129	|1468	|2062	|1950	|2521	|0	|0	|2123	|2270	|2236	|2502	|1941	|2122	|2021	|2096	|1999	|
________________________________________________________
20	|667	|3595	|421	|498	|696	|607	|0	|747	|356	|605	|513	|752	|369	|535	|584	|679	|4979	|3831	|2518	|20084	|3956	|2834	|3699	|3770	|3298	|2097	|2135	|3749	|2205	|2239	|3224	|3313	|3551	|3595	|3772	|3415	|3355	|3302	|3589	|3057	|3374	|3216	|3317	|3347	|3763	|2662	|0	|2858	|0	|2917	|3742	|3792	|4479	|3343	|2413	|4292	|3055	|2660	|3336	|3356	|3272	|2962	|3352	|3033	|3344	|3336	|3690	|3175	|3427	|3501	|3450	|3359	|
________________________________________________________
21	|690	|689	|373	|0	|3014	|494	|296	|671	|347	|582	|394	|472	|482	|494	|621	|550	|4190	|3377	|2522	|3956	|17299	|2089	|3308	|3240	|2926	|1815	|2348	|3345	|2939	|1868	|2932	|2885	|3091	|2815	|3366	|3042	|2790	|2819	|3040	|2661	|3014	|2743	|2866	|2918	|3233	|2270	|2263	|0	|1764	|0	|3384	|3362	|3985	|2812	|2101	|2729	|3566	|2176	|2930	|2782	|2822	|2630	|2915	|2375	|2741	|2855	|3187	|2794	|3029	|2969	|2909	|2920	|
________________________________________________________
22	|437	|499	|247	|414	|343	|323	|0	|0	|218	|496	|361	|461	|337	|399	|489	|404	|3045	|2367	|1849	|2834	|2089	|12418	|2090	|2509	|2136	|1273	|1495	|2256	|1640	|1628	|2017	|2091	|2254	|2039	|2183	|2343	|2022	|2053	|2720	|1849	|2099	|2361	|2302	|2342	|2314	|1562	|1543	|2506	|0	|1277	|0	|2485	|2871	|2085	|1534	|2514	|2262	|1650	|2054	|2035	|2120	|1876	|2062	|2049	|2035	|2080	|2879	|0	|0	|2547	|2352	|2223	|
________________________________________________________
23	|605	|655	|304	|546	|532	|2760	|453	|393	|313	|402	|420	|541	|381	|495	|481	|659	|4043	|3171	|2272	|3699	|3308	|2090	|16479	|3249	|2732	|1744	|2005	|2702	|2491	|1683	|3132	|1981	|3011	|2727	|3190	|2772	|2672	|2694	|2792	|2760	|2866	|2638	|2885	|2823	|3086	|2108	|2004	|3122	|2545	|0	|2176	|0	|3768	|2835	|1999	|3000	|2813	|2015	|3483	|2340	|2655	|2509	|2810	|2286	|2683	|2737	|2914	|2633	|2859	|2771	|2837	|2809	|
________________________________________________________
24	|632	|684	|306	|489	|614	|546	|432	|0	|361	|473	|399	|572	|476	|517	|470	|487	|4202	|3135	|2341	|3770	|3240	|2509	|3249	|16733	|2817	|1778	|2055	|2806	|2522	|2077	|3220	|3106	|2954	|2808	|3332	|2893	|2886	|2759	|2791	|2457	|2814	|2677	|2758	|2805	|3138	|2177	|1981	|3031	|2502	|2439	|0	|1393	|3881	|2810	|1968	|3159	|2820	|1998	|2350	|3551	|2786	|2611	|2817	|2356	|2743	|2730	|2914	|2690	|2837	|2827	|2770	|2700	|
________________________________________________________
25	|640	|617	|206	|462	|514	|443	|383	|517	|435	|553	|0	|667	|478	|502	|537	|586	|4071	|3343	|2208	|3298	|2926	|2136	|2732	|2817	|16651	|2378	|2491	|3076	|2795	|2001	|3160	|3132	|3047	|2878	|3080	|2865	|2762	|2771	|3030	|2499	|2862	|2663	|2770	|2852	|3298	|1461	|1856	|2748	|2203	|1880	|2767	|2821	|3148	|0	|2366	|3537	|3263	|2272	|3227	|3090	|2814	|2512	|2762	|2413	|2697	|2680	|3102	|2648	|2759	|2835	|2809	|2751	|
________________________________________________________
26	|478	|313	|248	|315	|298	|275	|232	|338	|1899	|309	|163	|411	|300	|337	|390	|378	|1842	|2351	|1096	|2097	|1815	|1273	|1744	|1778	|2378	|10550	|1301	|1974	|1723	|1326	|2034	|2014	|1994	|1768	|2084	|1821	|1899	|1670	|1848	|1596	|1736	|1724	|1728	|1783	|1163	|1664	|1181	|1791	|1425	|1229	|1746	|1758	|0	|1144	|0	|2265	|2046	|1427	|2006	|1966	|1761	|1623	|1780	|1462	|1710	|1747	|1960	|1707	|1845	|1870	|1753	|1746	|
________________________________________________________
27	|476	|453	|231	|383	|543	|369	|313	|385	|234	|327	|0	|0	|353	|351	|449	|426	|2594	|1932	|1744	|2135	|2348	|1495	|2005	|2055	|2491	|1301	|12115	|2032	|2195	|1574	|2181	|2261	|2512	|2275	|2736	|2110	|2001	|2467	|2111	|1827	|2301	|1764	|2024	|2088	|1996	|1429	|1523	|2003	|1817	|1411	|2001	|1998	|3273	|0	|1257	|0	|2552	|1634	|2204	|2200	|2311	|2013	|2482	|0	|0	|2571	|2224	|1911	|2302	|2044	|2079	|2000	|
________________________________________________________
28	|568	|680	|268	|584	|561	|484	|276	|550	|316	|2768	|466	|439	|554	|530	|0	|593	|3630	|2757	|2068	|3749	|3345	|2256	|2702	|2806	|3076	|1974	|2032	|16586	|3041	|2276	|3173	|3241	|3006	|2833	|3144	|2768	|2617	|2816	|2939	|2400	|2883	|2593	|2780	|2894	|2822	|1901	|1820	|3415	|1721	|1975	|2707	|2798	|4318	|3134	|0	|2464	|0	|2428	|3169	|3129	|2784	|2464	|2768	|2332	|2684	|2759	|3060	|2620	|2933	|2719	|2696	|2851	|
________________________________________________________
29	|557	|372	|245	|363	|499	|366	|424	|418	|354	|486	|357	|0	|2444	|393	|274	|567	|3163	|2425	|1822	|2205	|2939	|1640	|2491	|2522	|2795	|1723	|2195	|3041	|14561	|1636	|2738	|2833	|2584	|2357	|3048	|2460	|2408	|2358	|2490	|2180	|2396	|2346	|2444	|2569	|2427	|1610	|1775	|1873	|2596	|1680	|2396	|2450	|3738	|2785	|2150	|0	|1711	|0	|2785	|2824	|2399	|2102	|2639	|1801	|2345	|2333	|2688	|2309	|2495	|2367	|2355	|2445	|
________________________________________________________
30	|351	|399	|160	|342	|404	|310	|243	|372	|237	|389	|312	|409	|276	|298	|0	|0	|2480	|1836	|1332	|2239	|1868	|1628	|1683	|2077	|2001	|1326	|1574	|2276	|1636	|11032	|1896	|2204	|2078	|1892	|2154	|1918	|1625	|2020	|2173	|1752	|2331	|1745	|1811	|2281	|1828	|1209	|1241	|1887	|1419	|1441	|1714	|2049	|2841	|2153	|1546	|2384	|0	|1200	|0	|2174	|1831	|1588	|1879	|1540	|1718	|2072	|2264	|1932	|2297	|0	|0	|2163	|
________________________________________________________
31	|522	|592	|249	|476	|508	|527	|352	|680	|382	|544	|462	|638	|379	|2678	|601	|429	|3620	|2746	|2042	|3224	|2932	|2017	|3132	|3220	|3160	|2034	|2181	|3173	|2738	|1896	|16590	|3500	|3083	|2835	|3203	|2891	|2847	|2684	|2988	|2498	|2849	|2678	|2735	|2759	|2764	|1860	|1807	|2801	|2241	|1921	|3549	|2427	|4334	|3157	|2248	|3525	|3298	|0	|2115	|0	|2715	|2458	|2812	|2323	|2655	|2730	|3077	|2620	|2844	|2819	|2816	|2738	|
________________________________________________________
32	|531	|581	|286	|467	|508	|359	|398	|415	|372	|546	|461	|615	|533	|586	|617	|0	|3610	|2791	|2045	|3313	|2885	|2091	|1981	|3106	|3132	|2014	|2261	|3241	|2833	|2204	|3500	|16700	|3027	|2831	|3252	|2833	|2814	|2694	|2967	|2448	|2795	|2699	|2719	|2744	|2753	|1955	|1839	|2740	|2243	|2117	|2318	|3709	|4280	|3107	|2273	|3527	|3286	|2453	|0	|1460	|2821	|2528	|2793	|2322	|2680	|2682	|3123	|2675	|2837	|2881	|2808	|2736	|
________________________________________________________
33	|723	|671	|0	|620	|524	|354	|318	|638	|392	|537	|485	|692	|435	|507	|529	|573	|3978	|3068	|2717	|3551	|3091	|2254	|3011	|2954	|3047	|1994	|2512	|3006	|2584	|2078	|3083	|3027	|18258	|3400	|4083	|3476	|3449	|3394	|3680	|1962	|3167	|2967	|2954	|3008	|2991	|2096	|2468	|2923	|2313	|2396	|3073	|3073	|4242	|3038	|2429	|3499	|3169	|2186	|3097	|3038	|2711	|0	|3586	|2886	|3348	|3488	|4180	|2514	|3150	|3001	|3060	|2986	|
________________________________________________________
34	|591	|3595	|245	|585	|487	|524	|454	|506	|355	|525	|418	|652	|412	|447	|501	|493	|3707	|2865	|2066	|3595	|2815	|2039	|2727	|2808	|2878	|1768	|2275	|2833	|2357	|1892	|2835	|2831	|3400	|16899	|3682	|3247	|3232	|3238	|3397	|2849	|2915	|2702	|2784	|2821	|2805	|1888	|0	|2874	|2186	|1908	|2763	|2855	|3775	|2815	|2282	|3249	|2891	|2053	|2800	|2774	|0	|2271	|3257	|2672	|3157	|3159	|2724	|3639	|2829	|2892	|2777	|2868	|
________________________________________________________
35	|3321	|690	|395	|508	|657	|519	|455	|743	|423	|570	|0	|779	|527	|386	|492	|635	|4118	|3321	|2361	|3772	|3366	|2183	|3190	|3332	|3080	|2084	|2736	|3144	|3048	|2154	|3203	|3252	|4083	|3682	|19222	|3625	|3556	|3477	|3332	|2859	|3742	|2270	|3268	|3183	|3136	|2231	|0	|3144	|2579	|2192	|3160	|3195	|4298	|3205	|2826	|3486	|3273	|2513	|3203	|3246	|3602	|3238	|2961	|0	|3554	|3611	|3578	|3137	|4090	|2745	|3175	|3225	|
________________________________________________________
36	|614	|769	|344	|0	|577	|480	|363	|474	|339	|2768	|361	|689	|420	|560	|651	|509	|3799	|2869	|2566	|3415	|3042	|2343	|2772	|2893	|2865	|1821	|2110	|2768	|2460	|1918	|2891	|2833	|3476	|3247	|3625	|17129	|3312	|3298	|3076	|2549	|3340	|3211	|2895	|2881	|2749	|1972	|2313	|2785	|2242	|1892	|2866	|2874	|3879	|2823	|0	|3177	|2922	|2043	|2887	|2847	|3166	|2856	|0	|2134	|3223	|3257	|3140	|2738	|2465	|3749	|2833	|2833	|
________________________________________________________
37	|608	|692	|324	|556	|469	|449	|356	|540	|1899	|452	|480	|479	|454	|430	|498	|667	|3626	|2769	|2276	|3355	|2790	|2022	|2672	|2886	|2762	|1899	|2001	|2617	|2408	|1625	|2847	|2814	|3449	|3232	|3556	|3312	|16499	|2975	|2960	|2399	|2776	|2722	|3127	|1947	|2744	|1849	|1931	|2768	|2163	|1914	|2749	|2757	|3689	|2725	|0	|3029	|2825	|2041	|2827	|2848	|3172	|2833	|3097	|2739	|2467	|0	|3050	|2616	|2789	|2782	|3607	|2332	|
________________________________________________________
38	|635	|714	|332	|520	|481	|422	|347	|480	|322	|582	|499	|0	|454	|518	|488	|431	|3553	|2752	|2291	|3302	|2819	|2053	|2694	|2759	|2771	|1670	|2467	|2816	|2358	|2020	|2684	|2694	|3394	|3238	|3477	|3298	|2975	|16493	|3012	|2431	|2834	|2770	|3076	|3193	|2678	|1926	|1985	|2760	|2116	|1902	|2701	|2815	|3644	|2759	|2360	|2959	|2757	|1958	|2789	|2696	|3137	|2812	|3057	|2721	|0	|2494	|3011	|2647	|2695	|2844	|2360	|3594	|
________________________________________________________
39	|648	|722	|229	|514	|625	|530	|0	|679	|334	|479	|459	|573	|470	|551	|603	|576	|3839	|2954	|2437	|3589	|3040	|2720	|2792	|2791	|3030	|1848	|2111	|2939	|2490	|2173	|2988	|2967	|3680	|3397	|3332	|3076	|2960	|3012	|17754	|2856	|3406	|3277	|3360	|3351	|2957	|2072	|1961	|3005	|2390	|2540	|2946	|2892	|4116	|2934	|2099	|3254	|3106	|2382	|2948	|2831	|3948	|2088	|3016	|2581	|2826	|2896	|3045	|0	|3485	|3423	|3318	|3351	|
________________________________________________________
40	|457	|630	|362	|386	|444	|2760	|260	|508	|265	|401	|340	|489	|372	|458	|476	|485	|3175	|2510	|1525	|3057	|2661	|1849	|2760	|2457	|2499	|1596	|1827	|2400	|2180	|1752	|2498	|2448	|1962	|2849	|2859	|2549	|2399	|2431	|2856	|14834	|2926	|2767	|2719	|2854	|2410	|1748	|1609	|2397	|1909	|0	|2382	|2454	|3314	|2515	|1821	|2744	|2579	|2031	|2577	|2446	|1977	|3041	|2485	|2076	|2346	|2467	|0	|1938	|2910	|2867	|2771	|2822	|
________________________________________________________
41	|626	|600	|280	|632	|3014	|490	|468	|425	|344	|536	|330	|589	|491	|542	|0	|661	|3648	|2809	|2022	|3374	|3014	|2099	|2866	|2814	|2862	|1736	|2301	|2883	|2396	|2331	|2849	|2795	|3167	|2915	|3742	|3340	|2776	|2834	|3406	|2926	|17062	|3143	|3254	|3249	|2827	|1990	|1837	|2788	|2294	|0	|2852	|2854	|3860	|2805	|2008	|3200	|2905	|2495	|2916	|2872	|2870	|2571	|3752	|2095	|2746	|2823	|3474	|3111	|2516	|0	|3270	|3260	|
________________________________________________________
42	|389	|576	|278	|396	|531	|524	|435	|0	|276	|506	|494	|487	|387	|2678	|407	|566	|3545	|2666	|1961	|3216	|2743	|2361	|2638	|2677	|2663	|1724	|1764	|2593	|2346	|1745	|2678	|2699	|2967	|2702	|2270	|3211	|2722	|2770	|3277	|2767	|3143	|16177	|3043	|3161	|2687	|1836	|2075	|2723	|2186	|2208	|2632	|2700	|3551	|2686	|1921	|2995	|2749	|0	|2748	|2642	|2648	|2367	|2290	|3136	|2594	|2745	|3349	|2948	|0	|2297	|3093	|3110	|
________________________________________________________
43	|527	|620	|302	|479	|558	|527	|428	|597	|350	|455	|399	|722	|2444	|425	|575	|441	|3648	|2721	|2110	|3317	|2866	|2302	|2885	|2758	|2770	|1728	|2024	|2780	|2444	|1811	|2735	|2719	|2954	|2784	|3268	|2895	|3127	|3076	|3360	|2719	|3254	|3043	|16543	|3173	|2744	|1904	|1840	|2835	|2243	|2213	|2654	|2757	|3867	|2771	|2010	|3017	|2772	|0	|2796	|2729	|2787	|2498	|2733	|2317	|3586	|2347	|3490	|3038	|3219	|3179	|2393	|0	|
________________________________________________________
44	|553	|610	|259	|469	|609	|488	|400	|563	|227	|471	|436	|462	|506	|558	|606	|0	|3591	|2824	|2065	|3347	|2918	|2342	|2823	|2805	|2852	|1783	|2088	|2894	|2569	|2281	|2759	|2744	|3008	|2821	|3183	|2881	|1947	|3193	|3351	|2854	|3249	|3161	|3173	|16806	|2715	|1894	|1864	|2757	|2213	|2165	|2711	|2703	|3824	|2735	|2160	|3083	|2831	|2490	|2703	|2654	|2742	|2486	|2811	|2374	|2343	|3673	|3470	|3013	|3222	|3208	|0	|2440	|
________________________________________________________
45	|0	|710	|313	|538	|575	|499	|367	|585	|192	|433	|457	|613	|409	|436	|471	|480	|3200	|0	|2470	|3763	|3233	|2314	|3086	|3138	|3298	|1163	|1996	|2822	|2427	|1828	|2764	|2753	|2991	|2805	|3136	|2749	|2744	|2678	|2957	|2410	|2827	|2687	|2744	|2715	|16568	|2315	|2206	|3235	|2446	|2185	|3046	|3229	|4394	|3220	|2145	|2962	|2809	|1967	|2773	|2790	|2792	|2462	|2750	|2278	|2718	|2705	|2997	|2612	|2866	|2712	|2804	|2830	|
________________________________________________________
46	|332	|454	|1664	|307	|411	|338	|308	|417	|310	|312	|338	|335	|293	|296	|344	|339	|0	|1498	|0	|2662	|2270	|1562	|2108	|2177	|1461	|1664	|1429	|1901	|1610	|1209	|1860	|1955	|2096	|1888	|2231	|1972	|1849	|1926	|2072	|1748	|1990	|1836	|1904	|1894	|2315	|11390	|1204	|2070	|1734	|1460	|2098	|2189	|2084	|2293	|1205	|2115	|1935	|1454	|1859	|1871	|1933	|1664	|1930	|1543	|1835	|1971	|2048	|1859	|2010	|1884	|1850	|1883	|
________________________________________________________
47	|0	|0	|166	|297	|385	|331	|266	|385	|231	|360	|338	|411	|290	|331	|477	|363	|2953	|0	|1215	|0	|2263	|1543	|2004	|1981	|1856	|1181	|1523	|1820	|1775	|1241	|1807	|1839	|2468	|0	|0	|2313	|1931	|1985	|1961	|1609	|1837	|2075	|1840	|1864	|2206	|1204	|10968	|1877	|1759	|1515	|2008	|1940	|2501	|1885	|1573	|1852	|2039	|1288	|1923	|1796	|2239	|1655	|1857	|1914	|1978	|2017	|2012	|1735	|1732	|2022	|1838	|1710	|
________________________________________________________
48	|647	|521	|269	|2786	|0	|562	|406	|616	|317	|543	|370	|647	|334	|452	|586	|546	|4251	|3163	|0	|2858	|0	|2506	|3122	|3031	|2748	|1791	|2003	|3415	|1873	|1887	|2801	|2740	|2923	|2874	|3144	|2785	|2768	|2760	|3005	|2397	|2788	|2723	|2835	|2757	|3235	|2070	|1877	|16639	|2637	|2401	|3106	|3134	|3722	|2794	|1910	|3528	|3382	|2201	|2808	|2752	|2765	|2534	|2786	|2335	|2725	|2738	|3028	|2642	|2803	|2767	|2776	|2749	|
________________________________________________________
49	|582	|0	|275	|447	|331	|444	|2128	|413	|278	|277	|284	|317	|473	|368	|454	|359	|3205	|2547	|1901	|0	|1764	|0	|2545	|2502	|2203	|1425	|1817	|1721	|2596	|1419	|2241	|2243	|2313	|2186	|2579	|2242	|2163	|2116	|2390	|1909	|2294	|2186	|2243	|2213	|2446	|1734	|1759	|2637	|13173	|1466	|2447	|2526	|3006	|2231	|1562	|1763	|2653	|1431	|2229	|2132	|2131	|1910	|2220	|1749	|2030	|2059	|2402	|2128	|2344	|2145	|2176	|2187	|
________________________________________________________
50	|423	|479	|187	|416	|0	|0	|254	|338	|219	|314	|285	|425	|352	|336	|411	|383	|2872	|2193	|1594	|2917	|0	|1277	|0	|2439	|1880	|1229	|1411	|1975	|1680	|1441	|1921	|2117	|2396	|1908	|2192	|1892	|1914	|1902	|2540	|0	|0	|2208	|2213	|2165	|2185	|1460	|1515	|2401	|1466	|11561	|1922	|2230	|2666	|1950	|1375	|2161	|2078	|1703	|1770	|2083	|2128	|1488	|1994	|1647	|1917	|1925	|2572	|1858	|1959	|2345	|2176	|2171	|
________________________________________________________
51	|634	|683	|307	|533	|656	|368	|334	|3081	|307	|443	|400	|543	|355	|569	|482	|589	|4098	|3123	|2258	|3742	|3384	|0	|2176	|0	|2767	|1746	|2001	|2707	|2396	|1714	|3549	|2318	|3073	|2763	|3160	|2866	|2749	|2701	|2946	|2382	|2852	|2632	|2654	|2711	|3046	|2098	|2008	|3106	|2447	|1922	|16453	|3316	|3689	|2739	|1975	|3052	|2807	|1996	|3183	|3010	|2707	|2523	|2831	|2302	|2710	|2694	|2954	|2704	|3081	|2778	|2786	|2723	|
________________________________________________________
52	|637	|672	|325	|525	|612	|0	|417	|635	|300	|473	|383	|521	|443	|373	|504	|356	|4148	|3232	|2220	|3792	|3362	|2485	|0	|1393	|2821	|1758	|1998	|2798	|2450	|2049	|2427	|3709	|3073	|2855	|3195	|2874	|2757	|2815	|2892	|2454	|2854	|2700	|2757	|2703	|3229	|2189	|1940	|3134	|2526	|2230	|3316	|16768	|3882	|2703	|2063	|3046	|2916	|2012	|2046	|3102	|2789	|2537	|2834	|2365	|2718	|2750	|3035	|2652	|2822	|2803	|2701	|2761	|
________________________________________________________
53	|629	|835	|296	|609	|683	|639	|495	|698	|0	|751	|633	|861	|666	|694	|760	|793	|5463	|3183	|2981	|4479	|3985	|2871	|3768	|3881	|3148	|0	|3273	|4318	|3738	|2841	|4334	|4280	|4242	|3775	|4298	|3879	|3689	|3644	|4116	|3314	|3860	|3551	|3867	|3824	|4394	|2084	|2501	|3722	|3006	|2666	|3689	|3882	|22747	|4441	|3083	|4856	|4515	|3113	|4269	|4331	|3834	|3346	|3817	|3189	|3874	|3697	|4236	|3651	|3932	|3898	|3920	|3775	|
________________________________________________________
54	|679	|627	|339	|468	|490	|480	|328	|510	|225	|548	|2406	|564	|469	|527	|593	|556	|3263	|3424	|2057	|3343	|2812	|2085	|2835	|2810	|0	|1144	|0	|3134	|2785	|2153	|3157	|3107	|3038	|2815	|3205	|2823	|2725	|2759	|2934	|2515	|2805	|2686	|2771	|2735	|3220	|2293	|1885	|2794	|2231	|1950	|2739	|2703	|4441	|16702	|2063	|3515	|3275	|2264	|3195	|3167	|2738	|2504	|2830	|2406	|2717	|2733	|3046	|2643	|2826	|2816	|2750	|2793	|
________________________________________________________
55	|464	|480	|190	|374	|353	|345	|256	|379	|0	|0	|272	|405	|357	|349	|449	|435	|2726	|1987	|1640	|2413	|2101	|1534	|1999	|1968	|2366	|0	|1257	|0	|2150	|1546	|2248	|2273	|2429	|2282	|2826	|0	|0	|2360	|2099	|1821	|2008	|1921	|2010	|2160	|2145	|1205	|1573	|1910	|1562	|1375	|1975	|2063	|3083	|2063	|12048	|2371	|2577	|1803	|2298	|2241	|2165	|1962	|2456	|1650	|1973	|2363	|2200	|1971	|2088	|2011	|1903	|2223	|
________________________________________________________
56	|572	|777	|303	|576	|516	|544	|282	|608	|423	|400	|475	|3329	|0	|611	|703	|635	|4067	|3103	|2267	|4292	|2729	|2514	|3000	|3159	|3537	|2265	|0	|2464	|0	|2384	|3525	|3527	|3499	|3249	|3486	|3177	|3029	|2959	|3254	|2744	|3200	|2995	|3017	|3083	|2962	|2115	|1852	|3528	|1763	|2161	|3052	|3046	|4856	|3515	|2371	|18489	|3887	|2596	|3492	|3438	|3087	|2827	|2998	|2805	|3329	|3032	|3386	|3026	|3162	|3238	|3097	|3068	|
________________________________________________________
57	|541	|544	|316	|564	|638	|517	|428	|560	|397	|0	|501	|700	|288	|583	|3000	|559	|3765	|2840	|2129	|3055	|3566	|2262	|2813	|2820	|3263	|2046	|2552	|0	|1711	|0	|3298	|3286	|3169	|2891	|3273	|2922	|2825	|2757	|3106	|2579	|2905	|2749	|2772	|2831	|2809	|1935	|2039	|3382	|2653	|2078	|2807	|2916	|4515	|3275	|2577	|3887	|17235	|2246	|3310	|3311	|2875	|2510	|2939	|2433	|2769	|2805	|3135	|2725	|3020	|3000	|2975	|2807	|
________________________________________________________
58	|443	|453	|228	|443	|454	|396	|279	|434	|258	|399	|311	|477	|0	|0	|386	|375	|2669	|2060	|1468	|2660	|2176	|1650	|2015	|1998	|2272	|1427	|1634	|2428	|0	|1200	|0	|2453	|2186	|2053	|2513	|2043	|2041	|1958	|2382	|2031	|2495	|0	|0	|2490	|1967	|1454	|1288	|2201	|1431	|1703	|1996	|2012	|3113	|2264	|1803	|2596	|2246	|12185	|2128	|2431	|1992	|1924	|2136	|1573	|1945	|1917	|2506	|2207	|2489	|2023	|2055	|2380	|
________________________________________________________
59	|591	|632	|266	|449	|530	|609	|323	|593	|382	|520	|463	|602	|488	|350	|515	|3072	|3652	|2797	|2062	|3336	|2930	|2054	|3483	|2350	|3227	|2006	|2204	|3169	|2785	|0	|2115	|0	|3097	|2800	|3203	|2887	|2827	|2789	|2948	|2577	|2916	|2748	|2796	|2703	|2773	|1859	|1923	|2808	|2229	|1770	|3183	|2046	|4269	|3195	|2298	|3492	|3310	|2128	|16710	|3447	|2759	|2459	|2797	|2359	|2676	|2812	|3115	|2763	|2829	|2865	|3072	|2678	|
________________________________________________________
60	|551	|571	|279	|484	|477	|389	|384	|546	|366	|517	|451	|596	|525	|0	|626	|643	|3616	|2785	|1950	|3356	|2782	|2035	|2340	|3551	|3090	|1966	|2200	|3129	|2824	|2174	|0	|1460	|3038	|2774	|3246	|2847	|2848	|2696	|2831	|2446	|2872	|2642	|2729	|2654	|2790	|1871	|1796	|2752	|2132	|2083	|3010	|3102	|4331	|3167	|2241	|3438	|3311	|2431	|3447	|16494	|2685	|2489	|2818	|2272	|2626	|2709	|2936	|2666	|2824	|2739	|2741	|2658	|
________________________________________________________
61	|639	|0	|300	|600	|465	|368	|397	|623	|350	|516	|453	|584	|406	|428	|504	|505	|3680	|2772	|2521	|3272	|2822	|2120	|2655	|2786	|2814	|1761	|2311	|2784	|2399	|1831	|2715	|2821	|2711	|0	|3602	|3166	|3172	|3137	|3948	|1977	|2870	|2648	|2787	|2742	|2792	|1933	|2239	|2765	|2131	|2128	|2707	|2789	|3834	|2738	|2165	|3087	|2875	|1992	|2759	|2685	|16626	|2747	|3241	|2628	|3037	|3109	|3584	|3095	|2973	|2791	|2774	|2743	|
________________________________________________________
62	|608	|465	|1664	|401	|436	|536	|375	|419	|320	|411	|418	|579	|353	|363	|446	|477	|3342	|2573	|0	|2962	|2630	|1876	|2509	|2611	|2512	|1623	|2013	|2464	|2102	|1588	|2458	|2528	|0	|2271	|3238	|2856	|2833	|2812	|2088	|3041	|2571	|2367	|2498	|2486	|2462	|1664	|1655	|2534	|1910	|1488	|2523	|2537	|3346	|2504	|1962	|2827	|2510	|1924	|2459	|2489	|2747	|15003	|2925	|2389	|2857	|2781	|1952	|2786	|2579	|2589	|2567	|2470	|
________________________________________________________
63	|513	|725	|289	|2786	|685	|449	|367	|591	|388	|0	|462	|657	|417	|374	|582	|544	|3677	|2828	|0	|3352	|2915	|2062	|2810	|2817	|2762	|1780	|2482	|2768	|2639	|1879	|2812	|2793	|3586	|3257	|2961	|0	|3097	|3057	|3016	|2485	|3752	|2290	|2733	|2811	|2750	|1930	|1857	|2786	|2220	|1994	|2831	|2834	|3817	|2830	|2456	|2998	|2939	|2136	|2797	|2818	|3241	|2925	|16838	|2652	|3048	|3177	|3045	|2690	|3254	|3289	|2767	|2844	|
________________________________________________________
64	|0	|629	|311	|426	|346	|432	|280	|278	|272	|360	|2406	|501	|285	|515	|469	|413	|3097	|2395	|2123	|3033	|2375	|2049	|2286	|2356	|2413	|1462	|0	|2332	|1801	|1540	|2323	|2322	|2886	|2672	|0	|2134	|2739	|2721	|2581	|2076	|2095	|3136	|2317	|2374	|2278	|1543	|1914	|2335	|1749	|1647	|2302	|2365	|3189	|2406	|1650	|2805	|2433	|1573	|2359	|2272	|2628	|2389	|2652	|14122	|2608	|2701	|2629	|2186	|1572	|2742	|2415	|2355	|
________________________________________________________
65	|564	|687	|330	|529	|443	|417	|308	|554	|266	|543	|396	|3329	|522	|396	|518	|592	|3579	|2684	|2270	|3344	|2741	|2035	|2683	|2743	|2697	|1710	|0	|2684	|2345	|1718	|2655	|2680	|3348	|3157	|3554	|3223	|2467	|0	|2826	|2346	|2746	|2594	|3586	|2343	|2718	|1835	|1978	|2725	|2030	|1917	|2710	|2718	|3874	|2717	|1973	|3329	|2769	|1945	|2676	|2626	|3037	|2857	|3048	|2608	|16319	|2903	|2998	|2614	|2751	|2777	|3140	|3102	|
________________________________________________________
66	|634	|641	|321	|538	|488	|468	|315	|489	|0	|550	|497	|590	|341	|492	|501	|352	|3602	|2825	|2236	|3336	|2855	|2080	|2737	|2730	|2680	|1747	|2571	|2759	|2333	|2072	|2730	|2682	|3488	|3159	|3611	|3257	|0	|2494	|2896	|2467	|2823	|2745	|2347	|3673	|2705	|1971	|2017	|2738	|2059	|1925	|2694	|2750	|3697	|2733	|2363	|3032	|2805	|1917	|2812	|2709	|3109	|2781	|3177	|2701	|2903	|16513	|3076	|2607	|2812	|2769	|1940	|3131	|
________________________________________________________
67	|693	|574	|196	|503	|683	|0	|442	|649	|357	|515	|458	|592	|514	|564	|628	|639	|4067	|3096	|2502	|3690	|3187	|2879	|2914	|2914	|3102	|1960	|2224	|3060	|2688	|2264	|3077	|3123	|4180	|2724	|3578	|3140	|3050	|3011	|3045	|0	|3474	|3349	|3490	|3470	|2997	|2048	|2012	|3028	|2402	|2572	|2954	|3035	|4236	|3046	|2200	|3386	|3135	|2506	|3115	|2936	|3584	|1952	|3045	|2629	|2998	|3076	|18364	|3295	|3552	|3584	|3497	|3389	|
________________________________________________________
68	|533	|767	|308	|444	|578	|370	|2128	|531	|327	|418	|357	|530	|430	|479	|510	|596	|3527	|2654	|1941	|3175	|2794	|0	|2633	|2690	|2648	|1707	|1911	|2620	|2309	|1932	|2620	|2675	|2514	|3639	|3137	|2738	|2616	|2647	|0	|1938	|3111	|2948	|3038	|3013	|2612	|1859	|1735	|2642	|2128	|1858	|2704	|2652	|3651	|2643	|1971	|3026	|2725	|2207	|2763	|2666	|3095	|2786	|2690	|2186	|2614	|2607	|3295	|16047	|3185	|3039	|3070	|3012	|
________________________________________________________
69	|708	|585	|263	|524	|473	|571	|379	|3081	|339	|386	|284	|570	|543	|0	|592	|649	|3783	|2903	|2122	|3427	|3029	|0	|2859	|2837	|2759	|1845	|2302	|2933	|2495	|2297	|2844	|2837	|3150	|2829	|4090	|2465	|2789	|2695	|3485	|2910	|2516	|0	|3219	|3222	|2866	|2010	|1732	|2803	|2344	|1959	|3081	|2822	|3932	|2826	|2088	|3162	|3020	|2489	|2829	|2824	|2973	|2579	|3254	|1572	|2751	|2812	|3552	|3185	|17105	|3331	|3249	|3211	|
________________________________________________________
70	|498	|631	|348	|505	|0	|547	|392	|586	|341	|602	|465	|562	|456	|385	|3000	|525	|3669	|2839	|2021	|3501	|2969	|2547	|2771	|2827	|2835	|1870	|2044	|2719	|2367	|0	|2819	|2881	|3001	|2892	|2745	|3749	|2782	|2844	|3423	|2867	|0	|2297	|3179	|3208	|2712	|1884	|2022	|2767	|2145	|2345	|2778	|2803	|3898	|2816	|2011	|3238	|3000	|2023	|2865	|2739	|2791	|2589	|3289	|2742	|2777	|2769	|3584	|3039	|3331	|16947	|3200	|3302	|
________________________________________________________
71	|504	|594	|281	|433	|551	|523	|408	|571	|422	|427	|349	|660	|337	|539	|542	|3072	|3695	|2808	|2096	|3450	|2909	|2352	|2837	|2770	|2809	|1753	|2079	|2696	|2355	|0	|2816	|2808	|3060	|2777	|3175	|2833	|3607	|2360	|3318	|2771	|3270	|3093	|2393	|0	|2804	|1850	|1838	|2776	|2176	|2176	|2786	|2701	|3920	|2750	|1903	|3097	|2975	|2055	|3072	|2741	|2774	|2567	|2767	|2415	|3140	|1940	|3497	|3070	|3249	|3200	|16773	|3148	|
________________________________________________________
72	|564	|588	|247	|482	|588	|494	|398	|568	|269	|466	|475	|635	|0	|535	|612	|545	|3656	|2809	|1999	|3359	|2920	|2223	|2809	|2700	|2751	|1746	|2000	|2851	|2445	|2163	|2738	|2736	|2986	|2868	|3225	|2833	|2332	|3594	|3351	|2822	|3260	|3110	|0	|2440	|2830	|1883	|1710	|2749	|2187	|2171	|2723	|2761	|3775	|2793	|2223	|3068	|2807	|2380	|2678	|2658	|2743	|2470	|2844	|2355	|3102	|3131	|3389	|3012	|3211	|3302	|3148	|16614	|
________________________________________________________
