0	|1	|2	|3	|4	|5	|6	|7	|8	|9	|10	|11	|12	|13	|14	|15	|16	|17	|18	|19	|20	|21	|22	|23	|24	|25	|26	|27	|28	|29	|30	|31	|32	|33	|34	|35	|36	|37	|38	|39	|40	|41	|42	|43	|44	|45	|46	|47	|48	|49	|50	|51	|52	|53	|54	|55	|56	|57	|58	|59	|60	|61	|62	|63	|64	|65	|66	|67	|68	|69	|70	|71	|72	|
1	|100	|2,96	|1,62	|3,75	|3,33	|2,17	|2,66	|3,94	|3,27	|2,75	|0	|3,82	|2,75	|2,26	|3,24	|3,45	|24,48	|100	|11,66	|19,2	|20,85	|13,86	|18,53	|18,74	|19,02	|14,1	|14,47	|17,12	|16,27	|11,29	|17,31	|16,64	|20,94	|17,09	|100	|17,89	|18,96	|17,09	|19,57	|12,48	|17,7	|12,85	|17,31	|16,97	|0	|8,46	|0	|20,88	|16,09	|14,26	|19,29	|18,16	|19,32	|20,88	|14,99	|18,35	|17,74	|12,76	|16,54	|15,63	|20,57	|17	|15,35	|0	|19,08	|18,71	|20,97	|15,11	|20,51	|14,8	|16,24	|16,24	|
________________________________________________________
2	|2,67	|100	|1,54	|2,61	|3,47	|3,44	|0	|3,6	|1,65	|3,99	|2,81	|4,46	|1,84	|2,83	|2,67	|2,81	|25,01	|16,57	|12,41	|100	|18,79	|13,92	|18,38	|18,55	|17,45	|8,94	|13,32	|19,21	|12,16	|10,68	|15,77	|17,31	|19,84	|100	|19,24	|20,8	|18,24	|18,74	|19,79	|18,02	|17,39	|17,39	|15,71	|15,99	|20,72	|12,74	|0	|13,81	|0	|14,34	|18,49	|18,52	|23,17	|17,12	|13,95	|22,59	|15,02	|12,66	|16,29	|16,81	|0	|12,19	|20,42	|16,73	|19,32	|18,77	|16,29	|20,31	|16,37	|17,06	|17,01	|17,58	|
________________________________________________________
3	|3,06	|3,23	|100	|3,23	|3,64	|4,62	|3,4	|2,71	|3,52	|3,87	|3,92	|3,4	|3,35	|3,12	|4,5	|3,52	|0	|13,39	|0	|24,52	|21,87	|13,5	|19,62	|16,21	|13,21	|15,81	|13,56	|18,12	|17,37	|10,62	|16,85	|16,21	|0	|14,83	|24,06	|21,64	|18,47	|19,56	|14,25	|20,48	|16,56	|19,22	|16,96	|15,87	|20,77	|100	|9,81	|16,04	|17,54	|11,66	|20,37	|18	|17,66	|20,14	|14,2	|16,73	|19,16	|10,91	|17,37	|15,87	|18,52	|100	|17,54	|18,18	|19,97	|20,31	|12,46	|18,35	|15,06	|18,58	|17,95	|16,33	|
________________________________________________________
4	|4,34	|3,35	|1,98	|100	|0	|3,35	|2,5	|3,99	|3,03	|0	|3,14	|4,94	|2,29	|2,57	|4,02	|3,99	|27,34	|21,48	|0	|16,16	|0	|13,83	|19,22	|19,08	|16,33	|11,6	|14,81	|21,38	|11,39	|10,65	|16,75	|16,33	|22,57	|19,75	|17,43	|0	|18,77	|16,75	|17,46	|14,46	|22,19	|14	|16,12	|15,27	|19,54	|11,04	|11,22	|100	|17,39	|14,14	|18,98	|18,34	|21,98	|17,28	|15,24	|22,26	|21,38	|18,13	|18,31	|16,79	|21,27	|14,78	|100	|16,3	|19,37	|20,04	|18,91	|16,16	|19,12	|19,82	|17,07	|17,04	|
________________________________________________________
5	|3,6	|4,16	|2,08	|0	|100	|2,21	|2,15	|3,63	|2,44	|3,6	|2,15	|2,81	|3,93	|2,84	|0	|3,4	|26,39	|18,89	|14	|23,22	|100	|10,7	|16,91	|18,76	|16,38	|9,48	|16,91	|19,15	|17,21	|13,61	|15,19	|17,11	|17,4	|16,28	|20,38	|18,86	|15,79	|16,05	|21,43	|14,8	|100	|19,58	|18,86	|19,52	|19,25	|12,71	|14,1	|0	|10,87	|0	|21,07	|19,45	|23,48	|17,44	|12,98	|17,14	|20,74	|14,89	|16,41	|16,31	|15,89	|15,39	|21,99	|12,48	|15,69	|16,18	|22,49	|19,15	|15,92	|0	|18,73	|19,06	|
________________________________________________________
6	|2,6	|4,58	|2,93	|3,48	|2,46	|100	|2,35	|2,89	|2,27	|3,7	|2,71	|3,15	|2,38	|3,3	|3,33	|3,7	|24,62	|18,83	|13,45	|22,02	|17,59	|11,29	|100	|19,68	|17,11	|10,74	|11,69	|17,85	|13,05	|11,21	|18,69	|12,09	|11,36	|18,58	|18,43	|18,4	|16,78	|16,16	|18,5	|100	|17,52	|19,75	|18,65	|18,72	|18,65	|12,94	|13,23	|19,27	|17,3	|0	|13,45	|0	|23,27	|17,37	|11,65	|20,85	|17,88	|12,97	|19,97	|13,81	|12,83	|21,4	|16,93	|15,98	|15,83	|16,38	|0	|14,14	|20,41	|21,18	|20,23	|19,9	|
________________________________________________________
7	|4,05	|0	|2,74	|3,3	|3,02	|2,98	|100	|2,51	|1,86	|2,14	|2,19	|2,6	|3,86	|4,09	|4,79	|2,65	|23,72	|19,02	|15,3	|0	|13,3	|0	|20,37	|20,6	|16,14	|9,67	|13,91	|13,26	|18,98	|12,09	|18,47	|18,23	|14,74	|21,44	|19,86	|16,98	|15,49	|16,23	|0	|12,33	|21,21	|21,26	|18,28	|18,79	|20,14	|13,91	|13,49	|20,14	|100	|12,79	|15,67	|19,21	|22,98	|17,07	|12,37	|13,49	|21,63	|13,16	|14,7	|18,09	|19,67	|16,84	|16,84	|13,26	|16,74	|16,19	|21,12	|100	|15,63	|21,16	|17,26	|18,93	|
________________________________________________________
8	|4,39	|4,45	|1,6	|3,84	|3,74	|2,69	|1,84	|100	|2,18	|2,62	|1,29	|3,37	|2,79	|0	|3,54	|3,74	|26,15	|18,84	|14,35	|24,72	|21,05	|0	|12,92	|0	|16,35	|10,57	|13,19	|18,4	|13,87	|13,6	|21,12	|14,11	|20,91	|17,17	|24,21	|14,48	|15,37	|16,29	|20,54	|17,92	|14,52	|0	|17,82	|18,19	|18,7	|12,92	|11,59	|20,57	|12,89	|12,24	|100	|20,95	|22,24	|16,08	|11,73	|18,97	|17,14	|15,03	|18,7	|18,16	|19,31	|13,8	|18,63	|8,87	|17,34	|15,57	|21,86	|16,97	|100	|19,59	|18,02	|18,33	|
________________________________________________________
9	|5,69	|3,19	|3,24	|4,57	|3,93	|3,3	|2,13	|3,4	|100	|2,92	|2,39	|3,72	|3,35	|2,29	|3,4	|4,36	|16,48	|20,89	|12,12	|17,54	|18,13	|12,76	|17,01	|16,59	|22,43	|100	|12,44	|15,95	|18,77	|12,92	|19,14	|19,56	|19,99	|18,18	|23,02	|17,38	|100	|17,81	|18,29	|14,89	|18,29	|14,78	|18,08	|11,54	|10,63	|18,5	|12,81	|17,49	|14,99	|12,07	|16,91	|17,6	|0	|11,96	|0	|23,71	|21,11	|14,09	|18,34	|19,46	|20,95	|17,7	|20,41	|17,17	|14,04	|0	|18,61	|15,52	|19,51	|17,17	|22,28	|16,11	|
________________________________________________________
10	|3,26	|5,25	|2,43	|0	|3,95	|3,66	|1,67	|2,79	|1,99	|100	|1,99	|3,77	|3,19	|4,34	|0	|3,48	|22,27	|16,04	|14,08	|24,11	|20,89	|18,18	|15,71	|17,16	|19,04	|9,81	|10,5	|100	|19,7	|14,48	|18,21	|18,97	|19,77	|18,36	|19,33	|100	|17,13	|19,84	|18,36	|14,74	|19,04	|19,41	|17,38	|17,89	|16,33	|10,5	|14,37	|19,55	|9,49	|11,95	|16,36	|15,42	|28,46	|19,99	|0	|15,93	|0	|15,28	|18,97	|19,8	|18,21	|17,6	|0	|11,88	|22,34	|19,8	|19,19	|15,39	|14,23	|21,54	|17,27	|17,16	|
________________________________________________________
11	|0	|4,4	|2,94	|3,84	|2,81	|3,2	|2,03	|1,64	|1,94	|2,37	|100	|2,12	|3,02	|3,67	|2,89	|2,81	|19,47	|19,86	|14,21	|20,34	|17,18	|14,16	|15,33	|17,01	|0	|8,68	|0	|19,39	|17,53	|12,48	|17,79	|19,65	|20,25	|18,57	|0	|14,42	|19,39	|21,2	|17,79	|14,55	|14,03	|21,93	|17,7	|19,43	|19,47	|14,25	|13,73	|17,23	|12,31	|12,05	|15,89	|16,02	|27,46	|100	|11,1	|18,31	|19,91	|13,47	|18,26	|19	|18,74	|16,45	|19,65	|100	|15,8	|19,73	|17,92	|16,93	|10,36	|18,22	|15,5	|19,13	|
________________________________________________________
12	|3,63	|4,7	|1,71	|4,06	|2,47	|2,5	|1,63	|2,87	|2,03	|3,02	|1,42	|100	|0	|3,51	|3,51	|3,8	|23,59	|17,03	|12,88	|22,78	|15,06	|12,71	|16,02	|17,18	|19,97	|12,36	|0	|13,41	|0	|12,33	|19,09	|18,92	|21,76	|18,95	|22,46	|20,75	|15,21	|0	|18,34	|14,28	|16,86	|16,98	|21,3	|14,16	|18,92	|11,11	|12,62	|20,2	|9,43	|13,12	|15,26	|14,83	|23,8	|17,24	|13,38	|100	|21,53	|13,73	|19,18	|19,12	|19,47	|17,24	|19,09	|14,22	|100	|17,56	|19,15	|15,84	|17,79	|17,12	|19,99	|19,09	|
________________________________________________________
13	|3,52	|2,62	|2,27	|2,54	|4,66	|2,54	|3,25	|3,21	|2,47	|3,44	|2,74	|0	|100	|1,49	|2,62	|3,41	|22,82	|15,93	|11,51	|16,13	|20,98	|14,13	|14,83	|18,83	|18,86	|11,94	|15,26	|22,47	|100	|10,88	|16,67	|21,88	|16,4	|16,48	|22,07	|17,5	|18,63	|18,83	|19,53	|16,75	|21,41	|15,5	|100	|20,94	|17,57	|11,12	|12,29	|12,92	|17,77	|13,19	|14,56	|19,84	|24,74	|19,37	|14,36	|0	|11,82	|0	|21,29	|20,04	|16,59	|15,23	|17,38	|12,76	|22,19	|12,99	|20,98	|19,22	|20,74	|20,31	|14,25	|0	|
________________________________________________________
14	|2,68	|3,73	|1,96	|2,64	|3,12	|3,26	|3,19	|0	|1,56	|4,35	|3,08	|4,38	|1,38	|100	|2,9	|2,79	|21,27	|16,3	|12,1	|20	|16,2	|15,22	|19,53	|18,7	|18,7	|13,12	|12,25	|20,22	|14,28	|11,34	|100	|20,36	|17,17	|17,86	|14,6	|19,13	|13,95	|18,33	|20,33	|15,43	|19,28	|100	|14,31	|22,03	|16,78	|11,41	|12,43	|17,79	|12,97	|14,53	|20,47	|12,83	|26,74	|18,7	|15,18	|22,68	|19,71	|0	|11,99	|0	|17,43	|14,93	|14,49	|18,08	|15,76	|19,89	|21,88	|18,73	|0	|13,8	|20,25	|21,27	|
________________________________________________________
15	|3,61	|3,31	|2,66	|3,89	|0	|3,1	|3,51	|3,55	|2,18	|0	|2,28	|4,13	|2,28	|2,73	|100	|2,42	|20,7	|17,7	|12,34	|18,34	|20,8	|14,25	|15,65	|14,69	|19,09	|12,75	|13,43	|0	|9,96	|0	|19,81	|21,51	|17,52	|16,57	|17,42	|23,9	|16,71	|15,51	|18,55	|15,99	|0	|13,47	|20,93	|20,66	|16,16	|11,29	|16,09	|20,9	|14,59	|14,63	|16,95	|17,29	|24,24	|18,75	|15,48	|22,78	|100	|12,27	|16,2	|20,59	|15,1	|14,18	|17,56	|15,99	|16,74	|16,3	|19,3	|19,09	|19,54	|100	|16,67	|18,68	|
________________________________________________________
16	|3,81	|3,44	|2,06	|3,81	|3,47	|3,4	|1,92	|3,71	|2,76	|3,24	|2,19	|4,42	|2,93	|2,6	|2,39	|100	|21,37	|15,47	|11,7	|22,11	|16,65	|13,99	|20,83	|14,56	|18,87	|12,34	|13,28	|20,12	|17,8	|0	|13,41	|0	|18,3	|16,21	|22,04	|16,82	|20,96	|13,58	|21,17	|16,55	|18,81	|20,12	|14,66	|0	|17,69	|12,1	|11,02	|18,3	|12,47	|13,35	|18,84	|12	|25,95	|18,87	|13,25	|22,65	|18,54	|12,3	|100	|20,63	|17,66	|15,03	|17,9	|12,84	|18,44	|9,81	|20,96	|18,67	|19,31	|18,13	|100	|19,01	|
________________________________________________________
17	|3,67	|4,15	|0	|3,54	|3,65	|3,07	|2,33	|3,51	|1,42	|2,81	|2,06	|3,72	|2,66	|2,68	|2,77	|2,9	|100	|18,6	|13,4	|23,25	|19,32	|13,66	|19,13	|18,92	|19,03	|8,4	|11,5	|16,96	|14,96	|11,29	|16,57	|16,54	|18,54	|17,12	|18,56	|17,18	|16,05	|16,58	|18,14	|14,94	|16,88	|16,07	|16,99	|17,12	|14,7	|0	|13,53	|19,53	|14,57	|13,05	|19,38	|18,48	|25,21	|15,16	|12,87	|19,5	|17,25	|12,08	|16,45	|16,75	|16,55	|14,91	|16,49	|13,93	|16,44	|16,78	|18,53	|15,94	|17,27	|16,68	|16,49	|16,32	|
________________________________________________________
18	|19,65	|3,61	|1,39	|3,65	|3,43	|3,08	|2,45	|3,32	|2,36	|2,66	|2,76	|3,52	|2,44	|2,7	|3,11	|2,75	|24,4	|100	|11,95	|23,17	|19,49	|13,86	|19,03	|18,65	|20,46	|14,22	|11,75	|17,12	|14,44	|11,18	|16,92	|17,03	|18,55	|17,17	|19,65	|16,73	|15,83	|16,02	|17,53	|15,01	|17,13	|16,41	|16,94	|16,77	|0	|9,1	|0	|19,74	|15,24	|13,42	|19,14	|18,96	|18,94	|20,58	|12,3	|19,18	|17,61	|12,08	|16,62	|16,7	|16,54	|14,97	|16,54	|14,12	|16,43	|17	|18,8	|16,14	|16,6	|16,68	|16,49	|16,55	|
________________________________________________________
19	|3,15	|3,72	|0	|0	|3,5	|3,03	|2,72	|3,48	|1,88	|3,21	|2,72	|3,67	|2,43	|2,76	|2,99	|2,86	|24,22	|16,45	|100	|20,75	|20,67	|14,7	|18,18	|18,58	|17,68	|8,91	|14,1	|16,69	|14,19	|10,94	|16,99	|17,31	|22,54	|16,6	|18,76	|20,25	|18,59	|18,64	|20,13	|13,28	|16,23	|16,8	|17,31	|17,08	|20,67	|0	|9,81	|0	|15,58	|13,8	|18,82	|18,43	|24,34	|17,31	|13,34	|18,44	|17,43	|11,99	|16,5	|16,57	|19,93	|0	|0	|17,28	|18,73	|18,06	|20,37	|15,84	|16,98	|17,32	|16,59	|16,51	|
________________________________________________________
20	|3,13	|18,08	|2,11	|2,28	|3,5	|2,99	|0	|3,62	|1,64	|3,31	|2,34	|3,9	|2,05	|2,75	|2,68	|3,26	|25,3	|19,22	|12,5	|100	|19,54	|13,91	|19,07	|18,68	|16,72	|10,71	|10,85	|19,56	|11,74	|11,08	|16,92	|16,84	|17,98	|18,08	|19,05	|17,19	|16,42	|16,85	|17,71	|14,95	|17,16	|16,41	|16,76	|16,84	|19,05	|12,93	|0	|14,49	|0	|13,88	|18,6	|18,44	|22,41	|16,71	|12,29	|22,03	|14,78	|12,89	|16,76	|16,84	|15,79	|14,24	|16,44	|14,3	|16,99	|16,73	|18,54	|15,53	|17,04	|17,31	|16,63	|17,02	|
________________________________________________________
21	|3,97	|3,97	|2,2	|0	|17,61	|2,79	|1,66	|3,6	|1,98	|3,35	|2,31	|3,02	|3,12	|2,6	|3,55	|2,87	|24,58	|18,9	|14,56	|22,84	|100	|11,93	|19,36	|18,58	|16,43	|10,65	|12,82	|19,69	|17,19	|11,11	|16,61	|16,48	|17,68	|16,45	|19,33	|17,21	|16	|16,15	|17,68	|15,26	|17,61	|16,11	|17,25	|16,91	|19,32	|13,08	|13,46	|0	|10,12	|0	|19,31	|18,73	|22,82	|16,73	|12,65	|16,3	|20,67	|12,21	|16,64	|16,23	|16,18	|15,12	|16,89	|14,52	|16,49	|16,29	|18,32	|16,07	|17,1	|16,5	|16,5	|16,72	|
________________________________________________________
22	|3,74	|4,16	|1,93	|3,23	|2,67	|2,53	|0	|0	|1,97	|4,13	|2,7	|3,6	|2,97	|3,46	|3,44	|3,41	|24,6	|19,02	|14,65	|23,01	|16,88	|100	|16,91	|19,85	|16,69	|10,41	|11,76	|18,62	|13,08	|13,68	|17,21	|17,07	|18,01	|16,23	|17,39	|19	|16,77	|16,07	|22,18	|15,47	|16,92	|19,69	|18,7	|18,23	|19,25	|12,54	|12,7	|19,85	|0	|10,52	|0	|20	|22,53	|17,25	|12,6	|20,65	|17,15	|13,49	|16,46	|16,75	|16	|15	|16,51	|15,92	|16,54	|15,87	|22,49	|0	|0	|20,32	|19,2	|18,18	|
________________________________________________________
23	|3,65	|4,01	|2,04	|3,28	|3,08	|16,4	|2,63	|2,28	|1,92	|2,61	|2,13	|3,32	|2,28	|3,24	|2,76	|3,71	|25,16	|19,07	|13,23	|23,04	|20,01	|12,35	|100	|19,42	|17,01	|10,51	|11,8	|17,17	|14,76	|9,5	|19,42	|12,4	|19,26	|16,46	|19,61	|16,42	|16,21	|16,24	|17,65	|16,4	|17,47	|16,5	|17,38	|17,73	|19,01	|13,12	|12,22	|19,14	|15,34	|0	|13,33	|0	|22,84	|16,18	|11,8	|18,47	|17,25	|12,24	|20,99	|14,18	|16,65	|15,4	|17,03	|14,24	|16,88	|16,72	|17,85	|16,14	|16,76	|17,11	|16,98	|17,12	|
________________________________________________________
24	|3,7	|4,06	|1,69	|3,26	|3,42	|3,23	|2,67	|0	|1,88	|2,85	|2,37	|3,56	|2,9	|3,11	|2,59	|2,6	|24,92	|18,72	|13,55	|22,61	|19,24	|14,52	|19,46	|100	|16,48	|10,62	|11,56	|16,71	|14,71	|12,35	|18,71	|18,87	|18,81	|16,66	|19,08	|17,41	|15,98	|16,86	|17,49	|14,5	|16,62	|16,29	|16,6	|16,77	|18,96	|12,56	|12,75	|18,83	|14,73	|14,44	|0	|8,46	|22,19	|16,68	|12,44	|19,41	|16,84	|11,88	|14,94	|21,87	|16,72	|14,82	|16,85	|14,2	|16,6	|16,61	|17,75	|15,82	|16,82	|16,63	|16,27	|16,24	|
________________________________________________________
25	|3,75	|3,81	|1,38	|2,78	|2,98	|2,81	|2,09	|2,89	|2,54	|3,16	|0	|4,14	|2,9	|3,1	|3,37	|3,37	|25,04	|20,52	|12,88	|20,21	|16,99	|12,19	|17,02	|16,46	|100	|14,24	|14,2	|18,95	|16,78	|12,48	|18,7	|19,35	|18,39	|16,53	|18,65	|16,92	|15,45	|16,11	|17,21	|15,27	|17,41	|16,42	|16,73	|16,66	|19,54	|8,76	|10,87	|17,18	|13,23	|11,59	|16,85	|16,69	|18,81	|0	|14,74	|21,8	|20,06	|13,87	|19,07	|19,19	|16,88	|15,06	|16,68	|14,32	|16,67	|16,67	|18,82	|16,41	|16,78	|16,66	|16,72	|16,46	|
________________________________________________________
26	|4,36	|3,07	|2,59	|3,11	|2,71	|2,77	|1,96	|2,94	|17,77	|2,56	|1,9	|4,02	|2,88	|3,42	|3,53	|3,46	|17,36	|22,41	|10,19	|20,34	|17,31	|11,95	|16,51	|16,66	|22,38	|100	|11,62	|18,59	|16,8	|12,92	|19,65	|19,5	|18,24	|16,53	|18,95	|16,9	|17,77	|16,43	|17,74	|14,91	|16,65	|17,02	|16,9	|16,55	|11,11	|16,42	|11,19	|17,49	|13,14	|12,13	|16,85	|16,67	|0	|11,43	|0	|21,83	|19,68	|13,52	|19,08	|19,12	|17,55	|14,97	|16,68	|14,34	|16,41	|16,86	|18,65	|16,13	|16,55	|16,76	|16,94	|16,5	|
________________________________________________________
27	|3,98	|4,07	|1,97	|3,53	|4,3	|2,68	|2,51	|3,26	|1,97	|2,44	|0	|0	|3,28	|2,84	|3,31	|3,31	|21,13	|16,46	|14,35	|18,32	|18,52	|12	|16,5	|16,13	|19,84	|10,33	|100	|16,98	|17,79	|12,49	|17,5	|18,38	|21,07	|19,08	|23,06	|16,52	|16,56	|21,24	|17,71	|15,39	|19,17	|14,51	|16,72	|17,69	|16,34	|11,43	|12,44	|16,7	|14,94	|11,85	|17,17	|17,09	|28,05	|0	|10,43	|0	|20,76	|14,18	|18,38	|18,25	|18,82	|16,48	|21,02	|0	|0	|20,43	|18,8	|15,86	|19,24	|16,99	|17,34	|16,64	|
________________________________________________________
28	|3,31	|4,12	|1,86	|3,58	|3,43	|2,88	|1,68	|3,2	|1,77	|16,32	|2,65	|2,73	|3,39	|3,3	|0	|3,53	|21,92	|16,86	|11,94	|23,23	|20	|13,37	|16,88	|16,39	|18,62	|11,63	|11,95	|100	|18,53	|14,02	|18,35	|18,55	|18,35	|16,63	|19,18	|16,32	|16,18	|16,48	|17,95	|14,76	|16,99	|16,38	|16,94	|17,09	|17,11	|11,46	|11,12	|20,85	|10,18	|11,85	|16,66	|16,38	|25,64	|18,76	|0	|15,47	|0	|14,6	|19,55	|19,34	|16,46	|15,05	|16,86	|14,08	|16,55	|16,66	|18,3	|15,97	|17,31	|16,55	|16,56	|17	|
________________________________________________________
29	|3,62	|3	|2,04	|2,19	|3,54	|2,42	|2,77	|2,77	|2,4	|3,69	|2,76	|0	|17,34	|2,67	|1,98	|3,58	|22,22	|16,34	|11,67	|16,02	|20,06	|10,79	|16,67	|16,58	|18,93	|12,07	|14,37	|21,28	|100	|11,41	|19,07	|19,82	|17,74	|16,72	|20,6	|17,37	|16,15	|16	|17,44	|14,98	|17,46	|16,19	|17,34	|17,27	|16,67	|11,47	|12,34	|13	|17,17	|11,65	|15,97	|16,72	|25,01	|18,83	|14,87	|0	|12,01	|0	|19,21	|18,92	|16,33	|14,61	|17,39	|13,3	|16,72	|16,41	|18,46	|16,19	|16,7	|16,7	|15,94	|17,12	|
________________________________________________________
30	|3,31	|3,47	|1,65	|2,7	|3,69	|2,74	|2,33	|3,58	|2,17	|3,58	|2,58	|3,8	|2,49	|2,8	|0	|0	|22,09	|16,67	|11,85	|19,92	|17,08	|14,87	|14,13	|18,35	|18,57	|12,24	|13,3	|21,23	|15,04	|100	|16,85	|19,34	|18,11	|16,46	|19,03	|16,93	|14,62	|19,25	|19,7	|17,09	|21,28	|16,23	|16,4	|19,95	|16,56	|11,48	|11,2	|17,09	|12,98	|12,92	|16,48	|18,71	|25,27	|18,7	|13,77	|21,99	|0	|10,37	|0	|19,52	|16,73	|14,49	|17,1	|14,29	|16,18	|18,98	|20,34	|17,55	|20,8	|0	|0	|20,37	|
________________________________________________________
31	|3,39	|3,43	|1,75	|2,84	|2,75	|3,05	|2,37	|3,71	|2,15	|3,01	|2,46	|3,93	|2,55	|16,5	|3,47	|2,38	|21,67	|16,87	|12,3	|20,34	|17,07	|12,5	|19,32	|18,58	|18,59	|12,43	|12,45	|18,57	|16,8	|11,26	|100	|20,66	|18,05	|16,99	|19,6	|16,64	|16,79	|16,66	|17,94	|15,13	|16,75	|16,5	|16,69	|17,19	|16,58	|11,41	|11,01	|16,7	|13,35	|11,59	|21,38	|14,34	|26,07	|19,39	|14,12	|21,85	|20,01	|0	|12,85	|0	|16,57	|15,17	|17,04	|13,65	|16,39	|16,17	|18,65	|15,88	|16,66	|17	|16,44	|16,47	|
________________________________________________________
32	|3,27	|3,77	|1,68	|2,78	|3,11	|1,98	|2,35	|2,49	|2,21	|3,14	|2,73	|3,91	|3,35	|3,37	|3,78	|0	|21,7	|17,03	|12,57	|20,3	|17	|12,43	|12,37	|18,79	|19,29	|12,37	|13,12	|18,82	|17,5	|12,96	|20,71	|100	|18,21	|16,36	|19,07	|17,11	|16,58	|16,77	|17,49	|14,65	|17,76	|16,43	|16,7	|16,91	|16,93	|11,77	|10,96	|16,8	|12,67	|12,4	|14,06	|21,62	|25,96	|18,96	|13,87	|21,28	|19,88	|14,47	|0	|8,52	|16,5	|14,41	|16,36	|13,87	|16,26	|16,5	|18,25	|16,04	|16,92	|17,19	|16,33	|15,6	|
________________________________________________________
33	|3,7	|3,89	|0	|3,45	|2,84	|1,67	|1,71	|3,32	|2,03	|2,95	|2,53	|4,05	|2,26	|2,56	|2,77	|2,93	|21,89	|16,69	|14,73	|19,5	|16,4	|11,81	|17,28	|16,85	|16,5	|10,42	|13,53	|16,76	|14,1	|10,92	|16,29	|16,38	|100	|18,7	|21,52	|19,06	|18,35	|18,76	|20,42	|10,24	|17,02	|16,2	|16,72	|16,91	|16,93	|11,5	|14,11	|16,87	|12,79	|12,97	|16,3	|16,36	|22,44	|16,59	|13,5	|19,47	|17,04	|11,71	|17	|17,18	|14,91	|0	|19,58	|15,91	|18,86	|18,28	|23,19	|14,02	|16,88	|17,25	|16,65	|16,75	|
________________________________________________________
34	|3,31	|21,46	|1,52	|3,31	|2,91	|2,99	|2,72	|2,98	|2,02	|2,99	|2,54	|3,86	|2,49	|2,91	|2,87	|2,84	|22,12	|16,91	|11,87	|21,46	|16,71	|11,65	|16,17	|16,35	|16,24	|10,34	|13,42	|16,63	|14,55	|10,87	|16,78	|16,12	|20,47	|100	|22,28	|19,19	|18,12	|18,72	|20,4	|17,32	|17,36	|16,2	|16,6	|16,74	|16,87	|11,69	|0	|17,08	|12,6	|11,68	|16,35	|16,6	|22,55	|16,96	|13,65	|19,58	|16,98	|11,92	|16,56	|16,98	|0	|13,25	|19,22	|15,49	|18,95	|19,05	|16,22	|21,31	|17,35	|16,91	|16,52	|16,69	|
________________________________________________________
35	|17,13	|3,65	|2,18	|2,58	|3,23	|2,63	|2,23	|3,72	|2,26	|2,79	|0	|4,05	|2,95	|2,11	|2,67	|3,42	|21,24	|17,13	|11,88	|20,03	|17,38	|11,05	|17,06	|16,57	|16,22	|10,49	|14,35	|16,98	|15,87	|11,12	|17,14	|16,63	|20,86	|19,73	|100	|17,71	|18,58	|18,64	|17,92	|15,02	|18,95	|12,25	|17,37	|16,86	|16,49	|11,81	|0	|17,04	|13,17	|11,79	|16,35	|16,57	|22,89	|16,57	|15,07	|18,56	|17,76	|12,86	|16,57	|16,5	|19,26	|16,95	|15,38	|0	|18,94	|18,73	|18,42	|15,95	|21,22	|14,49	|16,95	|16,83	|
________________________________________________________
36	|3,45	|4,46	|2,21	|0	|3,37	|2,96	|2,15	|2,51	|1,93	|16,28	|1,97	|4,21	|2,63	|3,11	|4,13	|2,94	|22,16	|16,44	|14,46	|20,36	|17,45	|13,61	|16,1	|17,05	|16,59	|10,54	|11,59	|16,28	|15,09	|11,16	|16,4	|16,82	|20,82	|19,15	|19,96	|100	|19,84	|19,69	|17,8	|15,13	|19,43	|18,94	|17,26	|17,54	|16,85	|11,31	|14,1	|16,75	|12,96	|11,7	|16,45	|16,03	|22,92	|16,39	|0	|19,02	|17,89	|11,95	|16,58	|16,86	|18,8	|16,87	|0	|12,74	|19,66	|18,51	|17,87	|16,11	|14,25	|22,56	|16,36	|16,99	|
________________________________________________________
37	|3,79	|4,05	|1,95	|3,25	|2,92	|2,79	|2,03	|2,76	|11,48	|2,89	|2,74	|3,2	|2,9	|2,35	|2,99	|3,8	|21,43	|16,11	|13,74	|20,15	|16,79	|12,44	|16,46	|16,2	|15,68	|11,48	|12,03	|16,71	|14,52	|9,98	|17,14	|16,87	|20,76	|18,72	|21,69	|20,54	|100	|18,25	|17,59	|14,97	|16,91	|16,53	|19,41	|11,66	|16,5	|12,17	|12,15	|17	|13,07	|11,72	|16,55	|16,74	|22,51	|16,79	|0	|19,28	|17,68	|11,89	|17,35	|17,47	|19,31	|17,12	|18,16	|16,57	|14,97	|0	|18,83	|16,1	|16,48	|17,29	|21,26	|14,23	|
________________________________________________________
38	|3,36	|4,09	|2,04	|2,85	|2,92	|2,65	|2,1	|2,88	|2,01	|3,29	|2,95	|0	|2,89	|3,04	|2,73	|2,42	|21,78	|16,04	|13,56	|20,34	|16,68	|11,73	|16,23	|16,82	|16,09	|10,44	|15,19	|16,75	|14,16	|12,92	|16,73	|16,8	|20,88	|19,04	|21,41	|20,06	|17,96	|100	|18,13	|15,33	|16,95	|16,43	|19,24	|19,69	|16,74	|11,89	|12,22	|16,67	|12,97	|11,76	|16,1	|16,44	|22,53	|16,46	|14,74	|17,88	|16,49	|11,63	|16,14	|16,56	|18,98	|16,71	|18,38	|15,96	|0	|14,77	|18,49	|16,01	|16,72	|16,55	|13,99	|21,54	|
________________________________________________________
39	|3,61	|4,05	|1,39	|2,79	|3,65	|2,84	|0	|3,4	|1,94	|2,85	|2,32	|3,56	|2,81	|3,16	|3,06	|3,53	|22,33	|16,45	|13,72	|20,04	|17,11	|15,16	|16,53	|16,35	|16,11	|10,57	|11,86	|17,09	|14,46	|12,4	|16,88	|16,42	|21,3	|19,43	|19,29	|16,99	|16,22	|16,98	|100	|15,97	|19,67	|18,07	|18,9	|18,74	|16,79	|11,44	|10,84	|16,73	|13,24	|13,66	|15,92	|15,76	|22,69	|17,14	|12,18	|19,3	|17,27	|13,25	|16,8	|17,23	|21,38	|11,98	|16,67	|14,34	|16,68	|16,88	|17,37	|0	|19,56	|18,7	|19,01	|18,9	|
________________________________________________________
40	|2,72	|4,35	|2,36	|2,72	|2,98	|18,13	|1,76	|3,5	|1,86	|2,7	|2,24	|3,27	|2,84	|2,83	|3,12	|3,26	|21,72	|16,63	|10,69	|19,97	|17,44	|12,49	|18,13	|16,01	|16,87	|10,49	|12,17	|16,6	|14,67	|12,7	|16,81	|16,23	|12,62	|19,48	|19,09	|17,06	|16,3	|16,96	|18,86	|100	|19,24	|18,29	|18,98	|19,03	|16,67	|11,1	|11,46	|16,84	|13,26	|0	|16,69	|16,83	|22,8	|16,27	|12,53	|18,75	|17,24	|13,47	|16,12	|16,88	|12,98	|20,43	|17	|14,39	|16,56	|16,67	|0	|13,5	|19,74	|19,02	|18,84	|19,13	|
________________________________________________________
41	|3,39	|3,69	|1,68	|3,67	|17,69	|2,79	|2,66	|2,49	|2,01	|3,07	|1,9	|3,39	|3,2	|3,11	|0	|3,26	|21,58	|16,69	|11,48	|20,15	|17,69	|12,01	|16,98	|16,13	|16,92	|10,3	|13,33	|16,8	|15,03	|13,9	|16,37	|17,31	|18,43	|17,17	|21,18	|19,25	|16,19	|16,49	|20,42	|16,91	|100	|18,96	|18,69	|19,48	|16,64	|11,21	|11,36	|16,97	|13,3	|0	|16,81	|16,2	|22,66	|16,77	|12,22	|18,77	|17,83	|14,76	|16,4	|16,48	|16,33	|14,95	|21,6	|11,2	|16,54	|16,59	|21,29	|17,67	|14,59	|0	|18,63	|18,87	|
________________________________________________________
42	|2,56	|3,84	|2,02	|2,41	|3,6	|3,27	|2,78	|0	|1,69	|3,26	|3,09	|3,55	|2,41	|16,76	|2,4	|3,63	|21,36	|16,62	|12,36	|20,04	|16,82	|14,53	|16,68	|16,43	|16,58	|10,94	|10,49	|16,84	|14,49	|11,02	|16,76	|16,64	|18,24	|16,66	|14,23	|19,51	|16,45	|16,62	|19,51	|16,72	|19,71	|100	|19,03	|19,8	|16,47	|11,46	|12,38	|16,77	|13,14	|14,03	|16,46	|16,28	|23,04	|16,7	|12,24	|19,02	|16,88	|0	|16,34	|16,67	|16,74	|14,74	|14,36	|19,39	|16,93	|17,2	|21,43	|18,57	|0	|14,24	|19,17	|19,49	|
________________________________________________________
43	|3,36	|3,39	|1,74	|2,71	|3,39	|3,02	|2,33	|3,11	|2,02	|2,85	|2,43	|4,36	|15,16	|2,34	|3,64	|2,58	|22,06	|16,76	|12,44	|20	|17,61	|13,49	|17,16	|16,36	|16,51	|10,62	|11,82	|17,01	|15,16	|10,88	|16,57	|16,53	|18,39	|16,68	|19,72	|17,38	|18,87	|19,01	|19,93	|16,95	|18,99	|18,6	|100	|19,49	|17,07	|11,44	|11,34	|16,76	|13,24	|13,61	|16,12	|16,68	|22,85	|17,02	|12,28	|18,87	|17,67	|0	|16,64	|16,44	|16,95	|14,88	|16,11	|13,84	|21,79	|13,96	|20,99	|18,26	|18,55	|19,32	|14,4	|0	|
________________________________________________________
44	|3,28	|3,43	|1,62	|2,56	|3,49	|3,02	|2,39	|3,16	|1,28	|2,92	|2,66	|2,88	|3,16	|3,59	|3,58	|0	|22,13	|16,52	|12,22	|19,99	|17,18	|13,08	|17,42	|16,45	|16,36	|10,35	|12,44	|17,08	|15,02	|13,17	|16,98	|16,65	|18,51	|16,74	|19,04	|17,57	|11,28	|19,36	|19,67	|16,91	|19,69	|19,25	|19,4	|100	|16,71	|10,78	|11,63	|16,62	|13,26	|13,52	|16,91	|15,99	|22,59	|16,65	|13,55	|18,15	|17,67	|14,86	|16,2	|16,2	|16,71	|15,05	|16,68	|13,95	|14,44	|21,82	|20,72	|18,55	|18,52	|19,12	|0	|14,36	|
________________________________________________________
45	|0	|4,51	|2,15	|3,32	|3,49	|3,05	|2,59	|3,29	|1,2	|2,7	|2,7	|3,9	|2,69	|2,77	|2,84	|3,14	|19,25	|0	|14,98	|22,92	|19,88	|14	|18,93	|18,85	|19,45	|7,04	|11,64	|17,34	|14,71	|11,08	|16,6	|16,9	|18,78	|17,09	|18,87	|17,11	|16,18	|16,68	|17,86	|15,02	|17,05	|16,23	|17,22	|16,93	|100	|13,62	|12,96	|18,94	|15,04	|12,51	|18,79	|18,46	|26,01	|19,9	|13,4	|18,94	|17,1	|11,81	|16,5	|16,98	|16,82	|14,81	|16,73	|14,08	|17,06	|16,85	|18,55	|16,68	|17,36	|17,12	|16,77	|16,96	|
________________________________________________________
46	|2,42	|4,05	|15,16	|2,74	|3,37	|3,09	|2,62	|3,32	|3,04	|2,54	|2,89	|3,35	|2,48	|2,76	|2,9	|3,14	|0	|13,28	|0	|22,73	|19,68	|13,33	|19,09	|18,25	|12,74	|15,2	|11,9	|16,96	|14,78	|11,23	|16,7	|17,18	|18,64	|17,32	|19,76	|16,78	|17,45	|17,32	|17,79	|14,61	|16,78	|16,5	|16,86	|15,97	|19,91	|100	|11,03	|19,09	|15,51	|12,74	|18,74	|18,83	|17,47	|20,04	|11,27	|19,17	|17,13	|12,06	|16,9	|16,93	|16,1	|15,16	|16,61	|14,15	|17,67	|16,71	|18,18	|16,31	|16,67	|16,57	|16,71	|16,49	|
________________________________________________________
47	|0	|0	|1,52	|2,84	|3,81	|3,22	|2,59	|3,04	|2,15	|3,54	|2,84	|3,88	|2,8	|3,06	|4,21	|2,92	|26,41	|0	|10,6	|0	|20,66	|13,77	|18,15	|18,9	|16,12	|10,57	|13,21	|16,8	|16,22	|11,17	|16,44	|16,32	|23,34	|0	|0	|21,35	|17,77	|18,15	|17,19	|15,39	|17,36	|18,19	|17,05	|17,57	|19,33	|11,25	|100	|16,7	|16,43	|13,13	|18,67	|17,97	|22,49	|16,34	|14,27	|17,6	|19,27	|12,16	|16,79	|16,96	|20,17	|14,57	|16,91	|17,96	|19,26	|18,51	|18,51	|16,07	|14,37	|19,07	|16,07	|16,15	|
________________________________________________________
48	|4,05	|2,97	|1,64	|16,77	|0	|3,11	|2,56	|3,58	|1,95	|3,19	|2,36	|4,12	|1,95	|2,9	|3,63	|3,21	|25,28	|19,47	|0	|17,24	|0	|14,27	|18,84	|18,5	|16,91	|10,95	|11,76	|20,88	|11,33	|11,3	|16,53	|16,57	|18,5	|17,11	|19,28	|16,8	|16,47	|16,41	|17,59	|14,99	|17,18	|16,34	|16,7	|16,64	|18,72	|12,91	|11,07	|100	|16,17	|14,02	|19,18	|18,72	|21,81	|16,72	|12,21	|22,38	|20,55	|13,72	|16,56	|17,3	|16,88	|14,82	|16,77	|14,14	|16,53	|16,44	|18,62	|15,98	|16,53	|17,24	|17,05	|16,81	|
________________________________________________________
49	|4	|0	|2,31	|3,74	|2,5	|3,58	|16,32	|2,88	|2,14	|1,99	|2,16	|2,47	|3,45	|2,72	|3,25	|2,81	|24,2	|19,29	|14,32	|0	|13,22	|0	|19,37	|18,57	|16,71	|10,56	|13,5	|13,09	|19,2	|11,01	|16,95	|16,04	|17,99	|16,2	|19,12	|16,69	|16,25	|16,39	|17,87	|15,15	|17,28	|16,43	|16,93	|17,05	|19,07	|13,46	|13,97	|20,75	|100	|11,23	|19,17	|18,57	|22,61	|16,63	|11,97	|13,75	|20,49	|10,78	|16,96	|16,97	|16,64	|15,05	|17,02	|13,22	|16,17	|16,27	|18,66	|16,32	|16,49	|16,95	|16,46	|16,45	|
________________________________________________________
50	|4,02	|4,48	|1,74	|3,45	|0	|0	|2,37	|3,1	|1,95	|2,84	|2,4	|3,89	|2,9	|3,45	|3,69	|3,41	|24,57	|19,25	|14,38	|24,02	|0	|11,01	|0	|20,65	|16,59	|11,05	|12,14	|17,27	|14,77	|12,43	|16,68	|17,81	|20,69	|17,02	|19,4	|17,09	|16,53	|16,85	|20,89	|0	|0	|19,88	|19,75	|19,7	|17,99	|12,53	|12,67	|20,41	|12,73	|100	|17,06	|20,26	|22,58	|17,03	|11,74	|19,51	|17,12	|13,69	|15,12	|18,87	|18,7	|12,89	|16,3	|14,25	|16,66	|16,49	|22,59	|17,18	|17,1	|20,84	|18,86	|18,88	|
________________________________________________________
51	|3,8	|4,04	|2,12	|3,24	|3,84	|2,21	|2,03	|17,69	|1,91	|2,72	|2,21	|3,16	|2,24	|3,4	|2,99	|3,36	|25,51	|19,19	|13,71	|22,49	|19,97	|0	|13,34	|0	|16,85	|10,73	|12,29	|16,96	|14,15	|11,08	|21,51	|14,1	|18,17	|16,65	|18,81	|16,79	|16,31	|16,13	|17,02	|15,11	|17,3	|16,3	|16,34	|17,22	|18,89	|12,88	|12,58	|19,5	|15,19	|11,92	|100	|20,37	|22,48	|16,31	|12,07	|18,52	|17,57	|12,58	|18,95	|18,57	|16,61	|15,25	|16,2	|14,04	|16,91	|16,45	|18,86	|16,27	|17,69	|16,9	|16,28	|16,81	|
________________________________________________________
52	|3,59	|4,06	|1,88	|3,14	|3,56	|0	|2,49	|3,72	|2	|2,57	|2,24	|3,08	|3,06	|2,14	|3,06	|2,15	|24,41	|19,08	|13,47	|22,38	|19,45	|14,67	|0	|8,49	|16,76	|10,65	|12,28	|16,74	|14,87	|12,63	|14,48	|21,77	|18,31	|16,97	|19,13	|16,42	|16,56	|16,52	|16,91	|15,29	|16,74	|16,18	|16,97	|16,34	|18,61	|12,99	|12,16	|19,1	|14,76	|14,21	|20,44	|100	|22,42	|16,74	|12,44	|18,6	|17,28	|11,9	|12,05	|19,08	|16,86	|14,62	|16,48	|14,09	|16,56	|16,79	|17,93	|16,5	|16,66	|16,93	|16,52	|16,28	|
________________________________________________________
53	|2,8	|3,73	|1,35	|2,76	|3,15	|2,81	|2,19	|2,89	|0	|3,48	|2,81	|3,63	|2,8	|3,27	|3,15	|3,41	|24,41	|13,98	|13,04	|19,94	|17,37	|12,11	|16,81	|16,3	|13,84	|0	|14,77	|19,2	|16,3	|12,5	|19,3	|19,16	|18,41	|16,9	|19,37	|17,2	|16,32	|16,6	|17,84	|15,18	|17,16	|16,79	|17,03	|16,92	|19,22	|8,84	|11,15	|16,31	|13,18	|11,61	|16,53	|16,43	|100	|19,57	|13,3	|21,91	|19,65	|13,41	|19,26	|19,01	|16,47	|15	|16,8	|14,31	|16,56	|15,96	|18,58	|16,33	|16,72	|17,15	|16,54	|16,57	|
________________________________________________________
54	|4,09	|3,72	|2,09	|2,93	|3,16	|2,83	|2,19	|2,83	|1,34	|3,3	|13,84	|3,55	|2,96	|3,08	|3,29	|3,35	|19,83	|20,51	|12,54	|20,08	|17,2	|12,53	|16,09	|16,56	|0	|7,23	|0	|18,98	|16,59	|12,5	|19,39	|18,91	|18,38	|17,16	|18,94	|16,62	|16,45	|16,38	|18,21	|14,64	|17,16	|16,44	|17,14	|16,86	|19,87	|13,69	|10,95	|16,89	|13,1	|11,83	|16,21	|16,58	|26,43	|100	|12,57	|21,74	|19,59	|13,62	|18,7	|19,22	|16,4	|14,96	|16,65	|13,84	|16,8	|15,89	|18,53	|16,47	|16,4	|17,09	|16,46	|16,32	|
________________________________________________________
55	|4,02	|4,15	|2,01	|3,54	|3,22	|2,6	|2,18	|2,82	|0	|0	|2,1	|3,77	|3	|3,43	|3,72	|3,22	|23,05	|16,78	|13,22	|20,22	|17,81	|12,53	|16,07	|16,91	|20,06	|0	|10,16	|0	|17,93	|12,6	|19,33	|18,93	|20,48	|18,92	|23,59	|0	|0	|20,09	|17,72	|15,43	|17,12	|16,5	|16,94	|18,77	|18,32	|10,55	|13,09	|16,89	|12,91	|11,16	|16,42	|16,87	|24,61	|17,2	|100	|18,88	|21,51	|14,69	|18,33	|18,87	|18,22	|16,61	|20,64	|13,77	|17	|19,88	|18,36	|16,01	|16,65	|17,13	|15,31	|17,6	|
________________________________________________________
56	|3,18	|4,35	|1,54	|3,34	|2,75	|3,01	|1,54	|2,95	|2,36	|2,33	|2,25	|18,25	|0	|3,31	|3,54	|3,56	|22,59	|16,93	|11,82	|23,45	|14,85	|13,28	|16,27	|17,07	|19,2	|12,24	|0	|13,86	|0	|13,01	|19,35	|18,8	|19,11	|17,55	|18,79	|17,09	|16,73	|15,77	|18,17	|14,94	|17,02	|16,58	|16,83	|16,27	|16,75	|11,61	|10,44	|20,03	|9,59	|12	|16,3	|16,32	|26,22	|19,26	|12,22	|100	|20,94	|13,68	|18,83	|19,02	|16,96	|15,27	|16,1	|14,46	|18,25	|15,83	|18,29	|16,03	|16,91	|17,39	|16,98	|16,25	|
________________________________________________________
57	|3,37	|3,17	|1,92	|3,51	|3,64	|2,83	|2,7	|2,92	|2,3	|0	|2,67	|4,3	|1,75	|3,15	|17,01	|3,19	|21,89	|17,03	|12,24	|17,23	|20,61	|12,08	|16,64	|16,22	|19,34	|12,08	|14,33	|0	|10,26	|0	|19,41	|19,23	|18,32	|16,67	|19,7	|17,6	|16,8	|15,92	|17,8	|15,04	|17,7	|16,11	|17,27	|17,35	|16,57	|11,36	|12,52	|20,14	|15,65	|11,53	|16,94	|16,6	|25,76	|19,01	|15,24	|22,93	|100	|12,45	|19	|19,74	|16,65	|14,83	|16,7	|14,04	|16,55	|15,87	|18,36	|16,5	|16,78	|17,01	|16,68	|15,82	|
________________________________________________________
58	|3,47	|3,82	|1,57	|4,27	|3,75	|2,94	|2,35	|3,67	|2,2	|3,51	|2,59	|3,93	|0	|0	|2,99	|3,03	|21,97	|16,74	|12,07	|21,53	|17,45	|13,62	|16,93	|16,4	|19,17	|11,89	|14,03	|20,54	|0	|9,63	|0	|20,05	|18,04	|16,78	|20,43	|16,84	|16,2	|16,1	|19,57	|16,84	|21	|0	|0	|20,91	|16,4	|11,46	|11,33	|19,27	|11,8	|13,21	|17,38	|16,38	|25,18	|18,93	|14,92	|21,47	|17,84	|100	|18,22	|20,58	|15,99	|14,43	|18,12	|13,02	|16,06	|16,89	|20,43	|18,05	|19,47	|16,59	|16,79	|20,27	|
________________________________________________________
59	|3,26	|3,56	|1,81	|3,12	|2,99	|3,28	|1,9	|3,31	|2,08	|3,15	|2,54	|3,98	|3,27	|1,99	|2,86	|17,85	|21,65	|16,67	|12,02	|20,26	|17,21	|12,03	|21,01	|14,93	|19,07	|12,15	|13,16	|19,9	|17,03	|0	|12,93	|0	|18,96	|16,87	|19,07	|16,92	|17,1	|16,17	|17,96	|14,59	|16,89	|16,18	|16,87	|16,5	|16,58	|11,62	|11,32	|16,84	|13,44	|10,57	|18,95	|12,01	|26,18	|18,81	|13,47	|21,39	|19,71	|13,19	|100	|21,68	|16,66	|15,05	|16,81	|13,79	|16,68	|16,31	|18,7	|16,27	|16,53	|17,02	|17,85	|16,32	|
________________________________________________________
60	|3,05	|3,64	|1,64	|2,83	|2,94	|2,24	|2,31	|3,18	|2,18	|3,25	|2,62	|3,92	|3,05	|0	|3,59	|3,64	|21,81	|16,57	|11,94	|20,14	|16,61	|12,12	|14,04	|21,62	|18,99	|12,04	|12,93	|19,48	|16,59	|12,98	|0	|8,46	|18,95	|17,11	|18,77	|17,02	|17,04	|16,41	|18,23	|15,11	|16,79	|16,33	|16,49	|16,33	|16,88	|11,52	|11,31	|17,41	|13,3	|13,04	|18,37	|18,81	|25,57	|19,14	|13,72	|21,38	|20,26	|14,73	|21,45	|100	|16,92	|14,95	|16,36	|14,05	|16,52	|16,6	|18,26	|15,97	|16,72	|17,05	|16,23	|16,45	|
________________________________________________________
61	|4,06	|0	|1,93	|3,63	|2,9	|2,11	|2,55	|3,42	|2,37	|3,03	|2,61	|4,04	|2,55	|2,9	|2,67	|3,15	|21,79	|16,6	|14,53	|19,11	|16,75	|11,7	|16,67	|16,72	|16,9	|11,18	|13,49	|16,78	|14,48	|11,26	|16,68	|16,57	|16,63	|0	|22,17	|19,2	|19,05	|19,03	|22,87	|11,76	|16,82	|16,59	|17,2	|17,03	|16,91	|11,08	|13,61	|17,17	|13,19	|13,07	|16,62	|16,82	|22,41	|16,51	|13,4	|19,28	|17,29	|11,58	|16,67	|17,12	|100	|16,97	|18,91	|16,2	|18,86	|18,38	|21,17	|19,18	|17,18	|17,08	|16,58	|16,78	|
________________________________________________________
62	|3,74	|2,97	|11,63	|2,81	|3,13	|3,92	|2,43	|2,73	|2,24	|3,26	|2,56	|3,99	|2,61	|2,77	|2,79	|2,99	|21,9	|16,76	|0	|19,21	|17,45	|12,24	|17,2	|16,53	|16,82	|10,64	|13,17	|17,1	|14,45	|10,87	|17,03	|16,14	|0	|15,06	|21,76	|19,21	|18,83	|18,68	|14,3	|20,64	|17,18	|16,29	|16,83	|17,11	|16,61	|11,63	|10,96	|16,82	|13,31	|10,05	|17,02	|16,27	|22,76	|16,8	|13,63	|19,35	|17,17	|11,65	|16,8	|16,87	|18,93	|100	|19,15	|15,86	|18,49	|19,19	|12,91	|18,67	|17,59	|16,8	|17,01	|16,92	|
________________________________________________________
63	|3,02	|4,45	|1,82	|17,01	|4	|2,77	|2,17	|3,29	|2,3	|0	|2,73	|3,95	|2,66	|2,4	|3,09	|3,19	|21,65	|16,55	|0	|19,84	|17,43	|12,04	|17	|16,79	|16,64	|10,6	|15,02	|17,12	|15,37	|11,47	|17,11	|16,37	|21,78	|19,53	|17,65	|0	|17,86	|18,36	|17,78	|15,35	|22,18	|14,18	|16,29	|16,94	|16,77	|11,39	|11,37	|17,01	|13,45	|11,36	|16,16	|16,39	|22,78	|16,72	|15,13	|18,25	|17,28	|13,08	|16,76	|16,49	|18,85	|17,12	|100	|15,92	|18,67	|18,8	|18,56	|16,07	|19,48	|19,23	|16,5	|17	|
________________________________________________________
64	|0	|4,3	|2,23	|3,27	|2,68	|3,09	|2,02	|1,85	|2,29	|2,32	|16,39	|3,47	|2,31	|3,53	|3,32	|2,7	|21,58	|16,66	|14,82	|20,34	|17,68	|13,7	|16,77	|16,7	|16,86	|10,75	|0	|16,88	|13,87	|11,31	|16,16	|16,38	|20,87	|18,57	|0	|15,3	|19,23	|18,81	|18,04	|15,33	|13,57	|22,6	|16,51	|16,73	|16,65	|11,45	|14,25	|16,92	|12,32	|11,72	|16,52	|16,52	|22,89	|16,39	|11,91	|19,32	|17,14	|11,09	|16,22	|16,71	|19,06	|16,72	|18,78	|100	|19,06	|18,78	|17,65	|16,25	|10,47	|19,41	|17,02	|16,45	|
________________________________________________________
65	|3,75	|4,21	|2,07	|3,29	|2,85	|2,59	|2,16	|3,06	|1,58	|3,7	|2,19	|20,65	|3,4	|2,61	|2,94	|3,28	|21,57	|16,42	|13,59	|20,47	|17	|12,05	|16,84	|16,52	|16,61	|10,41	|0	|16,79	|14,77	|10,84	|16,43	|16,26	|20,95	|19,23	|21,72	|20	|14,7	|0	|17,77	|14,94	|16,97	|16,71	|22	|14,66	|17,08	|12,11	|12,93	|16,75	|12,77	|11,6	|16,85	|16,44	|22,43	|16,85	|12,46	|20,65	|17,11	|11,59	|16,63	|16,64	|18,78	|16,51	|18,65	|16,14	|100	|18,35	|18,41	|16,24	|16,64	|17,26	|19,22	|19,36	|
________________________________________________________
66	|3,69	|4,11	|2,12	|3,42	|2,95	|2,69	|2,09	|2,76	|0	|3,29	|2,75	|3,64	|2	|3,3	|2,88	|1,75	|22,1	|17,07	|13,17	|20,25	|16,86	|11,61	|16,75	|16,61	|16,69	|10,75	|14,64	|16,98	|14,56	|12,77	|16,28	|16,57	|20,4	|19,41	|21,57	|18,9	|0	|14,8	|18,06	|15,1	|17,1	|17,05	|14,16	|22,24	|16,95	|11,5	|12,48	|16,73	|12,9	|11,53	|16,46	|16,75	|21,71	|16,01	|14,62	|17,99	|16,48	|12,24	|16,32	|16,8	|18,38	|17,21	|18,86	|15,97	|18,43	|100	|18,13	|16,13	|16,65	|17,21	|11,3	|19,25	|
________________________________________________________
67	|3,73	|3,22	|1,17	|2,91	|3,7	|0	|2,47	|3,49	|1,9	|2,88	|2,25	|3,59	|2,91	|3,28	|3,07	|3,38	|22,02	|17,03	|13,4	|20,25	|17,12	|14,85	|16,13	|16,01	|17	|10,72	|12,16	|16,83	|14,78	|12,35	|16,95	|16,54	|23,35	|14,92	|19,14	|16,47	|16,76	|16,73	|16,77	|0	|19,8	|19,17	|19,21	|19,06	|16,84	|11,29	|11,27	|17,1	|13,35	|14,25	|17,03	|16,13	|22,81	|16,84	|12,18	|18,76	|17,2	|13,36	|16,89	|16,67	|19,11	|10,45	|16,81	|13,54	|16,69	|16,36	|100	|18,48	|18,94	|18,77	|18,82	|18,57	|
________________________________________________________
68	|3,07	|4,57	|1,97	|2,84	|3,59	|2,39	|13,32	|3,09	|1,81	|2,63	|2,43	|3,38	|3,04	|3,2	|3,47	|3,43	|21,6	|16,67	|11,88	|19,35	|17,13	|0	|16,64	|16,28	|16,91	|10,58	|11,7	|16,75	|14,78	|12,16	|16,46	|16,58	|16,1	|22,36	|18,9	|16,93	|16,34	|16,51	|0	|12,59	|18,74	|18,95	|19,06	|19,46	|17,27	|11,56	|11,16	|16,74	|13,32	|12,37	|16,76	|16,94	|22,86	|17,08	|12,12	|18,75	|17,63	|13,46	|16,76	|16,63	|19,75	|17,23	|16,59	|14,23	|16,78	|16,6	|21,08	|100	|18,85	|19,15	|18,63	|18,97	|
________________________________________________________
69	|3,99	|3,54	|1,55	|3,22	|2,86	|3,31	|2	|17,48	|2,18	|2,34	|1,43	|3,64	|3,15	|0	|3,4	|3,4	|22,46	|16,45	|12,22	|20,36	|17,48	|0	|16,57	|16,6	|16,58	|10,41	|13,61	|17,41	|14,62	|13,82	|16,56	|16,77	|18,59	|17,46	|24,11	|14,36	|16,04	|16,54	|20,65	|17,65	|14,84	|0	|18,58	|18,64	|17,23	|11,33	|9,57	|16,6	|12,91	|11,81	|17,48	|16,4	|22,46	|16,3	|12,09	|18,98	|17,2	|13,92	|16,33	|16,69	|16,96	|15,57	|19,29	|8,79	|16,5	|16,44	|20,71	|18,08	|100	|19,27	|18,6	|18,81	|
________________________________________________________
70	|2,86	|3,66	|1,9	|3,32	|0	|3,41	|2,69	|3,4	|1,91	|3,51	|2,49	|3,48	|3,06	|2,25	|17,32	|3,18	|21,55	|16,42	|12,39	|20,55	|16,76	|14,58	|16,81	|16,31	|16,35	|10,47	|11,94	|16,54	|14,53	|0	|16,79	|16,93	|18,88	|16,91	|16,36	|22,6	|16,73	|16,27	|19,63	|16,9	|0	|13,84	|19,22	|19,12	|16,89	|11,18	|12,62	|17,2	|13,18	|14,29	|16,58	|16,56	|22,88	|16,88	|12,36	|19,4	|17,32	|11,78	|16,7	|16,92	|16,76	|14,77	|18,92	|16,19	|17	|16,88	|20,4	|18,25	|19,15	|100	|18,98	|19,25	|
________________________________________________________
71	|3,21	|3,73	|1,88	|2,92	|3,42	|3,33	|2,24	|3,2	|2,53	|2,88	|2,17	|4,16	|2,2	|3,37	|2,95	|17,9	|21,78	|16,59	|12,12	|20,18	|17,13	|14,08	|17,05	|16,31	|16,78	|10,82	|12,45	|16,91	|14,17	|0	|16,59	|16,44	|18,62	|16,88	|19,56	|16,75	|21,02	|14,06	|20,39	|17,11	|19,24	|19,05	|14,64	|0	|16,9	|11,53	|10,87	|17,39	|13,09	|13,22	|16,33	|16,52	|22,56	|16,62	|11,29	|19,35	|17,35	|12,2	|17,9	|16,46	|16,62	|15,29	|16,59	|14,51	|19,35	|11,33	|20,9	|18,15	|18,89	|19,4	|100	|19,15	|
________________________________________________________
72	|3,2	|3,85	|1,7	|2,91	|3,48	|3,27	|2,45	|3,25	|1,83	|2,86	|2,67	|3,96	|0	|3,54	|3,3	|3,4	|21,5	|16,62	|12,05	|20,61	|17,32	|13,31	|17,15	|16,25	|16,49	|10,52	|11,93	|17,33	|15,19	|13,72	|16,59	|15,68	|18,7	|17,02	|19,39	|17,37	|14,05	|21,61	|20,23	|17,34	|19,46	|19,33	|0	|14,65	|17,06	|11,35	|10,9	|17,12	|13,05	|13,21	|16,84	|16,25	|22,56	|16,44	|12,96	|18,49	|16,44	|14,69	|16,35	|16,65	|16,79	|15,18	|17,07	|14	|19,46	|19,26	|20,59	|18,44	|19,06	|19,64	|19,11	|100	|
________________________________________________________
