0	|1	|2	|3	|4	|5	|6	|7	|8	|9	|10	|11	|12	|13	|14	|15	|16	|17	|18	|19	|20	|21	|22	|23	|24	|25	|26	|27	|28	|29	|30	|31	|32	|33	|34	|35	|36	|37	|38	|39	|40	|41	|42	|43	|44	|45	|46	|47	|48	|49	|50	|51	|52	|53	|54	|55	|56	|57	|58	|59	|60	|61	|62	|63	|64	|65	|66	|67	|68	|69	|70	|71	|72	|
1	|100	|3,43	|1,49	|3,29	|4,09	|2,51	|2,3	|3,88	|3,58	|3,17	|0	|3,32	|2,54	|2	|3,08	|3,41	|24,01	|100	|12,69	|20,7	|22,67	|13,41	|19,68	|19,65	|19,89	|14,76	|14,49	|16,61	|15,53	|10,66	|16,4	|16,25	|23,27	|16,22	|100	|19,86	|19,24	|17,77	|19,59	|12,04	|19,68	|12,19	|17,11	|16,34	|0	|8,6	|0	|19,59	|16,28	|12,4	|17,65	|18,97	|18,88	|20,16	|14,55	|17,05	|17,05	|11,71	|17,26	|16,28	|21,33	|17,14	|14,96	|0	|18,07	|19,95	|20,91	|15,83	|19,8	|14,78	|17,98	|16,16	|
________________________________________________________
2	|3,2	|100	|2,17	|3,26	|3,31	|3,93	|0	|3,06	|1,59	|3,84	|2,76	|4,54	|1,73	|3,26	|2,78	|2,84	|23,78	|16,99	|12,75	|100	|19,38	|13,2	|18,24	|17,93	|18,71	|8,6	|13,26	|19,41	|12,17	|11,45	|16,76	|16,71	|20,02	|100	|18,96	|21,25	|19,13	|17,96	|20,75	|17,82	|16,62	|17,46	|16,93	|16,51	|20,27	|13,42	|0	|14,76	|0	|14,34	|18,05	|18,85	|25,09	|16,07	|12,67	|20,75	|13,53	|11,72	|16,35	|16,26	|0	|13,53	|19,52	|18,21	|19,91	|19,02	|15,65	|20,63	|16,76	|17,01	|16,99	|17,04	|
________________________________________________________
3	|2,93	|4,57	|100	|2,58	|3,22	|3,81	|2,93	|2,87	|3,28	|3,57	|3,4	|3,1	|2,63	|3,22	|4,68	|3,57	|0	|11,89	|0	|25,76	|20,43	|13,41	|17,39	|17,86	|13,82	|15,11	|13,23	|16,33	|16,63	|11,36	|16,45	|15,28	|0	|15,05	|23,83	|21,49	|17,8	|18,74	|15,4	|21,25	|18,33	|17,62	|17,33	|15,16	|19,73	|100	|12	|16,28	|17,04	|11,01	|20,55	|20,49	|16,92	|19,96	|13,35	|16,33	|19,09	|11,12	|17,51	|16,39	|17,74	|100	|15,28	|17,86	|19,09	|18,68	|11,94	|18,62	|16,22	|19,32	|16,69	|15,93	|
________________________________________________________
4	|3,93	|4,18	|1,57	|100	|0	|3,46	|2,68	|4,14	|2,5	|0	|2,36	|4	|1,82	|1,64	|3,5	|3,64	|26,45	|20,39	|0	|17,71	|0	|14,85	|19,28	|18,31	|16,74	|11,07	|14,99	|20,96	|11,6	|11,42	|15,03	|18,03	|23,67	|20,31	|18,24	|0	|18,53	|20,03	|17,92	|15,07	|21,35	|13,82	|16,42	|17,71	|20,31	|11,42	|10,07	|100	|16,92	|13,14	|18,96	|20,35	|21,46	|14,85	|14,99	|20,14	|18,67	|17,89	|16,03	|16,42	|20,74	|15,07	|100	|15,32	|17,74	|18,74	|19,03	|15,78	|18,39	|19,1	|15,46	|16,57	|
________________________________________________________
5	|4,65	|4,04	|1,87	|0	|100	|2,82	|2,1	|3,7	|3,19	|3,53	|1,93	|3,02	|3,29	|2,65	|0	|3,94	|23,35	|18,56	|14,46	|23,35	|100	|12,42	|16,59	|19,07	|16,8	|11,2	|18,36	|19,24	|16,53	|12,66	|17,1	|16,32	|17,68	|15,91	|22,36	|18,6	|16,29	|16,36	|22,23	|15,3	|100	|16,76	|19,24	|17,75	|18,63	|13,1	|13,1	|0	|10,28	|0	|20,9	|20,8	|22,36	|16,25	|13,84	|17,51	|22,6	|15,03	|17,07	|16,97	|16,19	|15,34	|20,39	|10,11	|15,1	|15,27	|21,99	|18,9	|16,05	|0	|20,56	|18,8	|
________________________________________________________
6	|2,99	|5,02	|2,31	|3,45	|2,95	|100	|2,49	|2,38	|1,53	|4,34	|2,28	|3,17	|2,92	|3,34	|4,48	|3,74	|25,97	|19,46	|12,74	|22,34	|18,57	|12,77	|100	|20,42	|16,44	|9,39	|12,02	|17,4	|12,7	|13,95	|18,57	|12,49	|12,17	|20,24	|16,72	|20,14	|16,26	|17,43	|18,78	|100	|17,64	|19,28	|19	|18,71	|18,11	|11,81	|13,23	|20,17	|16,22	|0	|13,3	|0	|23,87	|15,76	|12,52	|19,71	|16,9	|13,84	|20,6	|15,87	|13,34	|20,35	|17,04	|16,9	|17,11	|16,51	|0	|14,41	|20,35	|20,38	|18,36	|20,17	|
________________________________________________________
7	|3,64	|0	|2,36	|3,54	|2,93	|3,31	|100	|2,03	|1,65	|2,08	|2,69	|2,65	|3,07	|3,83	|5,24	|2,27	|24	|18,33	|13,89	|0	|13,13	|0	|20,26	|20,03	|15,4	|9,54	|14,36	|13,46	|18,94	|13,08	|17,01	|18,04	|14,55	|21,11	|19,13	|16,15	|16,06	|16,53	|0	|12,94	|20,88	|19,08	|18,33	|18,94	|18,94	|12,75	|14,74	|21,02	|100	|10,16	|16,2	|20,69	|24,14	|19,51	|11,71	|13,18	|21,49	|13,04	|14,93	|17,15	|19,13	|17,34	|17,95	|13,56	|16,72	|15,54	|20,64	|100	|16,86	|20,41	|17,52	|17,86	|
________________________________________________________
8	|4,38	|3,7	|1,65	|3,9	|3,67	|2,26	|1,45	|100	|2,22	|2,05	|1,51	|3,37	|3,4	|0	|4,24	|4,34	|24,13	|18,55	|14	|24,17	|21,71	|0	|13,16	|0	|15,99	|11,11	|13,16	|17,37	|16,22	|12,92	|20,83	|13,73	|21,78	|16,36	|23,86	|12,99	|15,18	|16,49	|22,28	|17,47	|14,64	|0	|18,18	|18,18	|18,71	|13,09	|11,21	|20,16	|12,76	|11,31	|100	|19,42	|23,36	|17,5	|13,3	|18,51	|17,03	|13,53	|19,08	|18,11	|19,82	|12,39	|20,09	|8,75	|16,66	|15,21	|22,99	|16,86	|100	|20,77	|18,98	|18,61	|
________________________________________________________
9	|6,27	|2,98	|2,92	|3,66	|4,91	|2,25	|1,83	|3,45	|100	|2,19	|1,67	|4,02	|3,08	|2,87	|3,76	|5,07	|16,71	|22,82	|12,22	|16,71	|19,58	|11,96	|17,13	|15,98	|23,86	|100	|13,26	|16,81	|17,34	|11,33	|20	|18,75	|21,78	|17,86	|23,97	|15,51	|100	|19,48	|18,59	|15,25	|18,33	|14,2	|19,27	|10,7	|9,92	|16,45	|13,21	|16,55	|14,2	|11,49	|16,92	|17,02	|0	|10,76	|0	|23,81	|21,46	|13,47	|19,95	|20,26	|19,22	|16,87	|20,26	|15,82	|13,79	|0	|18,96	|15,4	|19,43	|16,14	|22,51	|12,58	|
________________________________________________________
10	|3,75	|4,89	|2,16	|0	|3,68	|4,32	|1,56	|2,16	|1,49	|100	|2,2	|3,4	|3,08	|3,93	|0	|3,68	|22,27	|16,68	|13,39	|22,52	|20,64	|19,05	|16,29	|17,85	|19,87	|9,45	|12,36	|100	|17,71	|14,62	|19,44	|18,66	|19,65	|19,23	|21,74	|100	|15,83	|20,68	|17,92	|14,84	|18,98	|17,81	|16,89	|17,53	|16,64	|10,73	|13,77	|19,9	|10,91	|11,05	|15,37	|16,08	|28,43	|19,62	|0	|15,12	|0	|14,73	|19,9	|19,55	|18,17	|18,94	|0	|11,93	|19,55	|22,13	|18,84	|14,84	|14,06	|22,1	|15,93	|17	|
________________________________________________________
11	|0	|4,39	|2,57	|2,92	|2,53	|2,84	|2,53	|1,99	|1,42	|2,75	|100	|3,19	|3,06	|4,16	|4,34	|2,57	|19,72	|18,87	|16,22	|19,85	|17,72	|14,05	|16,79	|15,91	|0	|7,13	|0	|21,18	|17,24	|12,94	|19,98	|18,52	|20,25	|18,34	|0	|13,69	|17,77	|22,68	|16,08	|16,04	|13,25	|21,36	|17,28	|19,54	|19,1	|12,94	|14,09	|17,28	|13,51	|10,5	|16,84	|16,88	|24,81	|100	|12,36	|20,07	|20,82	|13,2	|17,63	|17,55	|18,43	|17,46	|19,23	|100	|16,7	|21,49	|17,81	|17,41	|10,9	|19,72	|14,75	|18,79	|
________________________________________________________
12	|3,3	|4,85	|1,58	|3,33	|2,65	|2,65	|1,67	|2,98	|2,29	|2,86	|2,14	|100	|0	|3,01	|3,57	|3,93	|22,24	|15,78	|14,23	|23,31	|15,48	|12,3	|15,6	|16,94	|19,95	|13,34	|0	|14,17	|0	|13,93	|18,79	|19,23	|21,23	|20,1	|22,21	|20,6	|15,69	|0	|17,92	|14,08	|17,12	|15,36	|22,51	|13,9	|18,16	|9,91	|11,79	|18,76	|9,94	|12,12	|16,49	|16,31	|25,01	|16,28	|12,12	|100	|20,75	|13,87	|18,49	|18,52	|17,86	|17,09	|19,32	|14,89	|100	|17,71	|18,84	|16,11	|17,59	|16,08	|19,02	|17,95	|
________________________________________________________
13	|3,47	|2,53	|1,83	|2,08	|3,95	|3,34	|2,65	|4,12	|2,41	|3,55	|2,81	|0	|100	|2,28	|2,85	|3,51	|23,52	|15,7	|12,11	|16,59	|19,98	|12,52	|16,06	|19,81	|17,49	|12,23	|15,33	|21,57	|100	|10,72	|16,23	|20,59	|18,43	|16,18	|20,1	|16,35	|19,28	|19,45	|20,38	|17,28	|21,61	|16,23	|100	|20,26	|17,37	|11,33	|12,68	|13,09	|17,9	|14,15	|16,1	|17,77	|25,23	|18,79	|14,84	|0	|12,15	|0	|19,45	|21,24	|16,71	|14,64	|18,51	|13,25	|22,79	|13,53	|20,59	|17,65	|22,38	|19,4	|13,98	|0	|
________________________________________________________
14	|2,45	|4,27	|2,01	|1,68	|2,85	|3,43	|2,96	|0	|2,01	|4,05	|3,43	|3,69	|2,04	|100	|3,14	|2,45	|21,46	|15,84	|12,37	|20,84	|16,72	|13,83	|19,74	|17,99	|18,14	|13,03	|13,47	|19,82	|14,53	|11,93	|100	|21,28	|18,65	|18,14	|14,31	|20,29	|14,53	|19,31	|19,2	|17,01	|18,91	|100	|16,06	|20,47	|14,74	|11,61	|12,55	|16,13	|14,16	|14,78	|21,75	|14,05	|25,18	|18,28	|14,42	|22,41	|21,02	|0	|12,37	|0	|16,61	|15	|13,65	|19,16	|15,18	|19,53	|21,06	|20,04	|0	|13,25	|18,65	|20,99	|
________________________________________________________
15	|3,34	|3,25	|2,6	|3,18	|0	|4,09	|3,6	|4,09	|2,34	|0	|3,18	|3,9	|2,27	|2,79	|100	|2,73	|21,59	|16,72	|11,49	|18,38	|20,81	|15,19	|17,34	|16,46	|19,38	|11,36	|14,35	|0	|10,97	|0	|22,01	|20,84	|17,92	|16,66	|17,92	|22,63	|17,44	|16,2	|20	|17,31	|0	|13,15	|20,03	|20,68	|17,14	|12,14	|16,3	|19,74	|16,49	|13,05	|17,86	|14,77	|24,97	|18,51	|14,97	|22,5	|100	|13,34	|15,19	|21,1	|16,49	|13,67	|18,6	|15,91	|15,39	|14,97	|21,04	|18,47	|19,45	|100	|17,37	|20,19	|
________________________________________________________
16	|3,79	|3,39	|2,03	|3,39	|3,86	|3,49	|1,6	|4,29	|3,22	|3,46	|1,93	|4,39	|2,86	|2,23	|2,79	|100	|20,51	|17,78	|10,8	|20,7	|17,31	|13,76	|21,64	|14,09	|18,25	|13,33	|13,43	|20,31	|17,38	|0	|12,53	|0	|17,65	|16,25	|21,17	|16,98	|21,7	|14,72	|20,84	|15,95	|21,24	|18,11	|16,05	|0	|16,35	|12,7	|10,63	|19,47	|11,47	|13,53	|18,01	|11,57	|24,33	|19,08	|14,06	|20,87	|17,48	|12,33	|100	|21,27	|16,58	|15,99	|17,55	|12	|18,15	|11,03	|21,47	|18,54	|22	|18,48	|100	|19,04	|
________________________________________________________
17	|3,69	|3,92	|0	|3,4	|3,15	|3,35	|2,33	|3,29	|1,47	|2,88	|2,04	|3,43	|2,65	|2,7	|3,05	|2,83	|100	|18,82	|13,51	|22,92	|19,33	|13,53	|18,97	|18,82	|18,11	|8,3	|11,97	|16,67	|14,7	|11,11	|16,77	|16,3	|18,62	|16,36	|19,19	|17,41	|16,11	|16,48	|17,56	|14,77	|17,02	|15,88	|17,17	|16,83	|14,64	|0	|13,77	|19,54	|14,8	|12,97	|19,09	|18,44	|24,96	|15,13	|12,85	|18,56	|17,36	|11,67	|16,62	|16,52	|16,61	|14,91	|16,52	|14,12	|16,47	|16,26	|18,66	|15,97	|17,05	|16,83	|16,86	|16,52	|
________________________________________________________
18	|19,89	|3,62	|1,21	|3,39	|3,25	|3,25	|2,31	|3,27	|2,6	|2,8	|2,53	|3,15	|2,29	|2,58	|3,06	|3,18	|24,38	|100	|12,42	|23,22	|19,89	|13,92	|19,31	|18,85	|20,08	|14,24	|12,26	|16,75	|14,6	|10,94	|16,85	|16,53	|18,55	|16,35	|19,89	|17,74	|15,99	|16,33	|17,71	|14,91	|17	|16,05	|17,14	|16,82	|0	|8,56	|0	|19,1	|15,05	|13,08	|18,9	|18,86	|19,23	|19,89	|11,63	|18,66	|16,99	|11,95	|16,85	|16,59	|16,98	|14,78	|16,4	|13,65	|16,27	|16,95	|18,55	|15,82	|17,07	|16,62	|17,2	|16,35	|
________________________________________________________
19	|3,51	|3,78	|0	|0	|3,52	|2,96	|2,43	|3,43	|1,93	|3,12	|3,02	|3,95	|2,45	|2,8	|2,92	|2,68	|24,32	|17,26	|100	|20,17	|21,23	|14,62	|18,86	|18,7	|18,08	|8,89	|13,95	|16,49	|14,81	|11,56	|16,59	|16,88	|22,53	|17,26	|19,37	|20,26	|18,12	|18,32	|19,8	|13,01	|16,81	|16,58	|17,16	|15,92	|19,13	|0	|9,91	|0	|15,83	|13,24	|18,78	|18,32	|24,69	|17,04	|13,75	|18,96	|16,81	|11,74	|17,24	|16,9	|20,45	|0	|0	|17,65	|18,65	|18,57	|20,86	|15,86	|16,7	|16,02	|16,16	|16,34	|
________________________________________________________
20	|3,47	|18,01	|2,21	|2,49	|3,45	|3,15	|0	|3,6	|1,6	|3,19	|2,25	|3,93	|2,04	|2,86	|2,84	|3,12	|25,07	|19,59	|12,25	|100	|19,99	|13,73	|19,09	|18,26	|17,01	|10,54	|10,99	|19,15	|11,54	|11,26	|16,71	|16,11	|17,89	|18,01	|18,86	|17,38	|16,29	|16,63	|17,75	|14,58	|16,85	|15,87	|16,86	|16,27	|18,7	|13,27	|0	|14,72	|0	|14,2	|19,15	|18,75	|23,04	|16,84	|11,85	|21,64	|15,01	|12,79	|16,86	|16,7	|16,06	|14,89	|16,57	|14,57	|17,34	|16,57	|18,44	|15,61	|17,14	|17,46	|16,33	|16,56	|
________________________________________________________
21	|4,36	|4	|2	|0	|16,93	|3	|1,6	|3,71	|2,15	|3,35	|2,3	|2,99	|2,81	|2,63	|3,68	|2,99	|24,21	|19,23	|14,77	|22,9	|100	|12,09	|18,91	|18,8	|16,75	|10,62	|13,59	|19,69	|17,26	|11,11	|16,89	|16,57	|18,18	|16,54	|20,11	|16,78	|16,07	|16,83	|17,66	|15,18	|16,93	|16,09	|16,55	|16,51	|18,54	|13,05	|13,35	|0	|10,41	|0	|19,27	|18,99	|22,58	|16,68	|12,22	|15,84	|20,93	|12,06	|17,15	|16,72	|16,35	|15,06	|16,77	|13,92	|16,45	|15,97	|18,28	|15,91	|17,22	|16,84	|16,61	|16,58	|
________________________________________________________
22	|3,66	|3,86	|1,87	|3,39	|2,98	|2,93	|0	|0	|1,87	|4,38	|2,58	|3,37	|2,5	|3,09	|3,81	|3,37	|24,05	|19,08	|14,43	|22,32	|17,14	|100	|17,94	|19,96	|16,68	|10,4	|12,3	|18,77	|12,55	|13,71	|16,37	|16,62	|18,68	|16,18	|17,14	|19,78	|16,57	|16,34	|21,67	|14,83	|17,56	|19,56	|18,95	|18,52	|18,71	|13,01	|13,19	|20,09	|0	|9,44	|0	|20,05	|22,86	|16,39	|11,68	|20,22	|17,85	|12,79	|16,65	|17,07	|16,38	|14,65	|16,57	|15,67	|16,5	|16,94	|23,47	|0	|0	|20,64	|18,36	|18,92	|
________________________________________________________
23	|3,94	|3,92	|1,78	|3,23	|2,93	|16,82	|2,57	|2,34	|1,96	|2,75	|2,27	|3,14	|2,36	|3,24	|3,2	|3,9	|24,75	|19,45	|13,67	|22,78	|19,69	|13,18	|100	|19,49	|16,11	|10,55	|11,83	|16,56	|14,74	|10,34	|19,27	|12,28	|18,15	|16,59	|19,1	|17,33	|16,65	|16,53	|16,8	|16,82	|17,29	|16,22	|16,98	|16,99	|18,57	|12,57	|12,52	|19	|15,14	|0	|13,19	|0	|22,85	|16,38	|12,14	|18,49	|16,86	|12,22	|21,66	|14,88	|16,6	|15,37	|16,74	|14,3	|16,59	|16,68	|17,94	|15,74	|16,82	|16,98	|17,24	|17,33	|
________________________________________________________
24	|4	|3,91	|1,85	|3,12	|3,41	|3,49	|2,58	|0	|1,86	|3,06	|2,18	|3,46	|2,95	|2,99	|3,08	|2,58	|24,92	|19,27	|13,76	|22,11	|19,88	|14,87	|19,78	|100	|16,76	|10,6	|11,95	|16,66	|14,74	|12,67	|18,69	|18,91	|18,04	|16,69	|19,46	|17,28	|16,35	|16,34	|17,55	|14,71	|16,99	|15,97	|16,84	|16,45	|18,24	|13,11	|12,47	|18,79	|15,02	|13,69	|0	|8,38	|23,07	|16,75	|11,99	|18,67	|17,06	|12,21	|14,48	|21,41	|16,91	|15,33	|16,41	|14,41	|16,94	|16,28	|17,8	|15,88	|16,92	|16,74	|16,01	|16,2	|
________________________________________________________
25	|3,99	|4,03	|1,42	|2,81	|2,97	|2,77	|1,95	|2,85	|2,74	|3,36	|0	|4,02	|2,57	|2,98	|3,58	|3,29	|23,69	|20,26	|13,13	|20,34	|17,48	|12,28	|16,15	|16,54	|100	|14,79	|14,43	|18,97	|16,47	|12,33	|18,85	|18,61	|18,65	|16,69	|19,13	|16,67	|16,42	|16,24	|18,01	|14,74	|16,94	|16,21	|16,99	|16,78	|19,72	|9,13	|11,18	|16,6	|12,8	|11,75	|16,54	|16,24	|19	|0	|14,16	|21,47	|19,72	|13,55	|19,3	|19,05	|16,28	|15,26	|16,82	|14,39	|16,46	|16,44	|18,51	|16,04	|16,93	|17,17	|16,92	|16,27	|
________________________________________________________
26	|4,65	|2,91	|2,43	|2,92	|3,11	|2,48	|1,9	|3,11	|18,02	|2,51	|1,52	|4,22	|2,82	|3,36	|3,29	|3,77	|17,03	|22,55	|10,14	|19,79	|17,39	|12,01	|16,59	|16,43	|23,21	|100	|12,37	|19,28	|16,72	|12,79	|19,22	|18,75	|18,81	|16,34	|19,39	|16,76	|18,02	|16,7	|17,83	|14,6	|17,11	|16,44	|17,2	|16,73	|10,96	|16,42	|11,92	|16,43	|12,72	|11,36	|16,85	|16,84	|0	|11	|0	|21,66	|19,19	|13,14	|19,59	|19,25	|16,98	|15,22	|16,84	|13,98	|16,49	|16,23	|18,55	|15,58	|16,99	|16,24	|16,53	|16,07	|
________________________________________________________
27	|4	|3,93	|1,87	|3,47	|4,47	|2,79	|2,51	|3,23	|2,1	|2,88	|0	|0	|3,1	|3,05	|3,65	|3,34	|21,55	|17,03	|13,95	|18,09	|19,53	|12,47	|16,32	|16,25	|19,86	|10,85	|100	|16,79	|18,11	|13,04	|18,37	|18,58	|20,9	|18,7	|22,47	|17,16	|16,59	|21,57	|17,12	|15,46	|19,02	|14,65	|16,64	|16,73	|15,89	|11,24	|12,64	|16,76	|14,89	|11,35	|16,11	|16,45	|27,45	|0	|10,39	|0	|20,26	|13,37	|17,73	|17,95	|18,66	|17,31	|19,92	|0	|0	|21,23	|17,93	|16,41	|18,77	|17,31	|16,41	|17,18	|
________________________________________________________
28	|3,3	|4,14	|1,66	|3,49	|3,37	|2,9	|1,69	|3,06	|1,91	|16,77	|2,84	|2,83	|3,14	|3,23	|0	|3,63	|21,59	|16,74	|11,87	|22,68	|20,36	|13,68	|16,44	|16,3	|18,79	|12,16	|12,08	|100	|18,79	|13,82	|19,16	|18,45	|18,21	|16,72	|19,35	|16,77	|16,14	|16,86	|17,71	|14,45	|16,87	|15,45	|17,14	|16,49	|16,3	|11,37	|11,19	|20,55	|10,62	|11,32	|16,61	|16,97	|25,74	|18,74	|0	|15,12	|0	|14,12	|19,53	|19,77	|16,54	|15,4	|16,71	|14,62	|16,51	|16,86	|18,69	|16,34	|17,59	|16,63	|16,24	|16,65	|
________________________________________________________
29	|3,52	|2,96	|1,92	|2,2	|3,29	|2,42	|2,71	|3,26	|2,25	|3,38	|2,63	|0	|16,6	|2,69	|2,29	|3,54	|21,68	|16,63	|12,14	|15,57	|20,33	|10,42	|16,66	|16,42	|18,58	|12,02	|14,84	|21,4	|100	|11,06	|19	|19,07	|17,85	|16,74	|19,74	|16,69	|15,99	|16,33	|17,76	|14,91	|17,2	|15,83	|16,6	|17,27	|16,66	|11,39	|12,14	|12,79	|17,79	|11,28	|16,47	|16,97	|25,53	|18,99	|14,72	|0	|11,81	|0	|19,17	|19,48	|16,26	|14,98	|17,93	|13,1	|16,32	|16,01	|18,5	|16,12	|17,68	|16,9	|15,99	|17,17	|
________________________________________________________
30	|3,2	|3,69	|1,74	|2,87	|3,35	|3,52	|2,48	|3,44	|1,95	|3,7	|2,62	|4,2	|2,36	|2,93	|0	|0	|21,72	|16,51	|12,57	|20,15	|17,35	|15,09	|15,5	|18,72	|18,44	|12,19	|14,17	|20,86	|14,66	|100	|17,77	|19,8	|18,65	|16,41	|18,84	|17,2	|14,56	|18,91	|19,8	|17,75	|20,29	|16,27	|17,58	|19,8	|16,47	|11,55	|11,95	|17,01	|13,19	|12,77	|16,14	|18,87	|26,01	|18,67	|13,36	|21,79	|0	|10,31	|0	|19,67	|16,81	|14,98	|16,86	|14,66	|17,01	|19,4	|20,22	|18,09	|20,51	|0	|0	|19,87	|
________________________________________________________
31	|3,27	|3,58	|1,67	|2,51	|3	|3,11	|2,14	|3,68	|2,28	|3,27	|2,68	|3,76	|2,37	|16,31	|4,03	|2,24	|21,76	|16,88	|11,96	|19,84	|17,5	|11,96	|19,17	|18,31	|18,71	|12,15	|13,24	|19,19	|16,72	|11,79	|100	|20,67	|17,88	|17,14	|19,02	|17,08	|16,78	|16,53	|17,57	|14,93	|16,99	|16,31	|16,6	|16,02	|15,68	|11,72	|11,25	|16,47	|13,53	|11,63	|21,5	|14,09	|25,89	|19,15	|13,2	|20,89	|20,28	|0	|12,49	|0	|16,75	|14,73	|16,28	|14,12	|16,16	|16,94	|18,18	|16,34	|16,76	|16,97	|16,56	|16,79	|
________________________________________________________
32	|3,28	|3,62	|1,57	|3,04	|2,9	|2,12	|2,3	|2,46	|2,16	|3,18	|2,52	|3,89	|3,04	|3,51	|3,87	|0	|21,43	|16,77	|12,33	|19,36	|17,38	|12,3	|12,37	|18,77	|18,7	|12,01	|13,56	|18,73	|16,99	|13,31	|20,94	|100	|17,97	|17,33	|19,15	|16,58	|16,9	|16,75	|18,08	|15,29	|16,77	|16,45	|17,07	|16,08	|16,39	|11,2	|11,57	|16,72	|13,61	|12,75	|14,06	|21,34	|26,04	|19,21	|13,42	|21,05	|19,9	|14,04	|0	|8,47	|16,31	|14,81	|17,17	|14,15	|16,2	|16,53	|17,65	|15,92	|17,07	|16,72	|16,15	|15,95	|
________________________________________________________
33	|4,25	|3,92	|0	|3,61	|2,84	|1,86	|1,68	|3,53	|2,27	|3,03	|2,49	|3,89	|2,46	|2,79	|3,01	|2,89	|22,14	|17,02	|14,88	|19,44	|17,25	|12,49	|16,53	|16,19	|16,95	|10,9	|13,8	|16,71	|14,39	|11,33	|16,38	|16,26	|100	|18,45	|21,95	|19,25	|18,64	|18,62	|20,28	|10,32	|17,15	|16,38	|17,3	|16,73	|16,49	|11,22	|13,44	|16,59	|12,71	|12,47	|16,35	|16,49	|22,32	|16,16	|13,26	|18,84	|16,91	|11,58	|16,37	|16,65	|15,52	|0	|19,68	|15,78	|19,21	|18,84	|22,95	|14,07	|17,33	|16,93	|16,58	|16,46	|
________________________________________________________
34	|3,23	|21,36	|1,53	|3,38	|2,79	|3,38	|2,66	|2,89	|2,03	|3,23	|2,46	|4,01	|2,36	|2,96	|3,05	|2,91	|21,22	|16,36	|12,44	|21,36	|17,12	|11,81	|16,49	|16,35	|16,56	|10,33	|13,47	|16,74	|14,72	|10,88	|17,13	|17,11	|20,13	|100	|21,62	|19,46	|18,58	|18,58	|20,19	|17,15	|17,11	|16,33	|16,16	|16,73	|17,09	|11,34	|0	|16,68	|13,07	|11,56	|16,4	|16,64	|22,36	|16,15	|13,51	|18,65	|16,57	|11,63	|16,81	|16,43	|0	|13,47	|19,33	|16,11	|18,99	|19,07	|16,43	|21,06	|17,45	|16,79	|16,64	|16,87	|
________________________________________________________
35	|17,44	|3,55	|2,12	|2,66	|3,43	|2,45	|2,11	|3,69	|2,39	|3,2	|0	|3,89	|2,57	|2,04	|2,88	|3,32	|21,8	|17,44	|12,23	|19,59	|18,23	|10,96	|16,63	|16,7	|16,62	|10,73	|14,18	|16,97	|15,2	|10,94	|16,65	|16,55	|20,98	|18,93	|100	|18,89	|18,34	|18,58	|17,55	|14,54	|19,16	|11,79	|16,43	|16,27	|16,32	|11,36	|0	|16,41	|13,61	|11,35	|16,17	|16,52	|22,29	|16,7	|14,99	|17,68	|17,25	|12,59	|16,85	|16,67	|19,21	|17,09	|15,62	|0	|18,74	|19,55	|18,74	|15,66	|21,28	|14,95	|16,65	|16,97	|
________________________________________________________
36	|3,9	|4,48	|2,15	|0	|3,21	|3,32	|2,01	|2,26	|1,74	|16,56	|1,81	|4,06	|2,35	|3,26	|4,09	|3	|22,26	|17,51	|14,39	|20,33	|17,13	|14,23	|16,99	|16,69	|16,3	|10,45	|12,19	|16,56	|14,47	|11,25	|16,83	|16,13	|20,72	|19,19	|21,27	|100	|18,91	|19,04	|17,58	|15,18	|19,15	|19,21	|16,44	|16,84	|16,5	|11,39	|13,67	|16,66	|13,03	|11,47	|16,13	|16,41	|22,71	|16,7	|0	|18,6	|17,34	|11,87	|17,32	|16,8	|18,62	|17,48	|0	|12,04	|18,89	|19,34	|18,54	|15,77	|14,01	|22,34	|16,4	|16,87	|
________________________________________________________
37	|3,93	|4,2	|1,86	|3,17	|2,93	|2,79	|2,08	|2,75	|11,7	|2,73	|2,45	|3,22	|2,89	|2,43	|3,28	|3,99	|21,45	|16,43	|13,41	|19,84	|17,09	|12,42	|16,99	|16,44	|16,72	|11,7	|12,27	|16,6	|14,43	|9,91	|17,22	|17,12	|20,89	|19,08	|21,5	|19,69	|100	|18,32	|17,81	|15,21	|16,99	|16,32	|19,08	|11,34	|16,29	|11,27	|12,48	|16,46	|13,16	|11,78	|16,44	|17,02	|22,41	|16,03	|0	|18,88	|17,33	|12,17	|17,12	|17,54	|18,36	|17,17	|18,76	|15,62	|15,3	|0	|18,18	|15,93	|16,56	|17,09	|21,94	|14,14	|
________________________________________________________
38	|3,58	|3,88	|1,92	|3,37	|2,9	|2,95	|2,1	|2,95	|2,24	|3,51	|3,08	|0	|2,87	|3,18	|3	|2,66	|21,6	|16,52	|13,34	|19,93	|17,61	|12,05	|16,61	|16,18	|16,28	|10,66	|15,7	|17,07	|14,51	|12,67	|16,69	|16,7	|20,53	|18,77	|21,44	|19,52	|18,03	|100	|17,45	|15,14	|16,94	|16,68	|19,69	|19,57	|16,25	|11,71	|12,44	|16,84	|13,01	|11,51	|16,4	|16,84	|22,22	|16,59	|13,89	|18,11	|17,08	|11,57	|16,58	|16,22	|18,74	|17,27	|19,22	|16,18	|0	|15,38	|18,58	|16,49	|17	|17	|14,14	|21,09	|
________________________________________________________
39	|3,71	|4,21	|1,49	|2,84	|3,7	|2,99	|0	|3,74	|2,01	|2,86	|2,05	|3,4	|2,83	|2,97	|3,48	|3,55	|21,66	|16,85	|13,57	|20,02	|17,38	|15,04	|15,87	|16,34	|16,98	|10,71	|11,72	|16,86	|14,84	|12,49	|16,69	|16,97	|21,04	|19,2	|19,05	|16,95	|16,49	|16,42	|100	|15,94	|19,58	|18,53	|19,41	|19	|16,92	|11,4	|11,16	|17,04	|13,25	|14,12	|16,73	|16,41	|22,91	|16,59	|12,03	|18,16	|17,59	|13,41	|17,18	|16,32	|22,07	|12,82	|16,73	|14,16	|17,2	|16,53	|17,78	|0	|19,78	|18,91	|19,04	|18,86	|
________________________________________________________
40	|2,7	|4,28	|2,43	|2,83	|3,02	|18,82	|1,83	|3,47	|1,95	|2,81	|2,42	|3,17	|2,84	|3,12	|3,57	|3,21	|21,56	|16,8	|10,55	|19,46	|17,69	|12,18	|18,82	|16,21	|16,46	|10,38	|12,53	|16,28	|14,76	|13,25	|16,79	|16,98	|12,67	|19,31	|18,68	|17,33	|16,68	|16,86	|18,87	|100	|19,71	|18,93	|18,94	|19	|16,59	|11,77	|11,84	|16,96	|13,68	|0	|16,48	|16,36	|22,98	|16,61	|12,33	|18,06	|17,44	|13,04	|16,53	|16,44	|13,62	|20,75	|16,54	|14,31	|16,53	|16,7	|0	|13,6	|20,05	|19,07	|18,81	|18,95	|
________________________________________________________
41	|3,85	|3,49	|1,83	|3,49	|17,21	|2,9	|2,58	|2,54	|2,05	|3,13	|1,75	|3,36	|3,09	|3,02	|0	|3,73	|21,67	|16,7	|11,89	|19,62	|17,21	|12,58	|16,87	|16,34	|16,49	|10,61	|13,45	|16,59	|14,84	|13,21	|16,66	|16,25	|18,37	|16,8	|21,47	|19,06	|16,24	|16,45	|20,22	|17,19	|100	|18,09	|19,43	|18,55	|16,42	|11,31	|11,31	|16,65	|13,33	|0	|16,44	|16,38	|22,75	|16,9	|12,38	|19,11	|17,29	|13,84	|16,75	|16,69	|17	|15,22	|21,41	|11,41	|16,41	|16,4	|20,3	|18,01	|14,79	|0	|19,27	|18,57	|
________________________________________________________
42	|2,5	|3,85	|1,85	|2,38	|3,03	|3,33	|2,48	|0	|1,67	|3,09	|2,96	|3,17	|2,44	|16,82	|2,49	|3,34	|21,26	|16,58	|12,33	|19,43	|17,19	|14,74	|16,63	|16,14	|16,6	|10,72	|10,89	|15,97	|14,36	|11,13	|16,82	|16,76	|18,44	|16,85	|13,89	|20,11	|16,41	|17,03	|20,11	|17,35	|19,02	|100	|19,25	|19,09	|16,23	|11,19	|12,76	|17,09	|13,74	|14,1	|16,85	|16,64	|22,56	|16,48	|11,77	|18,9	|16,72	|0	|16,44	|16,21	|16,34	|15,01	|14,42	|19,25	|16,65	|16,76	|20,66	|17,9	|0	|14,1	|19,11	|19,18	|
________________________________________________________
43	|3,41	|3,61	|1,76	|2,73	|3,37	|3,17	|2,31	|3,21	|2,19	|2,84	|2,32	|4,49	|14,58	|2,62	|3,67	|2,87	|22,26	|17,15	|12,36	|19,98	|17,13	|13,82	|16,86	|16,48	|16,84	|10,86	|11,98	|17,16	|14,58	|11,65	|16,58	|16,83	|18,86	|16,15	|18,75	|16,66	|18,57	|19,47	|20,4	|16,82	|19,78	|18,65	|100	|18,8	|16,47	|11,25	|10,85	|16,72	|12,78	|13,19	|16,26	|16,32	|22,64	|16,41	|12,22	|18,71	|17,01	|0	|16,64	|16,72	|16,98	|15,09	|16,8	|14,01	|21,57	|14,39	|20,77	|18,07	|19,63	|19,18	|14,85	|0	|
________________________________________________________
44	|3,29	|3,57	|1,56	|2,99	|3,15	|3,17	|2,42	|3,25	|1,23	|2,98	|2,66	|2,81	|2,99	|3,38	|3,84	|0	|22,11	|17,05	|11,62	|19,54	|17,31	|13,69	|17,1	|16,32	|16,86	|10,71	|12,2	|16,72	|15,37	|13,3	|16,21	|16,07	|18,49	|16,94	|18,8	|17,29	|11,19	|19,61	|20,24	|17,09	|19,14	|18,74	|19,05	|100	|16,49	|10,94	|11,7	|16,9	|13,34	|12,59	|16,41	|16,34	|22,24	|17,07	|13,13	|18,82	|17,03	|14,43	|16,5	|16,29	|16,8	|15,08	|17,31	|14,23	|14,64	|21,5	|20,55	|18,11	|19,24	|19,83	|0	|14,29	|
________________________________________________________
45	|0	|4,42	|2,05	|3,45	|3,33	|3,09	|2,43	|3,37	|1,15	|2,85	|2,62	|3,7	|2,59	|2,45	|3,2	|2,99	|19,38	|0	|14,07	|22,64	|19,58	|13,93	|18,84	|18,23	|19,96	|7,06	|11,68	|16,66	|14,95	|11,14	|15,99	|16,51	|18,36	|17,44	|19,01	|17,08	|16,19	|16,41	|18,16	|15,04	|17,07	|16,05	|16,82	|16,61	|100	|14,01	|13,75	|19,4	|15,22	|12,82	|18,97	|19,21	|26,01	|19,69	|12,93	|19,03	|16,6	|11,63	|16,84	|16,46	|16,31	|15,08	|16,6	|14,06	|16,45	|16,25	|17,86	|16	|16,88	|16,91	|16,81	|16,1	|
________________________________________________________
46	|2,54	|4,25	|15,07	|2,82	|3,4	|2,93	|2,38	|3,43	|2,78	|2,67	|2,58	|2,94	|2,45	|2,8	|3,3	|3,37	|0	|12,7	|0	|23,34	|20,04	|14,08	|18,53	|19,04	|13,43	|15,39	|12	|16,89	|14,85	|11,36	|17,38	|16,4	|18,15	|16,82	|19,23	|17,13	|16,28	|17,18	|17,78	|15,51	|17,09	|16,08	|16,7	|16,02	|20,36	|100	|11,18	|19	|15,08	|12,64	|19,5	|19,32	|17,81	|19,74	|10,7	|18,51	|17,78	|11,41	|17,41	|16,17	|16,69	|15,07	|16,57	|14,11	|16,49	|16,46	|17,63	|16,27	|17,25	|17,08	|17,06	|16,97	|
________________________________________________________
47	|0	|0	|1,82	|2,5	|3,43	|3,3	|2,77	|2,96	|2,25	|3,45	|2,82	|3,52	|2,76	|3,05	|4,46	|2,84	|26,65	|0	|10,65	|0	|20,63	|14,37	|18,57	|18,22	|16,56	|11,24	|13,59	|16,72	|15,93	|11,82	|16,78	|17,04	|21,88	|0	|0	|20,68	|18,14	|18,37	|17,52	|15,69	|17,19	|18,46	|16,2	|17,24	|20,11	|11,26	|100	|16,96	|16,67	|13,13	|18,16	|18,64	|22,98	|16,43	|13,71	|17,01	|19,15	|11,99	|16,52	|16,6	|21,03	|15,71	|16,19	|17,39	|18,61	|17,79	|18,46	|16,03	|14,53	|18,59	|16,27	|16,92	|
________________________________________________________
48	|3,9	|3,15	|1,65	|16,67	|0	|3,37	|2,65	|3,56	|1,89	|3,34	|2,32	|3,75	|1,91	|2,63	|3,62	|3,49	|25,35	|19,13	|0	|17,47	|0	|14,67	|18,9	|18,41	|16,47	|10,39	|12,08	|20,58	|11,25	|11,29	|16,47	|16,51	|18,11	|16,69	|18,74	|16,91	|16,04	|16,67	|17,93	|15,07	|16,97	|16,57	|16,74	|16,69	|19,02	|12,82	|11,37	|100	|16,22	|13,33	|18,98	|19,12	|22,59	|16,38	|12	|21,36	|19,97	|12,73	|16,22	|16,34	|16,42	|15,38	|16,67	|14,59	|16,48	|17,2	|18,32	|15,9	|16,66	|17,35	|16,91	|16,45	|
________________________________________________________
49	|4,1	|0	|2,19	|3,57	|2,28	|3,43	|15,93	|2,85	|2,05	|2,32	|2,3	|2,51	|3,3	|2,92	|3,82	|2,6	|24,29	|19,07	|14,44	|0	|13,64	|0	|19,05	|18,62	|16,06	|10,18	|13,58	|13,46	|19,8	|11,07	|17,11	|17	|17,55	|16,54	|19,67	|16,72	|16,22	|16,3	|17,64	|15,38	|17,18	|16,85	|16,18	|16,66	|18,87	|12,87	|14,14	|20,51	|100	|11,4	|19,22	|19,36	|22,72	|17,33	|11,99	|13,5	|20,45	|10,85	|16,39	|16,71	|15,88	|14,99	|16,97	|13,8	|16,16	|16,05	|18,48	|15,93	|16,5	|16,19	|16,36	|16,6	|
________________________________________________________
50	|3,63	|4,5	|1,64	|3,22	|0	|0	|1,88	|2,94	|1,92	|2,73	|2,07	|3,56	|3,03	|3,54	|3,51	|3,56	|24,73	|19,24	|14,02	|24,76	|0	|10,12	|0	|19,71	|17,13	|10,55	|12,02	|16,65	|14,58	|12,45	|17,09	|18,5	|19,99	|16,99	|19,04	|17,09	|16,86	|16,73	|21,83	|0	|0	|20,09	|19,4	|18,28	|18,46	|12,53	|12,93	|19,58	|13,24	|100	|17,25	|20,74	|22,9	|16,34	|11,71	|18,55	|17,36	|14,01	|15,03	|17,39	|19,41	|13,37	|16,32	|13,88	|16,99	|16,47	|21,9	|15,88	|17,13	|20,22	|18,41	|18,66	|
________________________________________________________
51	|3,57	|3,91	|2,12	|3,21	|3,72	|2,26	|2,07	|17,94	|1,96	|2,62	|2,29	|3,34	|2,38	|3,6	|3,32	|3,27	|25,13	|19,21	|13,74	|23,06	|20,26	|0	|13,31	|0	|16,66	|10,81	|11,78	|16,88	|14,7	|10,87	|21,81	|14,09	|18,11	|16,65	|18,74	|16,61	|16,25	|16,47	|17,86	|14,86	|17	|16,57	|16,52	|16,45	|18,87	|13,35	|12,35	|19,25	|15,41	|11,91	|100	|20,3	|22,74	|17,4	|12,06	|18,87	|16,92	|11,82	|19,09	|18,69	|17,07	|15,17	|16,99	|13,82	|16,68	|16,52	|18,63	|16,78	|17,94	|17,21	|16,22	|16,39	|
________________________________________________________
52	|3,82	|4,07	|2,11	|3,43	|3,69	|0	|2,63	|3,47	|1,96	|2,73	|2,29	|3,3	|2,62	|2,32	|2,74	|2,09	|24,19	|19,09	|13,35	|22,49	|19,88	|14,8	|0	|8,3	|16,29	|10,76	|11,98	|17,18	|15,08	|12,65	|14,24	|21,3	|18,2	|16,82	|19,07	|16,83	|16,76	|16,85	|17,45	|14,69	|16,87	|16,31	|16,52	|16,31	|19,04	|13,17	|12,63	|19,33	|15,47	|14,27	|20,22	|100	|22,81	|16,8	|11,33	|18,28	|16,61	|11,72	|11,81	|18,83	|16,58	|15,39	|17,19	|13,95	|16,53	|16,41	|17,56	|15,98	|16,85	|16,74	|16,52	|16,37	|
________________________________________________________
53	|2,79	|3,97	|1,27	|2,65	|2,9	|2,96	|2,25	|3,06	|0	|3,54	|2,47	|3,7	|2,73	|3,04	|3,39	|3,23	|23,99	|14,27	|13,18	|20,26	|17,33	|12,36	|16,83	|16,74	|13,96	|0	|14,66	|19,1	|16,63	|12,78	|19,18	|19,05	|18,05	|16,57	|18,86	|17,07	|16,18	|16,29	|17,86	|15,13	|17,18	|16,2	|16,78	|16,27	|18,89	|8,9	|11,41	|16,73	|13,3	|11,54	|16,6	|16,71	|100	|19,08	|13,43	|20,93	|19,07	|13,4	|18,74	|18,9	|17,06	|15,05	|16,71	|13,96	|16,78	|16,44	|18,55	|15,93	|16,83	|16,86	|16,37	|16,32	|
________________________________________________________
54	|4,06	|3,47	|2,05	|2,5	|2,88	|2,66	|2,48	|3,13	|1,24	|3,33	|13,57	|3,29	|2,77	|3,01	|3,43	|3,45	|19,83	|20,13	|12,41	|20,19	|17,46	|12,09	|16,45	|16,58	|0	|7,03	|0	|18,97	|16,88	|12,52	|19,34	|19,16	|17,82	|16,32	|19,27	|17,12	|15,78	|16,59	|17,64	|14,92	|17,4	|16,14	|16,6	|17,04	|19,5	|13,45	|11,13	|16,54	|13,84	|11,24	|17,33	|16,79	|26,03	|100	|12,17	|21,64	|19,57	|13,3	|19,01	|18,7	|17,13	|15,11	|16,88	|13,57	|16,72	|16,44	|17,82	|16,48	|17,48	|16,84	|16,9	|16,48	|
________________________________________________________
55	|4,06	|3,79	|1,9	|3,5	|3,4	|2,93	|2,07	|3,29	|0	|0	|2,33	|3,39	|3,03	|3,29	|3,84	|3,53	|23,36	|16,32	|13,89	|19,71	|17,74	|11,95	|16,92	|16,46	|19,68	|0	|10,49	|0	|18,14	|12,42	|18,49	|18,57	|20,28	|18,93	|23,98	|0	|0	|19,26	|17,73	|15,36	|17,68	|15,98	|17,13	|18,17	|17,76	|10,11	|12,87	|16,82	|13,28	|11,16	|16,66	|15,71	|25,4	|16,87	|100	|18,8	|21,8	|14,32	|18,83	|18,46	|18,72	|17,26	|19,64	|14,11	|17,14	|20,17	|18,97	|15,79	|17,31	|16,49	|15,62	|18,17	|
________________________________________________________
56	|3,09	|4,03	|1,51	|3,05	|2,79	|3	|1,51	|2,97	|2,47	|2,31	|2,45	|18,16	|0	|3,32	|3,75	|3,4	|21,88	|16,98	|12,42	|23,33	|14,91	|13,41	|16,71	|16,62	|19,35	|12,44	|0	|13,76	|0	|13,13	|18,98	|18,88	|18,68	|16,95	|18,34	|17,15	|16,72	|16,28	|17,36	|14,58	|17,69	|16,65	|17,02	|16,89	|16,95	|11,35	|10,36	|19,4	|9,69	|11,47	|16,9	|16,44	|25,67	|19,46	|12,19	|100	|20,98	|13,8	|19,2	|19,01	|16,69	|15,13	|15,63	|14,84	|18,16	|15,95	|18,28	|16,3	|16,96	|17,01	|16,36	|16,31	|
________________________________________________________
57	|3,33	|2,83	|1,9	|3,05	|3,88	|2,77	|2,65	|2,95	|2,4	|0	|2,74	|4,06	|1,74	|3,36	|17,95	|3,07	|22,07	|16,67	|11,87	|17,44	|21,23	|12,76	|16,42	|16,37	|19,17	|11,88	|14,3	|0	|10,18	|0	|19,86	|19,24	|18,08	|16,24	|19,3	|17,23	|16,54	|16,56	|18,13	|15,18	|17,26	|15,88	|16,68	|16,48	|15,94	|11,75	|12,57	|19,55	|15,84	|11,57	|16,33	|16,09	|25,21	|18,98	|15,24	|22,62	|100	|12,32	|18,45	|18,96	|16,62	|15,07	|16,94	|13,88	|16,37	|16,42	|18,12	|15,99	|17,2	|17,95	|16,93	|16,7	|
________________________________________________________
58	|3,31	|3,56	|1,6	|4,23	|3,74	|3,28	|2,33	|3,39	|2,18	|3,51	|2,52	|3,94	|0	|0	|3,47	|3,13	|21,49	|16,98	|12,01	|21,54	|17,73	|13,25	|17,25	|16,97	|19,08	|11,79	|13,67	|20,07	|0	|9,71	|0	|19,67	|17,94	|16,52	|20,4	|17,08	|16,82	|16,26	|20,03	|16,45	|20,01	|0	|0	|20,23	|16,19	|10,93	|11,41	|18,06	|12,18	|13,54	|16,53	|16,45	|25,67	|18,68	|14,51	|21,56	|17,85	|100	|17,71	|20,01	|17,14	|15,18	|18,23	|12,98	|16,26	|16,84	|20,05	|17,93	|20,09	|17,18	|16,8	|20,19	|
________________________________________________________
59	|3,46	|3,51	|1,79	|2,68	|3,01	|3,46	|1,89	|3,39	|2,28	|3,36	|2,38	|3,71	|2,85	|2,03	|2,8	|17,99	|21,67	|16,96	|12,49	|20,11	|17,85	|12,22	|21,64	|14,26	|19,24	|12,44	|12,84	|19,66	|16,94	|0	|12,55	|0	|17,96	|16,9	|19,34	|17,66	|16,77	|16,5	|18,17	|14,76	|17,15	|16,02	|16,74	|16,38	|16,59	|11,8	|11,13	|16,3	|13,02	|10,28	|18,91	|11,74	|25,42	|18,91	|13,51	|21,24	|18,93	|12,54	|100	|21,54	|16,65	|15,49	|17,01	|13,79	|16,37	|16,22	|18,69	|16,17	|17,04	|16,63	|17,99	|15,87	|
________________________________________________________
60	|3,28	|3,52	|1,69	|2,77	|3,01	|2,69	|2,19	|3,24	|2,34	|3,32	|2,38	|3,75	|3,14	|0	|3,91	|3,85	|21,69	|16,82	|12,33	|20,06	|17,53	|12,62	|14,98	|21,23	|19,13	|12,32	|13,09	|20,04	|17,34	|13,21	|0	|8,46	|18,39	|16,63	|19,27	|17,25	|17,3	|16,26	|17,38	|14,79	|17,21	|15,91	|16,94	|16,29	|16,33	|11,04	|11,26	|16,53	|13,37	|11,98	|18,64	|18,86	|25,82	|18,74	|13,33	|21,18	|19,59	|14,27	|21,69	|100	|16,75	|15,35	|16,87	|14,31	|16,77	|16,2	|18,35	|15,65	|17,21	|16,74	|16,12	|16,35	|
________________________________________________________
61	|4,27	|0	|1,81	|3,48	|2,86	|2,25	|2,42	|3,53	|2,2	|3,07	|2,49	|3,59	|2,45	|2,72	|3,04	|2,99	|21,69	|17,11	|14,84	|19,18	|17,04	|12,03	|16,61	|16,67	|16,26	|10,8	|13,53	|16,67	|14,39	|11,22	|16,85	|16,2	|17,05	|0	|22,08	|19,01	|18	|18,66	|23,36	|12,18	|17,43	|15,94	|17,1	|16,7	|16,09	|11,33	|14,18	|16,52	|12,63	|13,29	|16,93	|16,51	|23,18	|17,06	|13,44	|18,49	|17,07	|12,15	|16,67	|16,65	|100	|16,54	|19,03	|16,01	|18,89	|19,14	|21,15	|18,7	|17,44	|16,79	|16,91	|16,69	|
________________________________________________________
62	|3,8	|3,22	|11,31	|2,79	|2,99	|3,79	|2,43	|2,44	|2,14	|3,54	|2,61	|3,8	|2,38	|2,72	|2,79	|3,18	|21,53	|16,47	|0	|19,66	|17,35	|11,9	|17,01	|16,71	|16,84	|10,71	|13,88	|17,17	|14,66	|11,06	|16,39	|16,27	|0	|15	|21,72	|19,73	|18,62	|19,02	|15,01	|20,52	|17,26	|16,2	|16,81	|16,57	|16,45	|11,31	|11,72	|17,11	|13,19	|10,12	|16,64	|16,94	|22,61	|16,65	|13,71	|18,53	|17,12	|11,9	|17,15	|16,87	|18,29	|100	|18,87	|16,18	|19,13	|18,7	|12,48	|18,7	|17,29	|16,92	|16,63	|16,43	|
________________________________________________________
63	|2,98	|4,18	|1,55	|16,68	|3,58	|2,85	|2,26	|3,56	|2,31	|0	|2,58	|3,87	|2,7	|2,23	|3,41	|3,14	|21,46	|16,44	|0	|19,68	|17,39	|12,11	|16,66	|16,09	|16,71	|10,66	|14,37	|16,75	|15,78	|11,2	|16,3	|16,97	|21,51	|19,36	|17,86	|0	|18,3	|19,05	|17,62	|14,72	|21,84	|13,99	|16,84	|17,11	|16,3	|11,19	|10,86	|16,68	|13,42	|11,12	|16,76	|17,02	|22,58	|16,72	|14,03	|17,22	|17,31	|12,86	|16,94	|16,68	|18,93	|16,97	|100	|16,05	|19,02	|18,38	|18,66	|15,87	|19,49	|19,26	|16,43	|16,69	|
________________________________________________________
64	|0	|4,65	|2,17	|3,05	|2,12	|3,38	|2,04	|1,85	|2,15	|2,4	|16,05	|3,55	|2,31	|3,73	|3,48	|2,57	|21,89	|16,34	|15,2	|20,65	|17,23	|13,67	|16,99	|16,87	|17,06	|10,56	|0	|17,5	|13,76	|11,62	|16,86	|16,69	|20,58	|19,26	|0	|14,6	|18,19	|19,14	|17,8	|15,19	|13,89	|22,3	|16,76	|16,8	|16,47	|11,38	|13,93	|17,43	|13,03	|11,29	|16,27	|16,49	|22,52	|16,05	|12,03	|19,52	|16,94	|10,93	|16,4	|16,89	|19,01	|17,38	|19,15	|100	|19,43	|18,99	|18,37	|15,98	|10,75	|19,86	|16,74	|16,51	|
________________________________________________________
65	|3,63	|4,29	|1,95	|2,98	|2,67	|2,88	|2,12	|2,97	|1,58	|3,31	|2,26	|20,13	|3,35	|2,49	|2,84	|3,27	|21,52	|16,41	|13,55	|20,73	|17,16	|12,14	|16,61	|16,72	|16,45	|10,5	|0	|16,66	|14,46	|11,37	|16,28	|16,11	|21,12	|19,14	|21,55	|19,3	|15,02	|0	|18,23	|14,8	|16,85	|16,25	|21,75	|14,57	|16,24	|11,21	|12,56	|16,6	|12,87	|11,65	|16,55	|16,47	|22,82	|16,67	|12,32	|20,13	|16,84	|11,54	|16,4	|16,69	|18,91	|17,31	|19,14	|16,38	|100	|17,59	|18,4	|15,72	|17,44	|16,57	|18,75	|18,78	|
________________________________________________________
66	|4,01	|4,1	|1,92	|3,15	|2,7	|2,79	|1,98	|2,71	|0	|3,75	|2,91	|3,57	|1,99	|3,21	|2,77	|1,99	|21,29	|17,13	|13,51	|19,84	|16,69	|12,48	|16,74	|16,1	|16,47	|10,35	|15,44	|17,04	|14,21	|12,99	|17,09	|16,47	|20,75	|19,25	|22,53	|19,8	|0	|15,36	|17,55	|14,98	|16,87	|16,4	|14,53	|21,44	|16,08	|11,21	|12,03	|17,36	|12,81	|11,31	|16,44	|16,38	|22,39	|16,42	|14,53	|17,72	|16,92	|11,97	|16,29	|16,15	|19,19	|16,96	|18,53	|16,04	|17,63	|100	|18,68	|15,97	|16,88	|17,01	|11,43	|19,52	|
________________________________________________________
67	|3,81	|3,06	|1,11	|2,9	|3,53	|0	|2,38	|3,72	|1,97	|2,89	|2,19	|3,44	|2,75	|3,14	|3,53	|3,51	|22,14	|16,98	|13,75	|20	|17,31	|15,67	|16,31	|15,95	|16,79	|10,72	|11,82	|17,12	|14,88	|12,26	|16,62	|15,93	|22,91	|15,03	|19,56	|17,2	|16,2	|16,82	|17,1	|0	|18,92	|18,31	|19,01	|18,56	|16,01	|10,88	|11,31	|16,75	|13,36	|13,63	|16,79	|15,88	|22,9	|16,13	|12,38	|18,4	|16,91	|12,92	|17	|16,58	|19,22	|10,26	|17,04	|14,06	|16,7	|16,93	|100	|17,8	|19,34	|19,51	|18,89	|18,71	|
________________________________________________________
68	|3,3	|4,61	|1,98	|2,75	|3,47	|2,52	|13,17	|3,12	|1,84	|2,61	|2,45	|3,37	|2,69	|3,42	|3,54	|3,47	|21,67	|16,56	|11,95	|19,37	|17,24	|0	|16,37	|16,27	|16,64	|10,3	|12,36	|17,12	|14,83	|12,55	|17,09	|16,44	|16,06	|22,03	|18,7	|16,73	|16,23	|17,07	|0	|12,64	|19,19	|18,14	|18,92	|18,71	|16,41	|11,47	|11,24	|16,63	|13,17	|11,3	|17,3	|16,53	|22,49	|17,06	|11,79	|18,76	|17,07	|13,21	|16,83	|16,17	|19,44	|17,58	|16,58	|13,99	|16,32	|16,55	|20,36	|100	|20,11	|19,44	|19,13	|18,67	|
________________________________________________________
69	|3,89	|3,53	|1,63	|3,02	|2,78	|3,36	|2,1	|17,44	|2,18	|2,33	|1,44	|3,47	|3,22	|0	|3,52	|3,88	|21,82	|16,86	|11,87	|20,06	|17,59	|0	|16,5	|16,35	|16,57	|10,59	|13,34	|17,38	|15,34	|13,42	|16,53	|16,62	|18,66	|17,22	|23,97	|14,02	|15,91	|16,6	|20,53	|17,58	|14,87	|0	|19,38	|18,74	|16,32	|11,48	|9,61	|16,43	|12,86	|11,5	|17,44	|16,44	|22,41	|17,06	|12,18	|18,41	|17,32	|13,96	|16,73	|16,77	|17,1	|15,33	|19,21	|8,87	|17,08	|16,5	|20,86	|18,97	|100	|19,27	|19,23	|18,89	|
________________________________________________________
70	|2,93	|3,61	|1,95	|3,16	|0	|3,39	|2,55	|3,65	|1,83	|3,69	|2,63	|3,19	|2,81	|2,15	|18,21	|3,29	|21,7	|16,54	|11,48	|20,6	|17,33	|14,98	|16,78	|16,3	|16,94	|10,21	|12,4	|16,55	|14,77	|0	|16,86	|16,4	|18,36	|16,69	|16,97	|22,53	|16,55	|16,72	|19,77	|16,85	|0	|13,59	|19,08	|19,47	|16,48	|11,45	|12,38	|17,24	|12,72	|13,68	|16,86	|16,46	|22,62	|16,56	|11,7	|18,61	|18,21	|12,03	|16,45	|16,44	|16,58	|15,12	|19,12	|16,52	|16,35	|16,75	|21,21	|18,47	|19,42	|100	|19,1	|19,44	|
________________________________________________________
71	|3,62	|3,67	|1,71	|2,61	|3,65	|3,1	|2,23	|3,39	|2,59	|2,71	|2	|3,84	|2,06	|3,07	|3,22	|18,1	|22,12	|17,42	|11,78	|19,59	|17,4	|13,56	|17,33	|15,87	|16,97	|10,57	|11,96	|16,46	|14,22	|0	|16,74	|16,13	|18,3	|16,84	|19,22	|16,83	|21,61	|14,16	|20,26	|16,91	|19,86	|18,74	|15,03	|0	|16,66	|11,64	|11,03	|17,1	|13,08	|12,67	|16,17	|16,52	|22,35	|16,91	|11,28	|18,21	|17,48	|11,97	|18,1	|16,11	|16,99	|15,11	|16,6	|14,17	|18,82	|11,46	|20,9	|18,5	|19,72	|19,43	|100	|19	|
________________________________________________________
72	|3,27	|3,7	|1,64	|2,8	|3,35	|3,43	|2,29	|3,34	|1,46	|2,9	|2,56	|3,65	|0	|3,48	|3,76	|3,46	|21,78	|16,64	|11,97	|19,97	|17,45	|14,04	|17,51	|16,13	|16,41	|10,32	|12,58	|16,94	|15,34	|13,39	|17,05	|16	|18,25	|17,15	|19,7	|17,39	|14	|21,21	|20,16	|17,11	|19,23	|18,89	|0	|14,34	|16,03	|11,63	|11,52	|16,72	|13,34	|12,9	|16,41	|16,46	|22,39	|16,58	|13,18	|18,24	|17,32	|14,45	|16,04	|16,41	|16,85	|15	|16,94	|14,04	|18,94	|19,65	|20,8	|18,14	|19,46	|19,88	|19,08	|100	|
________________________________________________________
