0	|1	|2	|3	|4	|5	|6	|7	|8	|9	|10	|11	|12	|13	|14	|15	|16	|17	|18	|19	|20	|21	|22	|23	|24	|25	|26	|27	|28	|29	|30	|31	|32	|33	|34	|35	|36	|37	|38	|39	|40	|41	|42	|43	|44	|45	|46	|47	|48	|49	|50	|51	|52	|53	|54	|55	|56	|57	|58	|59	|60	|61	|62	|63	|64	|65	|66	|67	|68	|69	|70	|71	|72	|
1	|3348	|115	|50	|110	|137	|84	|77	|130	|120	|106	|0	|111	|85	|67	|103	|114	|804	|3348	|425	|693	|759	|449	|659	|658	|666	|494	|485	|556	|520	|357	|549	|544	|779	|543	|3348	|665	|644	|595	|656	|403	|659	|408	|573	|547	|0	|288	|0	|656	|545	|415	|591	|635	|632	|675	|487	|571	|571	|392	|578	|545	|714	|574	|501	|0	|605	|668	|700	|530	|663	|495	|602	|541	|
________________________________________________________
2	|115	|3591	|78	|117	|119	|141	|0	|110	|57	|138	|99	|163	|62	|117	|100	|102	|854	|610	|458	|3591	|696	|474	|655	|644	|672	|309	|476	|697	|437	|411	|602	|600	|719	|3591	|681	|763	|687	|645	|745	|640	|597	|627	|608	|593	|728	|482	|0	|530	|0	|515	|648	|677	|901	|577	|455	|745	|486	|421	|587	|584	|0	|486	|701	|654	|715	|683	|562	|741	|602	|611	|610	|612	|
________________________________________________________
3	|50	|78	|1708	|44	|55	|65	|50	|49	|56	|61	|58	|53	|45	|55	|80	|61	|0	|203	|0	|440	|349	|229	|297	|305	|236	|258	|226	|279	|284	|194	|281	|261	|0	|257	|407	|367	|304	|320	|263	|363	|313	|301	|296	|259	|337	|1708	|205	|278	|291	|188	|351	|350	|289	|341	|228	|279	|326	|190	|299	|280	|303	|1708	|261	|305	|326	|319	|204	|318	|277	|330	|285	|272	|
________________________________________________________
4	|110	|117	|44	|2801	|0	|97	|75	|116	|70	|0	|66	|112	|51	|46	|98	|102	|741	|571	|0	|496	|0	|416	|540	|513	|469	|310	|420	|587	|325	|320	|421	|505	|663	|569	|511	|0	|519	|561	|502	|422	|598	|387	|460	|496	|569	|320	|282	|2801	|474	|368	|531	|570	|601	|416	|420	|564	|523	|501	|449	|460	|581	|422	|2801	|429	|497	|525	|533	|442	|515	|535	|433	|464	|
________________________________________________________
5	|137	|119	|55	|0	|2947	|83	|62	|109	|94	|104	|57	|89	|97	|78	|0	|116	|688	|547	|426	|688	|2947	|366	|489	|562	|495	|330	|541	|567	|487	|373	|504	|481	|521	|469	|659	|548	|480	|482	|655	|451	|2947	|494	|567	|523	|549	|386	|386	|0	|303	|0	|616	|613	|659	|479	|408	|516	|666	|443	|503	|500	|477	|452	|601	|298	|445	|450	|648	|557	|473	|0	|606	|554	|
________________________________________________________
6	|84	|141	|65	|97	|83	|2811	|70	|67	|43	|122	|64	|89	|82	|94	|126	|105	|730	|547	|358	|628	|522	|359	|2811	|574	|462	|264	|338	|489	|357	|392	|522	|351	|342	|569	|470	|566	|457	|490	|528	|2811	|496	|542	|534	|526	|509	|332	|372	|567	|456	|0	|374	|0	|671	|443	|352	|554	|475	|389	|579	|446	|375	|572	|479	|475	|481	|464	|0	|405	|572	|573	|516	|567	|
________________________________________________________
7	|77	|0	|50	|75	|62	|70	|2117	|43	|35	|44	|57	|56	|65	|81	|111	|48	|508	|388	|294	|0	|278	|0	|429	|424	|326	|202	|304	|285	|401	|277	|360	|382	|308	|447	|405	|342	|340	|350	|0	|274	|442	|404	|388	|401	|401	|270	|312	|445	|2117	|215	|343	|438	|511	|413	|248	|279	|455	|276	|316	|363	|405	|367	|380	|287	|354	|329	|437	|2117	|357	|432	|371	|378	|
________________________________________________________
8	|130	|110	|49	|116	|109	|67	|43	|2971	|66	|61	|45	|100	|101	|0	|126	|129	|717	|551	|416	|718	|645	|0	|391	|0	|475	|330	|391	|516	|482	|384	|619	|408	|647	|486	|709	|386	|451	|490	|662	|519	|435	|0	|540	|540	|556	|389	|333	|599	|379	|336	|2971	|577	|694	|520	|395	|550	|506	|402	|567	|538	|589	|368	|597	|260	|495	|452	|683	|501	|2971	|617	|564	|553	|
________________________________________________________
9	|120	|57	|56	|70	|94	|43	|35	|66	|1915	|42	|32	|77	|59	|55	|72	|97	|320	|437	|234	|320	|375	|229	|328	|306	|457	|1915	|254	|322	|332	|217	|383	|359	|417	|342	|459	|297	|1915	|373	|356	|292	|351	|272	|369	|205	|190	|315	|253	|317	|272	|220	|324	|326	|0	|206	|0	|456	|411	|258	|382	|388	|368	|323	|388	|303	|264	|0	|363	|295	|372	|309	|431	|241	|
________________________________________________________
10	|106	|138	|61	|0	|104	|122	|44	|61	|42	|2824	|62	|96	|87	|111	|0	|104	|629	|471	|378	|636	|583	|538	|460	|504	|561	|267	|349	|2824	|500	|413	|549	|527	|555	|543	|614	|2824	|447	|584	|506	|419	|536	|503	|477	|495	|470	|303	|389	|562	|308	|312	|434	|454	|803	|554	|0	|427	|0	|416	|562	|552	|513	|535	|0	|337	|552	|625	|532	|419	|397	|624	|450	|480	|
________________________________________________________
11	|0	|99	|58	|66	|57	|64	|57	|45	|32	|62	|2257	|72	|69	|94	|98	|58	|445	|426	|366	|448	|400	|317	|379	|359	|0	|161	|0	|478	|389	|292	|451	|418	|457	|414	|0	|309	|401	|512	|363	|362	|299	|482	|390	|441	|431	|292	|318	|390	|305	|237	|380	|381	|560	|2257	|279	|453	|470	|298	|398	|396	|416	|394	|434	|2257	|377	|485	|402	|393	|246	|445	|333	|424	|
________________________________________________________
12	|111	|163	|53	|112	|89	|89	|56	|100	|77	|96	|72	|3359	|0	|101	|120	|132	|747	|530	|478	|783	|520	|413	|524	|569	|670	|448	|0	|476	|0	|468	|631	|646	|713	|675	|746	|692	|527	|0	|602	|473	|575	|516	|756	|467	|610	|333	|396	|630	|334	|407	|554	|548	|840	|547	|407	|3359	|697	|466	|621	|622	|600	|574	|649	|500	|3359	|595	|633	|541	|591	|540	|639	|603	|
________________________________________________________
13	|85	|62	|45	|51	|97	|82	|65	|101	|59	|87	|69	|0	|2453	|56	|70	|86	|577	|385	|297	|407	|490	|307	|394	|486	|429	|300	|376	|529	|2453	|263	|398	|505	|452	|397	|493	|401	|473	|477	|500	|424	|530	|398	|2453	|497	|426	|278	|311	|321	|439	|347	|395	|436	|619	|461	|364	|0	|298	|0	|477	|521	|410	|359	|454	|325	|559	|332	|505	|433	|549	|476	|343	|0	|
________________________________________________________
14	|67	|117	|55	|46	|78	|94	|81	|0	|55	|111	|94	|101	|56	|2740	|86	|67	|588	|434	|339	|571	|458	|379	|541	|493	|497	|357	|369	|543	|398	|327	|2740	|583	|511	|497	|392	|556	|398	|529	|526	|466	|518	|2740	|440	|561	|404	|318	|344	|442	|388	|405	|596	|385	|690	|501	|395	|614	|576	|0	|339	|0	|455	|411	|374	|525	|416	|535	|577	|549	|0	|363	|511	|575	|
________________________________________________________
15	|103	|100	|80	|98	|0	|126	|111	|126	|72	|0	|98	|120	|70	|86	|3080	|84	|665	|515	|354	|566	|641	|468	|534	|507	|597	|350	|442	|0	|338	|0	|678	|642	|552	|513	|552	|697	|537	|499	|616	|533	|0	|405	|617	|637	|528	|374	|502	|608	|508	|402	|550	|455	|769	|570	|461	|693	|3080	|411	|468	|650	|508	|421	|573	|490	|474	|461	|648	|569	|599	|3080	|535	|622	|
________________________________________________________
16	|114	|102	|61	|102	|116	|105	|48	|129	|97	|104	|58	|132	|86	|67	|84	|3009	|617	|535	|325	|623	|521	|414	|651	|424	|549	|401	|404	|611	|523	|0	|377	|0	|531	|489	|637	|511	|653	|443	|627	|480	|639	|545	|483	|0	|492	|382	|320	|586	|345	|407	|542	|348	|732	|574	|423	|628	|526	|371	|3009	|640	|499	|481	|528	|361	|546	|332	|646	|558	|662	|556	|3009	|573	|
________________________________________________________
17	|804	|854	|0	|741	|688	|730	|508	|717	|320	|629	|445	|747	|577	|588	|665	|617	|21807	|4103	|2946	|4999	|4215	|2951	|4137	|4104	|3950	|1809	|2610	|3635	|3205	|2422	|3656	|3555	|4061	|3568	|4184	|3796	|3513	|3593	|3830	|3221	|3711	|3464	|3745	|3671	|3193	|0	|3002	|4260	|3227	|2829	|4163	|4022	|5443	|3299	|2802	|4047	|3786	|2545	|3624	|3602	|3623	|3252	|3603	|3079	|3591	|3546	|4069	|3482	|3718	|3670	|3677	|3603	|
________________________________________________________
18	|3348	|610	|203	|571	|547	|547	|388	|551	|437	|471	|426	|530	|385	|434	|515	|535	|4103	|16830	|2091	|3908	|3347	|2342	|3250	|3173	|3379	|2396	|2063	|2819	|2458	|1841	|2836	|2782	|3122	|2751	|3348	|2985	|2691	|2748	|2980	|2510	|2861	|2702	|2885	|2830	|0	|1440	|0	|3215	|2533	|2201	|3181	|3174	|3237	|3348	|1958	|3140	|2860	|2011	|2836	|2792	|2858	|2488	|2760	|2298	|2738	|2852	|3122	|2662	|2873	|2797	|2895	|2752	|
________________________________________________________
19	|425	|458	|0	|0	|426	|358	|294	|416	|234	|378	|366	|478	|297	|339	|354	|325	|2946	|2091	|12115	|2444	|2572	|1771	|2285	|2266	|2190	|1077	|1690	|1998	|1794	|1401	|2010	|2045	|2730	|2091	|2347	|2454	|2195	|2220	|2399	|1576	|2037	|2009	|2079	|1929	|2318	|0	|1200	|0	|1918	|1604	|2275	|2219	|2991	|2064	|1666	|2297	|2037	|1422	|2089	|2047	|2478	|0	|0	|2138	|2260	|2250	|2527	|1921	|2023	|1941	|1958	|1980	|
________________________________________________________
20	|693	|3591	|440	|496	|688	|628	|0	|718	|320	|636	|448	|783	|407	|571	|566	|623	|4999	|3908	|2444	|19944	|3986	|2739	|3807	|3641	|3392	|2103	|2191	|3819	|2301	|2246	|3333	|3212	|3567	|3591	|3761	|3467	|3248	|3316	|3540	|2907	|3361	|3165	|3362	|3244	|3730	|2646	|0	|2936	|0	|2832	|3820	|3739	|4596	|3358	|2364	|4315	|2993	|2551	|3363	|3331	|3204	|2970	|3304	|2905	|3458	|3304	|3677	|3113	|3418	|3483	|3256	|3303	|
________________________________________________________
21	|759	|696	|349	|0	|2947	|522	|278	|645	|375	|583	|400	|520	|490	|458	|641	|521	|4215	|3347	|2572	|3986	|17408	|2104	|3291	|3273	|2915	|1848	|2365	|3428	|3005	|1934	|2941	|2884	|3164	|2879	|3500	|2921	|2798	|2930	|3074	|2643	|2947	|2801	|2881	|2874	|3227	|2272	|2324	|0	|1812	|0	|3355	|3305	|3931	|2904	|2128	|2758	|3643	|2099	|2986	|2911	|2846	|2621	|2919	|2424	|2863	|2780	|3182	|2770	|2997	|2931	|2892	|2887	|
________________________________________________________
22	|449	|474	|229	|416	|366	|359	|0	|0	|229	|538	|317	|413	|307	|379	|468	|414	|2951	|2342	|1771	|2739	|2104	|12272	|2202	|2449	|2047	|1276	|1510	|2303	|1540	|1682	|2009	|2040	|2292	|1986	|2103	|2427	|2033	|2005	|2659	|1820	|2155	|2401	|2325	|2273	|2296	|1596	|1619	|2465	|0	|1158	|0	|2460	|2805	|2011	|1433	|2481	|2190	|1569	|2043	|2095	|2010	|1798	|2033	|1923	|2025	|2079	|2880	|0	|0	|2533	|2253	|2322	|
________________________________________________________
23	|659	|655	|297	|540	|489	|2811	|429	|391	|328	|460	|379	|524	|394	|541	|534	|651	|4137	|3250	|2285	|3807	|3291	|2202	|16712	|3257	|2693	|1763	|1977	|2768	|2463	|1728	|3221	|2053	|3033	|2773	|3192	|2896	|2782	|2763	|2807	|2811	|2890	|2710	|2837	|2839	|3104	|2101	|2092	|3176	|2531	|0	|2204	|0	|3819	|2737	|2029	|3090	|2818	|2043	|3619	|2487	|2774	|2569	|2798	|2390	|2772	|2788	|2998	|2631	|2811	|2838	|2881	|2896	|
________________________________________________________
24	|658	|644	|305	|513	|562	|574	|424	|0	|306	|504	|359	|569	|486	|493	|507	|424	|4104	|3173	|2266	|3641	|3273	|2449	|3257	|16466	|2759	|1746	|1968	|2744	|2427	|2087	|3077	|3114	|2970	|2748	|3205	|2846	|2692	|2691	|2889	|2422	|2798	|2629	|2773	|2709	|3004	|2159	|2053	|3094	|2474	|2255	|0	|1380	|3798	|2758	|1974	|3075	|2809	|2010	|2385	|3525	|2785	|2524	|2702	|2373	|2789	|2681	|2931	|2615	|2786	|2756	|2637	|2668	|
________________________________________________________
25	|666	|672	|236	|469	|495	|462	|326	|475	|457	|561	|0	|670	|429	|497	|597	|549	|3950	|3379	|2190	|3392	|2915	|2047	|2693	|2759	|16676	|2466	|2406	|3164	|2746	|2056	|3144	|3103	|3110	|2784	|3190	|2780	|2738	|2708	|3003	|2458	|2825	|2704	|2833	|2799	|3289	|1522	|1865	|2768	|2134	|1960	|2759	|2709	|3168	|0	|2361	|3580	|3289	|2260	|3218	|3177	|2715	|2544	|2805	|2399	|2745	|2742	|3087	|2675	|2823	|2864	|2821	|2714	|
________________________________________________________
26	|494	|309	|258	|310	|330	|264	|202	|330	|1915	|267	|161	|448	|300	|357	|350	|401	|1809	|2396	|1077	|2103	|1848	|1276	|1763	|1746	|2466	|10625	|1314	|2048	|1776	|1359	|2042	|1992	|1999	|1736	|2060	|1781	|1915	|1774	|1894	|1551	|1818	|1747	|1827	|1778	|1164	|1745	|1266	|1746	|1352	|1207	|1790	|1789	|0	|1169	|0	|2301	|2039	|1396	|2081	|2045	|1804	|1617	|1789	|1485	|1752	|1724	|1971	|1655	|1805	|1726	|1756	|1707	|
________________________________________________________
27	|485	|476	|226	|420	|541	|338	|304	|391	|254	|349	|0	|0	|376	|369	|442	|404	|2610	|2063	|1690	|2191	|2365	|1510	|1977	|1968	|2406	|1314	|12112	|2034	|2194	|1580	|2225	|2250	|2531	|2265	|2722	|2079	|2009	|2612	|2073	|1872	|2304	|1775	|2016	|2026	|1924	|1361	|1531	|2030	|1804	|1375	|1951	|1992	|3325	|0	|1258	|0	|2454	|1619	|2148	|2174	|2260	|2097	|2413	|0	|0	|2571	|2172	|1987	|2273	|2097	|1988	|2081	|
________________________________________________________
28	|556	|697	|279	|587	|567	|489	|285	|516	|322	|2824	|478	|476	|529	|543	|0	|611	|3635	|2819	|1998	|3819	|3428	|2303	|2768	|2744	|3164	|2048	|2034	|16836	|3163	|2326	|3225	|3107	|3066	|2815	|3257	|2824	|2718	|2839	|2981	|2432	|2841	|2602	|2886	|2776	|2745	|1915	|1884	|3459	|1788	|1905	|2796	|2857	|4333	|3155	|0	|2546	|0	|2377	|3288	|3328	|2785	|2593	|2813	|2461	|2780	|2838	|3146	|2751	|2961	|2799	|2735	|2803	|
________________________________________________________
29	|520	|437	|284	|325	|487	|357	|401	|482	|332	|500	|389	|0	|2453	|398	|338	|523	|3205	|2458	|1794	|2301	|3005	|1540	|2463	|2427	|2746	|1776	|2194	|3163	|14781	|1635	|2809	|2819	|2639	|2475	|2918	|2467	|2363	|2414	|2625	|2204	|2542	|2340	|2453	|2552	|2463	|1684	|1795	|1891	|2630	|1668	|2434	|2508	|3774	|2807	|2176	|0	|1746	|0	|2833	|2879	|2403	|2214	|2650	|1936	|2412	|2366	|2735	|2383	|2614	|2498	|2364	|2538	|
________________________________________________________
30	|357	|411	|194	|320	|373	|392	|277	|384	|217	|413	|292	|468	|263	|327	|0	|0	|2422	|1841	|1401	|2246	|1934	|1682	|1728	|2087	|2056	|1359	|1580	|2326	|1635	|11149	|1981	|2208	|2079	|1829	|2100	|1918	|1623	|2108	|2208	|1979	|2262	|1814	|1960	|2208	|1836	|1288	|1332	|1897	|1471	|1424	|1800	|2104	|2900	|2082	|1490	|2429	|0	|1150	|0	|2193	|1874	|1670	|1880	|1634	|1897	|2163	|2254	|2017	|2287	|0	|0	|2215	|
________________________________________________________
31	|549	|602	|281	|421	|504	|522	|360	|619	|383	|549	|451	|631	|398	|2740	|678	|377	|3656	|2836	|2010	|3333	|2941	|2009	|3221	|3077	|3144	|2042	|2225	|3225	|2809	|1981	|16803	|3474	|3005	|2880	|3196	|2870	|2820	|2777	|2952	|2508	|2854	|2740	|2790	|2692	|2635	|1970	|1890	|2767	|2273	|1955	|3612	|2367	|4351	|3217	|2218	|3510	|3407	|0	|2099	|0	|2815	|2475	|2736	|2372	|2716	|2846	|3055	|2746	|2817	|2851	|2783	|2821	|
________________________________________________________
32	|544	|600	|261	|505	|481	|351	|382	|408	|359	|527	|418	|646	|505	|583	|642	|0	|3555	|2782	|2045	|3212	|2884	|2040	|2053	|3114	|3103	|1992	|2250	|3107	|2819	|2208	|3474	|16592	|2982	|2876	|3177	|2751	|2804	|2779	|3000	|2537	|2783	|2730	|2832	|2668	|2720	|1859	|1919	|2774	|2259	|2116	|2333	|3541	|4321	|3187	|2227	|3492	|3301	|2329	|0	|1405	|2706	|2458	|2849	|2348	|2688	|2742	|2929	|2642	|2832	|2774	|2680	|2647	|
________________________________________________________
33	|779	|719	|0	|663	|521	|342	|308	|647	|417	|555	|457	|713	|452	|511	|552	|531	|4061	|3122	|2730	|3567	|3164	|2292	|3033	|2970	|3110	|1999	|2531	|3066	|2639	|2079	|3005	|2982	|18345	|3384	|4027	|3532	|3420	|3415	|3721	|1893	|3146	|3004	|3173	|3069	|3025	|2058	|2465	|3044	|2332	|2287	|3000	|3026	|4095	|2964	|2432	|3456	|3102	|2125	|3003	|3054	|2847	|0	|3611	|2895	|3524	|3456	|4211	|2581	|3179	|3105	|3042	|3019	|
________________________________________________________
34	|543	|3591	|257	|569	|469	|569	|447	|486	|342	|543	|414	|675	|397	|497	|513	|489	|3568	|2751	|2091	|3591	|2879	|1986	|2773	|2748	|2784	|1736	|2265	|2815	|2475	|1829	|2880	|2876	|3384	|16812	|3634	|3272	|3124	|3123	|3395	|2884	|2877	|2745	|2717	|2813	|2873	|1907	|0	|2804	|2198	|1943	|2757	|2797	|3759	|2715	|2271	|3136	|2786	|1956	|2826	|2762	|0	|2265	|3250	|2709	|3193	|3206	|2763	|3540	|2934	|2823	|2798	|2837	|
________________________________________________________
35	|3348	|681	|407	|511	|659	|470	|405	|709	|459	|614	|0	|746	|493	|392	|552	|637	|4184	|3348	|2347	|3761	|3500	|2103	|3192	|3205	|3190	|2060	|2722	|3257	|2918	|2100	|3196	|3177	|4027	|3634	|19194	|3626	|3520	|3566	|3368	|2790	|3677	|2263	|3154	|3122	|3133	|2180	|0	|3149	|2613	|2178	|3104	|3171	|4278	|3205	|2877	|3393	|3311	|2416	|3235	|3200	|3687	|3280	|2998	|0	|3596	|3752	|3596	|3005	|4085	|2870	|3195	|3258	|
________________________________________________________
36	|665	|763	|367	|0	|548	|566	|342	|386	|297	|2824	|309	|692	|401	|556	|697	|511	|3796	|2985	|2454	|3467	|2921	|2427	|2896	|2846	|2780	|1781	|2079	|2824	|2467	|1918	|2870	|2751	|3532	|3272	|3626	|17050	|3224	|3247	|2998	|2589	|3265	|3276	|2803	|2871	|2814	|1942	|2330	|2841	|2222	|1955	|2751	|2798	|3872	|2848	|0	|3172	|2957	|2023	|2953	|2865	|3175	|2980	|0	|2053	|3220	|3297	|3161	|2688	|2389	|3809	|2797	|2876	|
________________________________________________________
37	|644	|687	|304	|519	|480	|457	|340	|451	|1915	|447	|401	|527	|473	|398	|537	|653	|3513	|2691	|2195	|3248	|2798	|2033	|2782	|2692	|2738	|1915	|2009	|2718	|2363	|1623	|2820	|2804	|3420	|3124	|3520	|3224	|16374	|3000	|2916	|2491	|2782	|2673	|3124	|1857	|2668	|1846	|2043	|2695	|2155	|1929	|2692	|2787	|3670	|2625	|0	|3092	|2838	|1992	|2804	|2872	|3007	|2812	|3072	|2558	|2506	|0	|2977	|2609	|2711	|2798	|3592	|2316	|
________________________________________________________
38	|595	|645	|320	|561	|482	|490	|350	|490	|373	|584	|512	|0	|477	|529	|499	|443	|3593	|2748	|2220	|3316	|2930	|2005	|2763	|2691	|2708	|1774	|2612	|2839	|2414	|2108	|2777	|2779	|3415	|3123	|3566	|3247	|3000	|16636	|2903	|2519	|2818	|2775	|3276	|3255	|2704	|1948	|2069	|2801	|2165	|1914	|2728	|2801	|3696	|2760	|2310	|3012	|2841	|1925	|2759	|2699	|3117	|2873	|3198	|2692	|0	|2558	|3091	|2744	|2828	|2828	|2353	|3508	|
________________________________________________________
39	|656	|745	|263	|502	|655	|528	|0	|662	|356	|506	|363	|602	|500	|526	|616	|627	|3830	|2980	|2399	|3540	|3074	|2659	|2807	|2889	|3003	|1894	|2073	|2981	|2625	|2208	|2952	|3000	|3721	|3395	|3368	|2998	|2916	|2903	|17683	|2819	|3463	|3276	|3432	|3360	|2992	|2016	|1974	|3013	|2343	|2497	|2958	|2901	|4052	|2934	|2127	|3212	|3111	|2372	|3038	|2885	|3902	|2267	|2958	|2504	|3041	|2923	|3144	|0	|3498	|3343	|3367	|3335	|
________________________________________________________
40	|403	|640	|363	|422	|451	|2811	|274	|519	|292	|419	|362	|473	|424	|466	|533	|480	|3221	|2510	|1576	|2907	|2643	|1820	|2811	|2422	|2458	|1551	|1872	|2432	|2204	|1979	|2508	|2537	|1893	|2884	|2790	|2589	|2491	|2519	|2819	|14937	|2944	|2827	|2829	|2838	|2478	|1758	|1768	|2533	|2043	|0	|2462	|2443	|3433	|2481	|1842	|2697	|2605	|1948	|2469	|2456	|2034	|3099	|2471	|2137	|2469	|2494	|0	|2032	|2995	|2849	|2810	|2830	|
________________________________________________________
41	|659	|597	|313	|598	|2947	|496	|442	|435	|351	|536	|299	|575	|530	|518	|0	|639	|3711	|2861	|2037	|3361	|2947	|2155	|2890	|2798	|2825	|1818	|2304	|2841	|2542	|2262	|2854	|2783	|3146	|2877	|3677	|3265	|2782	|2818	|3463	|2944	|17127	|3099	|3328	|3177	|2813	|1937	|1937	|2852	|2283	|0	|2815	|2805	|3897	|2895	|2121	|3273	|2961	|2370	|2868	|2858	|2911	|2607	|3667	|1954	|2811	|2809	|3477	|3084	|2533	|0	|3301	|3181	|
________________________________________________________
42	|408	|627	|301	|387	|494	|542	|404	|0	|272	|503	|482	|516	|398	|2740	|405	|545	|3464	|2702	|2009	|3165	|2801	|2401	|2710	|2629	|2704	|1747	|1775	|2602	|2340	|1814	|2740	|2730	|3004	|2745	|2263	|3276	|2673	|2775	|3276	|2827	|3099	|16293	|3137	|3111	|2644	|1823	|2079	|2784	|2239	|2298	|2745	|2711	|3675	|2685	|1917	|3080	|2724	|0	|2679	|2641	|2663	|2446	|2349	|3137	|2712	|2731	|3366	|2916	|0	|2298	|3114	|3125	|
________________________________________________________
43	|573	|608	|296	|460	|567	|534	|388	|540	|369	|477	|390	|756	|2453	|440	|617	|483	|3745	|2885	|2079	|3362	|2881	|2325	|2837	|2773	|2833	|1827	|2016	|2886	|2453	|1960	|2790	|2832	|3173	|2717	|3154	|2803	|3124	|3276	|3432	|2829	|3328	|3137	|16823	|3162	|2771	|1893	|1825	|2813	|2150	|2219	|2736	|2746	|3808	|2761	|2055	|3148	|2862	|0	|2800	|2813	|2856	|2539	|2827	|2357	|3629	|2420	|3494	|3040	|3302	|3226	|2498	|0	|
________________________________________________________
44	|547	|593	|259	|496	|523	|526	|401	|540	|205	|495	|441	|467	|497	|561	|637	|0	|3671	|2830	|1929	|3244	|2874	|2273	|2839	|2709	|2799	|1778	|2026	|2776	|2552	|2208	|2692	|2668	|3069	|2813	|3122	|2871	|1857	|3255	|3360	|2838	|3177	|3111	|3162	|16602	|2737	|1816	|1942	|2805	|2214	|2091	|2725	|2712	|3692	|2834	|2180	|3125	|2827	|2396	|2740	|2704	|2789	|2503	|2873	|2363	|2431	|3570	|3411	|3007	|3194	|3292	|0	|2372	|
________________________________________________________
45	|0	|728	|337	|569	|549	|509	|401	|556	|190	|470	|431	|610	|426	|404	|528	|492	|3193	|0	|2318	|3730	|3227	|2296	|3104	|3004	|3289	|1164	|1924	|2745	|2463	|1836	|2635	|2720	|3025	|2873	|3133	|2814	|2668	|2704	|2992	|2478	|2813	|2644	|2771	|2737	|16477	|2308	|2265	|3196	|2507	|2112	|3125	|3165	|4286	|3244	|2130	|3135	|2735	|1917	|2774	|2712	|2687	|2485	|2736	|2317	|2710	|2677	|2942	|2637	|2781	|2786	|2769	|2652	|
________________________________________________________
46	|288	|482	|1708	|320	|386	|332	|270	|389	|315	|303	|292	|333	|278	|318	|374	|382	|0	|1440	|0	|2646	|2272	|1596	|2101	|2159	|1522	|1745	|1361	|1915	|1684	|1288	|1970	|1859	|2058	|1907	|2180	|1942	|1846	|1948	|2016	|1758	|1937	|1823	|1893	|1816	|2308	|11337	|1268	|2154	|1710	|1433	|2211	|2190	|2019	|2238	|1213	|2099	|2016	|1294	|1974	|1833	|1892	|1708	|1878	|1600	|1870	|1866	|1999	|1844	|1956	|1936	|1934	|1924	|
________________________________________________________
47	|0	|0	|205	|282	|386	|372	|312	|333	|253	|389	|318	|396	|311	|344	|502	|320	|3002	|0	|1200	|0	|2324	|1619	|2092	|2053	|1865	|1266	|1531	|1884	|1795	|1332	|1890	|1919	|2465	|0	|0	|2330	|2043	|2069	|1974	|1768	|1937	|2079	|1825	|1942	|2265	|1268	|11265	|1911	|1878	|1479	|2046	|2100	|2589	|1851	|1544	|1916	|2157	|1351	|1861	|1870	|2369	|1770	|1824	|1959	|2096	|2004	|2079	|1806	|1637	|2094	|1833	|1906	|
________________________________________________________
48	|656	|530	|278	|2801	|0	|567	|445	|599	|317	|562	|390	|630	|321	|442	|608	|586	|4260	|3215	|0	|2936	|0	|2465	|3176	|3094	|2768	|1746	|2030	|3459	|1891	|1897	|2767	|2774	|3044	|2804	|3149	|2841	|2695	|2801	|3013	|2533	|2852	|2784	|2813	|2805	|3196	|2154	|1911	|16804	|2725	|2240	|3189	|3213	|3796	|2752	|2017	|3589	|3355	|2139	|2726	|2745	|2759	|2584	|2801	|2452	|2770	|2890	|3079	|2672	|2799	|2915	|2842	|2765	|
________________________________________________________
49	|545	|0	|291	|474	|303	|456	|2117	|379	|272	|308	|305	|334	|439	|388	|508	|345	|3227	|2533	|1918	|0	|1812	|0	|2531	|2474	|2134	|1352	|1804	|1788	|2630	|1471	|2273	|2259	|2332	|2198	|2613	|2222	|2155	|2165	|2343	|2043	|2283	|2239	|2150	|2214	|2507	|1710	|1878	|2725	|13286	|1515	|2553	|2572	|3018	|2302	|1593	|1793	|2717	|1442	|2178	|2220	|2110	|1992	|2254	|1833	|2147	|2133	|2455	|2117	|2192	|2151	|2174	|2206	|
________________________________________________________
50	|415	|515	|188	|368	|0	|0	|215	|336	|220	|312	|237	|407	|347	|405	|402	|407	|2829	|2201	|1604	|2832	|0	|1158	|0	|2255	|1960	|1207	|1375	|1905	|1668	|1424	|1955	|2116	|2287	|1943	|2178	|1955	|1929	|1914	|2497	|0	|0	|2298	|2219	|2091	|2112	|1433	|1479	|2240	|1515	|11439	|1973	|2373	|2619	|1869	|1339	|2122	|1986	|1603	|1719	|1989	|2220	|1529	|1867	|1588	|1943	|1884	|2505	|1816	|1960	|2313	|2106	|2134	|
________________________________________________________
51	|591	|648	|351	|531	|616	|374	|343	|2971	|324	|434	|380	|554	|395	|596	|550	|542	|4163	|3181	|2275	|3820	|3355	|0	|2204	|0	|2759	|1790	|1951	|2796	|2434	|1800	|3612	|2333	|3000	|2757	|3104	|2751	|2692	|2728	|2958	|2462	|2815	|2745	|2736	|2725	|3125	|2211	|2046	|3189	|2553	|1973	|16563	|3362	|3766	|2882	|1998	|3126	|2802	|1958	|3162	|3095	|2827	|2513	|2814	|2289	|2762	|2737	|3086	|2780	|2971	|2851	|2687	|2714	|
________________________________________________________
52	|635	|677	|350	|570	|613	|0	|438	|577	|326	|454	|381	|548	|436	|385	|455	|348	|4022	|3174	|2219	|3739	|3305	|2460	|0	|1380	|2709	|1789	|1992	|2857	|2508	|2104	|2367	|3541	|3026	|2797	|3171	|2798	|2787	|2801	|2901	|2443	|2805	|2711	|2746	|2712	|3165	|2190	|2100	|3213	|2572	|2373	|3362	|16626	|3792	|2793	|1884	|3040	|2761	|1948	|1964	|3131	|2757	|2558	|2858	|2320	|2748	|2728	|2919	|2657	|2802	|2784	|2746	|2722	|
________________________________________________________
53	|632	|901	|289	|601	|659	|671	|511	|694	|0	|803	|560	|840	|619	|690	|769	|732	|5443	|3237	|2991	|4596	|3931	|2805	|3819	|3798	|3168	|0	|3325	|4333	|3774	|2900	|4351	|4321	|4095	|3759	|4278	|3872	|3670	|3696	|4052	|3433	|3897	|3675	|3808	|3692	|4286	|2019	|2589	|3796	|3018	|2619	|3766	|3792	|22688	|4329	|3047	|4748	|4326	|3040	|4251	|4287	|3871	|3415	|3792	|3167	|3807	|3729	|4209	|3615	|3819	|3825	|3714	|3703	|
________________________________________________________
54	|675	|577	|341	|416	|479	|443	|413	|520	|206	|554	|2257	|547	|461	|501	|570	|574	|3299	|3348	|2064	|3358	|2904	|2011	|2737	|2758	|0	|1169	|0	|3155	|2807	|2082	|3217	|3187	|2964	|2715	|3205	|2848	|2625	|2760	|2934	|2481	|2895	|2685	|2761	|2834	|3244	|2238	|1851	|2752	|2302	|1869	|2882	|2793	|4329	|16634	|2024	|3600	|3256	|2212	|3162	|3111	|2850	|2514	|2807	|2257	|2782	|2735	|2964	|2742	|2907	|2801	|2811	|2742	|
________________________________________________________
55	|487	|455	|228	|420	|408	|352	|248	|395	|0	|0	|279	|407	|364	|395	|461	|423	|2802	|1958	|1666	|2364	|2128	|1433	|2029	|1974	|2361	|0	|1258	|0	|2176	|1490	|2218	|2227	|2432	|2271	|2877	|0	|0	|2310	|2127	|1842	|2121	|1917	|2055	|2180	|2130	|1213	|1544	|2017	|1593	|1339	|1998	|1884	|3047	|2024	|11995	|2255	|2615	|1718	|2259	|2214	|2245	|2070	|2356	|1692	|2056	|2419	|2275	|1894	|2076	|1978	|1874	|2180	|
________________________________________________________
56	|571	|745	|279	|564	|516	|554	|279	|550	|456	|427	|453	|3359	|0	|614	|693	|628	|4047	|3140	|2297	|4315	|2758	|2481	|3090	|3075	|3580	|2301	|0	|2546	|0	|2429	|3510	|3492	|3456	|3136	|3393	|3172	|3092	|3012	|3212	|2697	|3273	|3080	|3148	|3125	|3135	|2099	|1916	|3589	|1793	|2122	|3126	|3040	|4748	|3600	|2255	|18497	|3881	|2553	|3552	|3516	|3088	|2799	|2892	|2745	|3359	|2950	|3382	|3015	|3137	|3147	|3026	|3017	|
________________________________________________________
57	|571	|486	|326	|523	|666	|475	|455	|506	|411	|0	|470	|697	|298	|576	|3080	|526	|3786	|2860	|2037	|2993	|3643	|2190	|2818	|2809	|3289	|2039	|2454	|0	|1746	|0	|3407	|3301	|3102	|2786	|3311	|2957	|2838	|2841	|3111	|2605	|2961	|2724	|2862	|2827	|2735	|2016	|2157	|3355	|2717	|1986	|2802	|2761	|4326	|3256	|2615	|3881	|17158	|2114	|3166	|3253	|2851	|2585	|2907	|2382	|2809	|2817	|3109	|2743	|2951	|3080	|2905	|2865	|
________________________________________________________
58	|392	|421	|190	|501	|443	|389	|276	|402	|258	|416	|298	|466	|0	|0	|411	|371	|2545	|2011	|1422	|2551	|2099	|1569	|2043	|2010	|2260	|1396	|1619	|2377	|0	|1150	|0	|2329	|2125	|1956	|2416	|2023	|1992	|1925	|2372	|1948	|2370	|0	|0	|2396	|1917	|1294	|1351	|2139	|1442	|1603	|1958	|1948	|3040	|2212	|1718	|2553	|2114	|11842	|2097	|2370	|2030	|1798	|2159	|1537	|1925	|1994	|2374	|2123	|2379	|2035	|1989	|2391	|
________________________________________________________
59	|578	|587	|299	|449	|503	|579	|316	|567	|382	|562	|398	|621	|477	|339	|468	|3009	|3624	|2836	|2089	|3363	|2986	|2043	|3619	|2385	|3218	|2081	|2148	|3288	|2833	|0	|2099	|0	|3003	|2826	|3235	|2953	|2804	|2759	|3038	|2469	|2868	|2679	|2800	|2740	|2774	|1974	|1861	|2726	|2178	|1719	|3162	|1964	|4251	|3162	|2259	|3552	|3166	|2097	|16724	|3602	|2784	|2590	|2845	|2307	|2737	|2713	|3125	|2705	|2850	|2782	|3009	|2654	|
________________________________________________________
60	|545	|584	|280	|460	|500	|446	|363	|538	|388	|552	|396	|622	|521	|0	|650	|640	|3602	|2792	|2047	|3331	|2911	|2095	|2487	|3525	|3177	|2045	|2174	|3328	|2879	|2193	|0	|1405	|3054	|2762	|3200	|2865	|2872	|2699	|2885	|2456	|2858	|2641	|2813	|2704	|2712	|1833	|1870	|2745	|2220	|1989	|3095	|3131	|4287	|3111	|2214	|3516	|3253	|2370	|3602	|16604	|2781	|2548	|2801	|2376	|2784	|2690	|3047	|2599	|2857	|2780	|2677	|2714	|
________________________________________________________
61	|714	|0	|303	|581	|477	|375	|405	|589	|368	|513	|416	|600	|410	|455	|508	|499	|3623	|2858	|2478	|3204	|2846	|2010	|2774	|2785	|2715	|1804	|2260	|2785	|2403	|1874	|2815	|2706	|2847	|0	|3687	|3175	|3007	|3117	|3902	|2034	|2911	|2663	|2856	|2789	|2687	|1892	|2369	|2759	|2110	|2220	|2827	|2757	|3871	|2850	|2245	|3088	|2851	|2030	|2784	|2781	|16702	|2762	|3178	|2674	|3155	|3196	|3533	|3124	|2913	|2804	|2824	|2788	|
________________________________________________________
62	|574	|486	|1708	|422	|452	|572	|367	|368	|323	|535	|394	|574	|359	|411	|421	|481	|3252	|2488	|0	|2970	|2621	|1798	|2569	|2524	|2544	|1617	|2097	|2593	|2214	|1670	|2475	|2458	|0	|2265	|3280	|2980	|2812	|2873	|2267	|3099	|2607	|2446	|2539	|2503	|2485	|1708	|1770	|2584	|1992	|1529	|2513	|2558	|3415	|2514	|2070	|2799	|2585	|1798	|2590	|2548	|2762	|15103	|2850	|2444	|2889	|2824	|1885	|2825	|2612	|2556	|2512	|2482	|
________________________________________________________
63	|501	|701	|261	|2801	|601	|479	|380	|597	|388	|0	|434	|649	|454	|374	|573	|528	|3603	|2760	|0	|3304	|2919	|2033	|2798	|2702	|2805	|1789	|2413	|2813	|2650	|1880	|2736	|2849	|3611	|3250	|2998	|0	|3072	|3198	|2958	|2471	|3667	|2349	|2827	|2873	|2736	|1878	|1824	|2801	|2254	|1867	|2814	|2858	|3792	|2807	|2356	|2892	|2907	|2159	|2845	|2801	|3178	|2850	|16790	|2694	|3193	|3086	|3133	|2665	|3273	|3234	|2759	|2802	|
________________________________________________________
64	|0	|654	|305	|429	|298	|475	|287	|260	|303	|337	|2257	|500	|325	|525	|490	|361	|3079	|2298	|2138	|2905	|2424	|1923	|2390	|2373	|2399	|1485	|0	|2461	|1936	|1634	|2372	|2348	|2895	|2709	|0	|2053	|2558	|2692	|2504	|2137	|1954	|3137	|2357	|2363	|2317	|1600	|1959	|2452	|1833	|1588	|2289	|2320	|3167	|2257	|1692	|2745	|2382	|1537	|2307	|2376	|2674	|2444	|2694	|14065	|2733	|2671	|2584	|2248	|1512	|2794	|2355	|2322	|
________________________________________________________
65	|605	|715	|326	|497	|445	|481	|354	|495	|264	|552	|377	|3359	|559	|416	|474	|546	|3591	|2738	|2260	|3458	|2863	|2025	|2772	|2789	|2745	|1752	|0	|2780	|2412	|1897	|2716	|2688	|3524	|3193	|3596	|3220	|2506	|0	|3041	|2469	|2811	|2712	|3629	|2431	|2710	|1870	|2096	|2770	|2147	|1943	|2762	|2748	|3807	|2782	|2056	|3359	|2809	|1925	|2737	|2784	|3155	|2889	|3193	|2733	|16685	|2935	|3070	|2623	|2910	|2765	|3128	|3133	|
________________________________________________________
66	|668	|683	|319	|525	|450	|464	|329	|452	|0	|625	|485	|595	|332	|535	|461	|332	|3546	|2852	|2250	|3304	|2780	|2079	|2788	|2681	|2742	|1724	|2571	|2838	|2366	|2163	|2846	|2742	|3456	|3206	|3752	|3297	|0	|2558	|2923	|2494	|2809	|2731	|2420	|3570	|2677	|1866	|2004	|2890	|2133	|1884	|2737	|2728	|3729	|2735	|2419	|2950	|2817	|1994	|2713	|2690	|3196	|2824	|3086	|2671	|2935	|16652	|3111	|2660	|2811	|2833	|1904	|3251	|
________________________________________________________
67	|700	|562	|204	|533	|648	|0	|437	|683	|363	|532	|402	|633	|505	|577	|648	|646	|4069	|3122	|2527	|3677	|3182	|2880	|2998	|2931	|3087	|1971	|2172	|3146	|2735	|2254	|3055	|2929	|4211	|2763	|3596	|3161	|2977	|3091	|3144	|0	|3477	|3366	|3494	|3411	|2942	|1999	|2079	|3079	|2455	|2505	|3086	|2919	|4209	|2964	|2275	|3382	|3109	|2374	|3125	|3047	|3533	|1885	|3133	|2584	|3070	|3111	|18381	|3272	|3554	|3586	|3473	|3440	|
________________________________________________________
68	|530	|741	|318	|442	|557	|405	|2117	|501	|295	|419	|393	|541	|433	|549	|569	|558	|3482	|2662	|1921	|3113	|2770	|0	|2631	|2615	|2675	|1655	|1987	|2751	|2383	|2017	|2746	|2642	|2581	|3540	|3005	|2688	|2609	|2744	|0	|2032	|3084	|2916	|3040	|3007	|2637	|1844	|1806	|2672	|2117	|1816	|2780	|2657	|3615	|2742	|1894	|3015	|2743	|2123	|2705	|2599	|3124	|2825	|2665	|2248	|2623	|2660	|3272	|16071	|3232	|3124	|3075	|3000	|
________________________________________________________
69	|663	|602	|277	|515	|473	|572	|357	|2971	|372	|397	|246	|591	|549	|0	|599	|662	|3718	|2873	|2023	|3418	|2997	|0	|2811	|2786	|2823	|1805	|2273	|2961	|2614	|2287	|2817	|2832	|3179	|2934	|4085	|2389	|2711	|2828	|3498	|2995	|2533	|0	|3302	|3194	|2781	|1956	|1637	|2799	|2192	|1960	|2971	|2802	|3819	|2907	|2076	|3137	|2951	|2379	|2850	|2857	|2913	|2612	|3273	|1512	|2910	|2811	|3554	|3232	|17040	|3284	|3277	|3219	|
________________________________________________________
70	|495	|611	|330	|535	|0	|573	|432	|617	|309	|624	|445	|540	|476	|363	|3080	|556	|3670	|2797	|1941	|3483	|2931	|2533	|2838	|2756	|2864	|1726	|2097	|2799	|2498	|0	|2851	|2774	|3105	|2823	|2870	|3809	|2798	|2828	|3343	|2849	|0	|2298	|3226	|3292	|2786	|1936	|2094	|2915	|2151	|2313	|2851	|2784	|3825	|2801	|1978	|3147	|3080	|2035	|2782	|2780	|2804	|2556	|3234	|2794	|2765	|2833	|3586	|3124	|3284	|16910	|3229	|3288	|
________________________________________________________
71	|602	|610	|285	|433	|606	|516	|371	|564	|431	|450	|333	|639	|343	|511	|535	|3009	|3677	|2895	|1958	|3256	|2892	|2253	|2881	|2637	|2821	|1756	|1988	|2735	|2364	|0	|2783	|2680	|3042	|2798	|3195	|2797	|3592	|2353	|3367	|2810	|3301	|3114	|2498	|0	|2769	|1934	|1833	|2842	|2174	|2106	|2687	|2746	|3714	|2811	|1874	|3026	|2905	|1989	|3009	|2677	|2824	|2512	|2759	|2355	|3128	|1904	|3473	|3075	|3277	|3229	|16620	|3157	|
________________________________________________________
72	|541	|612	|272	|464	|554	|567	|378	|553	|241	|480	|424	|603	|0	|575	|622	|573	|3603	|2752	|1980	|3303	|2887	|2322	|2896	|2668	|2714	|1707	|2081	|2803	|2538	|2215	|2821	|2647	|3019	|2837	|3258	|2876	|2316	|3508	|3335	|2830	|3181	|3125	|0	|2372	|2652	|1924	|1906	|2765	|2206	|2134	|2714	|2722	|3703	|2742	|2180	|3017	|2865	|2391	|2654	|2714	|2788	|2482	|2802	|2322	|3133	|3251	|3440	|3000	|3219	|3288	|3157	|16542	|
________________________________________________________
