0	|1	|2	|3	|4	|5	|6	|7	|8	|9	|10	|11	|12	|13	|14	|15	|16	|17	|18	|19	|20	|21	|22	|23	|24	|25	|26	|27	|28	|29	|30	|31	|32	|33	|34	|35	|36	|37	|38	|39	|40	|41	|42	|43	|44	|45	|46	|47	|48	|49	|50	|51	|52	|53	|54	|55	|56	|57	|58	|59	|60	|61	|62	|63	|64	|65	|66	|67	|68	|69	|70	|71	|72	|
1	|3312	|106	|51	|142	|108	|90	|81	|119	|90	|93	|0	|130	|74	|68	|98	|92	|800	|3312	|373	|649	|637	|444	|642	|620	|657	|470	|455	|544	|531	|374	|562	|534	|778	|517	|3312	|621	|592	|621	|642	|414	|622	|401	|535	|551	|0	|310	|0	|726	|499	|437	|586	|605	|629	|668	|495	|555	|565	|415	|561	|497	|700	|531	|531	|0	|640	|592	|642	|541	|698	|486	|565	|563	|
________________________________________________________
2	|106	|3578	|58	|102	|99	|144	|0	|146	|62	|139	|108	|175	|62	|88	|112	|102	|920	|586	|441	|3578	|670	|460	|697	|706	|649	|302	|487	|649	|428	|455	|626	|566	|736	|3578	|725	|758	|712	|688	|703	|618	|575	|560	|587	|615	|699	|465	|0	|539	|0	|491	|676	|669	|836	|634	|491	|810	|607	|426	|560	|611	|0	|460	|727	|609	|664	|700	|585	|794	|588	|577	|585	|563	|
________________________________________________________
3	|51	|58	|1659	|37	|55	|64	|50	|59	|45	|66	|60	|61	|43	|44	|72	|35	|0	|204	|0	|442	|371	|218	|308	|306	|223	|234	|197	|273	|270	|169	|276	|255	|0	|249	|402	|372	|297	|343	|252	|343	|255	|285	|252	|298	|353	|1659	|188	|303	|276	|201	|345	|352	|310	|350	|216	|279	|317	|214	|283	|307	|307	|1659	|280	|315	|343	|323	|212	|313	|258	|301	|251	|306	|
________________________________________________________
4	|142	|102	|37	|2879	|0	|96	|83	|140	|58	|0	|88	|113	|48	|78	|105	|116	|801	|613	|0	|449	|0	|430	|557	|558	|483	|303	|436	|543	|362	|312	|509	|469	|651	|609	|545	|0	|497	|565	|511	|451	|625	|387	|459	|507	|597	|314	|312	|2879	|488	|405	|557	|547	|654	|492	|445	|559	|609	|503	|502	|483	|546	|452	|2879	|440	|496	|552	|492	|490	|549	|582	|460	|521	|
________________________________________________________
5	|108	|99	|55	|0	|2869	|66	|68	|101	|87	|106	|58	|72	|116	|85	|0	|126	|705	|526	|439	|641	|2869	|313	|497	|605	|477	|313	|524	|554	|509	|407	|477	|501	|529	|416	|609	|574	|472	|460	|615	|437	|2869	|518	|557	|521	|562	|342	|400	|0	|314	|0	|604	|562	|660	|496	|342	|458	|627	|457	|489	|502	|490	|411	|590	|337	|432	|439	|637	|572	|433	|0	|563	|564	|
________________________________________________________
6	|90	|144	|64	|96	|66	|2696	|58	|74	|43	|124	|71	|91	|60	|100	|100	|106	|645	|493	|350	|624	|474	|323	|2696	|517	|473	|262	|323	|519	|355	|311	|508	|335	|302	|487	|451	|522	|425	|453	|514	|2696	|487	|518	|511	|545	|493	|342	|341	|531	|395	|0	|325	|0	|618	|447	|315	|571	|437	|369	|559	|390	|360	|586	|436	|407	|422	|459	|0	|366	|540	|593	|502	|546	|
________________________________________________________
7	|81	|0	|50	|83	|68	|58	|2166	|55	|49	|48	|54	|65	|76	|68	|84	|71	|537	|445	|324	|0	|305	|0	|394	|467	|342	|227	|289	|275	|403	|248	|361	|414	|298	|492	|417	|383	|363	|336	|0	|269	|442	|428	|390	|396	|376	|263	|282	|453	|2166	|268	|358	|448	|485	|378	|240	|307	|479	|283	|356	|426	|397	|386	|363	|297	|365	|327	|447	|2166	|347	|412	|389	|412	|
________________________________________________________
8	|119	|146	|59	|140	|101	|74	|55	|2978	|70	|90	|38	|112	|85	|0	|116	|110	|738	|552	|397	|748	|581	|0	|373	|0	|517	|336	|403	|519	|460	|414	|668	|419	|608	|463	|687	|448	|477	|484	|659	|523	|442	|0	|526	|565	|570	|411	|348	|677	|389	|363	|2978	|603	|675	|485	|361	|563	|554	|438	|561	|542	|525	|411	|576	|247	|490	|468	|653	|480	|2978	|576	|596	|575	|
________________________________________________________
9	|90	|62	|45	|58	|87	|43	|49	|70	|1871	|39	|30	|86	|62	|55	|64	|77	|300	|389	|244	|334	|353	|234	|303	|280	|419	|1871	|227	|289	|338	|234	|362	|358	|388	|369	|410	|352	|1871	|332	|348	|278	|356	|268	|355	|216	|211	|303	|232	|334	|289	|226	|312	|318	|0	|214	|0	|411	|380	|263	|353	|357	|349	|328	|356	|302	|291	|0	|331	|283	|337	|324	|410	|239	|
________________________________________________________
10	|93	|139	|66	|0	|106	|124	|48	|90	|39	|2890	|72	|97	|89	|124	|0	|113	|597	|448	|412	|671	|587	|564	|462	|475	|587	|281	|335	|2890	|530	|386	|545	|531	|608	|518	|589	|2890	|469	|581	|488	|433	|575	|528	|503	|512	|502	|337	|409	|598	|295	|325	|449	|467	|787	|559	|0	|458	|0	|420	|565	|553	|580	|495	|0	|342	|574	|579	|535	|484	|451	|644	|462	|452	|
________________________________________________________
11	|0	|108	|60	|88	|58	|71	|54	|38	|30	|72	|2343	|80	|68	|92	|94	|69	|446	|484	|358	|477	|371	|331	|373	|383	|0	|172	|0	|470	|408	|290	|424	|464	|489	|456	|0	|364	|474	|490	|407	|353	|362	|516	|374	|426	|440	|329	|331	|372	|309	|252	|368	|383	|604	|2343	|274	|469	|480	|359	|443	|470	|426	|402	|455	|2343	|402	|453	|446	|384	|242	|448	|347	|455	|
________________________________________________________
12	|130	|175	|61	|113	|72	|91	|65	|112	|86	|97	|80	|3452	|0	|112	|131	|132	|822	|570	|470	|807	|470	|405	|558	|546	|660	|426	|0	|419	|0	|432	|629	|650	|716	|651	|729	|702	|543	|0	|634	|530	|570	|561	|740	|493	|633	|359	|429	|672	|343	|389	|577	|582	|895	|632	|428	|3452	|741	|477	|646	|638	|638	|593	|646	|522	|3452	|591	|621	|559	|564	|607	|689	|640	|
________________________________________________________
13	|74	|62	|43	|48	|116	|60	|76	|85	|62	|89	|68	|0	|2400	|54	|52	|89	|514	|365	|293	|373	|491	|327	|332	|432	|451	|253	|359	|506	|2400	|264	|379	|525	|409	|413	|493	|408	|449	|488	|495	|408	|538	|413	|2400	|467	|413	|278	|270	|304	|407	|309	|407	|462	|610	|480	|360	|0	|279	|0	|480	|504	|361	|341	|417	|328	|516	|316	|517	|426	|496	|473	|325	|0	|
________________________________________________________
14	|68	|88	|44	|78	|85	|100	|68	|0	|55	|124	|92	|112	|54	|2697	|83	|66	|592	|459	|359	|530	|454	|375	|482	|494	|523	|349	|346	|551	|403	|323	|2697	|567	|451	|416	|392	|559	|404	|505	|533	|470	|511	|2697	|416	|568	|476	|284	|360	|458	|343	|393	|559	|387	|672	|482	|369	|582	|471	|0	|311	|0	|508	|382	|422	|504	|436	|543	|550	|500	|0	|380	|525	|593	|
________________________________________________________
15	|98	|112	|72	|105	|0	|100	|84	|116	|64	|0	|94	|131	|52	|83	|2903	|78	|645	|514	|340	|568	|621	|461	|476	|469	|547	|356	|410	|0	|277	|0	|587	|585	|510	|490	|500	|622	|480	|462	|592	|505	|0	|385	|585	|584	|498	|309	|471	|552	|422	|409	|508	|467	|729	|550	|444	|698	|2903	|357	|472	|599	|461	|413	|566	|459	|475	|486	|562	|513	|584	|2903	|500	|596	|
________________________________________________________
16	|92	|102	|35	|116	|126	|106	|71	|110	|77	|113	|69	|132	|89	|66	|78	|3037	|695	|499	|401	|642	|519	|435	|634	|444	|585	|355	|422	|583	|565	|0	|350	|0	|575	|510	|634	|534	|647	|407	|662	|520	|659	|570	|424	|0	|498	|318	|363	|577	|369	|407	|578	|368	|813	|609	|400	|637	|576	|383	|3037	|637	|521	|443	|526	|384	|585	|352	|612	|523	|568	|529	|3037	|615	|
________________________________________________________
17	|800	|920	|0	|801	|705	|645	|537	|738	|300	|597	|446	|822	|514	|592	|645	|695	|21956	|4088	|3116	|4974	|4180	|3063	|4185	|4033	|3966	|1797	|2560	|3648	|3228	|2447	|3659	|3613	|4004	|3737	|4193	|3682	|3507	|3582	|3805	|3258	|3737	|3522	|3656	|3774	|3218	|0	|2865	|4256	|3302	|2821	|4125	|4103	|5582	|3242	|2776	|4189	|3691	|2710	|3757	|3653	|3719	|3276	|3675	|3101	|3606	|3572	|4015	|3589	|3698	|3697	|3659	|3518	|
________________________________________________________
18	|3312	|586	|204	|613	|526	|493	|445	|552	|389	|448	|484	|570	|365	|459	|514	|499	|4088	|16902	|2056	|3842	|3232	|2368	|3119	|3208	|3350	|2388	|2000	|2771	|2500	|1924	|2794	|2816	|3086	|2786	|3312	|2908	|2696	|2824	|2992	|2560	|2889	|2761	|2744	|2776	|0	|1465	|0	|3335	|2534	|2232	|3245	|3278	|3272	|3357	|2031	|3197	|2915	|2062	|2817	|2798	|2826	|2424	|2886	|2428	|2800	|2821	|3067	|2804	|2837	|2852	|2878	|2822	|
________________________________________________________
19	|373	|441	|0	|0	|439	|350	|324	|397	|244	|412	|358	|470	|293	|359	|340	|401	|3116	|2056	|12321	|2546	|2580	|1851	|2302	|2248	|2290	|1123	|1767	|2091	|1842	|1355	|2070	|2027	|2739	|2089	|2342	|2570	|2293	|2256	|2481	|1620	|2106	|2055	|2027	|2039	|2515	|0	|1190	|0	|1963	|1622	|2266	|2264	|2934	|2065	|1651	|2280	|2110	|1512	|2047	|2021	|2527	|0	|0	|2149	|2267	|2289	|2439	|1992	|2034	|1999	|2096	|2063	|
________________________________________________________
20	|649	|3578	|442	|449	|641	|624	|0	|748	|334	|671	|477	|807	|373	|530	|568	|642	|4974	|3842	|2546	|20050	|3905	|2761	|3757	|3695	|3332	|2154	|2215	|3807	|2357	|2295	|3333	|3214	|3580	|3578	|3826	|3418	|3362	|3393	|3403	|3051	|3399	|3295	|3327	|3321	|3819	|2619	|0	|2899	|0	|2775	|3874	|3818	|4622	|3394	|2397	|4420	|2993	|2616	|3362	|3417	|3261	|2979	|3313	|2871	|3311	|3352	|3734	|3285	|3381	|3425	|3382	|3324	|
________________________________________________________
21	|637	|670	|371	|0	|2869	|474	|305	|581	|353	|587	|371	|470	|491	|454	|621	|519	|4180	|3232	|2580	|3905	|17014	|2026	|3301	|3195	|2807	|1775	|2199	|3316	|3008	|1876	|2815	|2826	|3015	|2767	|3254	|2966	|2756	|2791	|3026	|2597	|2869	|2775	|2877	|2871	|3228	|2182	|2261	|0	|1775	|0	|3311	|3209	|3936	|2894	|2031	|2671	|3565	|2127	|2854	|2918	|2861	|2483	|2811	|2344	|2716	|2758	|3088	|2804	|2859	|2854	|2800	|2813	|
________________________________________________________
22	|444	|460	|218	|430	|313	|323	|0	|0	|234	|564	|331	|405	|327	|375	|461	|435	|3063	|2368	|1851	|2761	|2026	|12336	|2174	|2483	|2061	|1305	|1510	|2267	|1613	|1637	|2056	|2090	|2205	|2030	|2189	|2368	|2025	|2016	|2768	|1804	|2084	|2394	|2274	|2269	|2276	|1539	|1559	|2485	|0	|1180	|0	|2507	|2837	|2011	|1409	|2462	|2133	|1636	|2058	|2081	|1992	|1832	|2068	|1966	|1984	|2003	|2760	|0	|0	|2486	|2295	|2221	|
________________________________________________________
23	|642	|697	|308	|557	|497	|2696	|394	|373	|303	|462	|373	|558	|332	|482	|476	|634	|4185	|3119	|2302	|3757	|3301	|2174	|16599	|3239	|2777	|1759	|1972	|2791	|2490	|1670	|3146	|1992	|3038	|2717	|3197	|2783	|2650	|2782	|2858	|2696	|2888	|2680	|2736	|2854	|3131	|2148	|2043	|3145	|2456	|0	|2189	|0	|3803	|2734	|2054	|3125	|2771	|1962	|3488	|2411	|2674	|2588	|2748	|2277	|2769	|2752	|3008	|2637	|2725	|2813	|2829	|2916	|
________________________________________________________
24	|620	|706	|306	|558	|605	|517	|467	|0	|280	|475	|383	|546	|432	|494	|469	|444	|4033	|3208	|2248	|3695	|3195	|2483	|3239	|16610	|2813	|1735	|2033	|2813	|2437	|2106	|3064	|3188	|3021	|2799	|3228	|2831	|2677	|2665	|2844	|2372	|2868	|2688	|2607	|2786	|3147	|2108	|1960	|3180	|2546	|2325	|0	|1382	|3879	|2753	|1957	|3021	|2813	|2064	|2355	|3646	|2740	|2510	|2806	|2266	|2672	|2786	|2968	|2629	|2681	|2724	|2739	|2681	|
________________________________________________________
25	|657	|649	|223	|483	|477	|473	|342	|517	|419	|587	|0	|660	|451	|523	|547	|585	|3966	|3350	|2290	|3332	|2807	|2061	|2777	|2813	|16593	|2356	|2471	|3144	|2867	|2085	|3154	|3116	|3013	|2840	|3170	|2864	|2623	|2749	|2959	|2534	|2869	|2719	|2695	|2763	|3340	|1520	|1802	|2751	|2195	|1960	|2843	|2797	|3204	|0	|2417	|3460	|3203	|2285	|3125	|3200	|2843	|2441	|2774	|2346	|2711	|2749	|3058	|2677	|2770	|2786	|2794	|2843	|
________________________________________________________
26	|470	|302	|234	|303	|313	|262	|227	|336	|1871	|281	|172	|426	|253	|349	|356	|355	|1797	|2388	|1123	|2154	|1775	|1305	|1759	|1735	|2356	|10538	|1240	|1959	|1760	|1306	|1968	|1999	|1894	|1730	|1995	|1855	|1871	|1739	|1896	|1561	|1802	|1719	|1665	|1716	|1128	|1683	|1124	|1845	|1383	|1240	|1738	|1775	|0	|1178	|0	|2201	|2081	|1461	|1973	|2039	|1712	|1553	|1737	|1520	|1724	|1674	|1881	|1660	|1731	|1771	|1771	|1773	|
________________________________________________________
27	|455	|487	|197	|436	|524	|323	|289	|403	|227	|335	|0	|0	|359	|346	|410	|422	|2560	|2000	|1767	|2215	|2199	|1510	|1972	|2033	|2471	|1240	|11871	|1993	|2125	|1592	|2185	|2101	|2416	|2217	|2649	|2006	|1969	|2479	|2185	|1834	|2277	|1743	|2009	|2015	|1977	|1282	|1524	|2030	|1782	|1431	|2009	|2028	|3378	|0	|1211	|0	|2473	|1658	|2188	|2151	|2195	|1976	|2451	|0	|0	|2461	|2092	|1918	|2206	|1991	|2007	|1977	|
________________________________________________________
28	|544	|649	|273	|543	|554	|519	|275	|519	|289	|2890	|470	|419	|506	|551	|0	|583	|3648	|2771	|2091	|3807	|3316	|2267	|2791	|2813	|3144	|1959	|1993	|16717	|3126	|2326	|3138	|3199	|3059	|2723	|3158	|2890	|2713	|2782	|2907	|2452	|2908	|2650	|2746	|2863	|2834	|1902	|1835	|3466	|1755	|1976	|2762	|2743	|4293	|3095	|0	|2512	|0	|2391	|3138	|3177	|2817	|2447	|2720	|2329	|2676	|2774	|3136	|2753	|2909	|2823	|2709	|2791	|
________________________________________________________
29	|531	|428	|270	|362	|509	|355	|403	|460	|338	|530	|408	|0	|2400	|403	|277	|565	|3228	|2500	|1842	|2357	|3008	|1613	|2490	|2437	|2867	|1760	|2125	|3126	|14872	|1701	|2816	|2841	|2638	|2508	|3011	|2501	|2309	|2484	|2684	|2237	|2571	|2371	|2400	|2570	|2520	|1692	|1742	|1987	|2621	|1696	|2543	|2499	|3837	|2778	|2157	|0	|1707	|0	|2885	|2843	|2391	|2167	|2624	|1986	|2380	|2460	|2708	|2385	|2499	|2451	|2370	|2575	|
________________________________________________________
30	|374	|455	|169	|312	|407	|311	|248	|414	|234	|386	|290	|432	|264	|323	|0	|0	|2447	|1924	|1355	|2295	|1876	|1637	|1670	|2106	|2085	|1306	|1592	|2326	|1701	|11265	|1947	|2221	|2018	|1949	|2154	|1912	|1661	|2137	|2219	|1879	|2411	|1820	|1786	|2248	|1812	|1244	|1204	|1897	|1444	|1408	|1819	|2088	|2935	|2105	|1569	|2458	|0	|1231	|0	|2271	|1856	|1659	|1903	|1585	|1809	|2038	|2262	|2042	|2327	|0	|0	|2344	|
________________________________________________________
31	|562	|626	|276	|509	|477	|508	|361	|668	|362	|545	|424	|629	|379	|2697	|587	|350	|3659	|2794	|2070	|3333	|2815	|2056	|3146	|3064	|3154	|1968	|2185	|3138	|2816	|1947	|16453	|3408	|3063	|2790	|3092	|2826	|2694	|2756	|2898	|2476	|2814	|2697	|2666	|2740	|2820	|1806	|1824	|2792	|2230	|1910	|3476	|2323	|4227	|3026	|2280	|3458	|3172	|0	|2035	|0	|2771	|2390	|2811	|2348	|2636	|2794	|2947	|2640	|2749	|2768	|2689	|2807	|
________________________________________________________
32	|534	|566	|255	|469	|501	|335	|414	|419	|358	|531	|464	|650	|525	|567	|585	|0	|3613	|2816	|2027	|3214	|2826	|2090	|1992	|3188	|3116	|1999	|2101	|3199	|2841	|2221	|3408	|16536	|2990	|2830	|3201	|2764	|2760	|2752	|2927	|2464	|2781	|2703	|2693	|2675	|2793	|1870	|1826	|2804	|2221	|2084	|2276	|3624	|4275	|3192	|2255	|3472	|3141	|2417	|0	|1503	|2757	|2406	|2760	|2336	|2697	|2673	|2988	|2688	|2766	|2813	|2677	|2683	|
________________________________________________________
33	|778	|736	|0	|651	|529	|302	|298	|608	|388	|608	|489	|716	|409	|451	|510	|575	|4004	|3086	|2739	|3580	|3015	|2205	|3038	|3021	|3013	|1894	|2416	|3059	|2638	|2018	|3063	|2990	|18182	|3354	|3989	|3532	|3381	|3389	|3682	|1799	|3153	|2886	|2997	|3071	|2981	|2068	|2462	|3056	|2290	|2371	|3000	|3047	|4103	|3057	|2423	|3402	|3039	|2248	|3021	|3068	|2744	|0	|3461	|2841	|3470	|3387	|4162	|2557	|3105	|3033	|3114	|3006	|
________________________________________________________
34	|517	|3578	|249	|609	|416	|487	|492	|463	|369	|518	|456	|651	|413	|416	|490	|510	|3737	|2786	|2089	|3578	|2767	|2030	|2717	|2799	|2840	|1730	|2217	|2723	|2508	|1949	|2790	|2830	|3354	|16809	|3654	|3240	|3242	|3210	|3358	|2830	|2856	|2691	|2820	|2888	|2821	|1925	|0	|2873	|2128	|1939	|2769	|2802	|3791	|2818	|2317	|3146	|2961	|2052	|2767	|2780	|0	|2201	|3209	|2739	|3151	|3223	|2773	|3716	|2815	|2786	|2817	|2754	|
________________________________________________________
35	|3312	|725	|402	|545	|609	|451	|417	|687	|410	|589	|0	|729	|493	|392	|500	|634	|4193	|3312	|2342	|3826	|3254	|2189	|3197	|3228	|3170	|1995	|2649	|3158	|3011	|2154	|3092	|3201	|3989	|3654	|19167	|3557	|3571	|3604	|3392	|2891	|3670	|2247	|3163	|3186	|3132	|2236	|0	|3304	|2571	|2205	|3156	|3213	|4404	|3149	|2807	|3352	|3267	|2500	|3231	|3131	|3575	|3301	|2996	|0	|3592	|3435	|3486	|3064	|4077	|2891	|3231	|3231	|
________________________________________________________
36	|621	|758	|372	|0	|574	|522	|383	|448	|352	|2890	|364	|702	|408	|559	|622	|534	|3682	|2908	|2570	|3418	|2966	|2368	|2783	|2831	|2864	|1855	|2006	|2890	|2501	|1912	|2826	|2764	|3532	|3240	|3557	|17095	|3394	|3285	|3015	|2582	|3347	|3251	|2880	|2907	|2837	|1982	|2326	|2846	|2233	|1951	|2859	|2832	|3877	|2806	|0	|3205	|2964	|2060	|2901	|2795	|3264	|2901	|0	|2215	|3280	|3150	|3071	|2765	|2432	|3723	|2908	|2855	|
________________________________________________________
37	|592	|712	|297	|497	|472	|425	|363	|477	|1871	|469	|474	|543	|449	|404	|480	|647	|3507	|2696	|2293	|3362	|2756	|2025	|2650	|2677	|2623	|1871	|1969	|2713	|2309	|1661	|2694	|2760	|3381	|3242	|3571	|3394	|16538	|3015	|2929	|2520	|2781	|2811	|3164	|1986	|2778	|1887	|2036	|2780	|2158	|1977	|2717	|2788	|3716	|2783	|0	|3032	|2787	|2087	|2853	|2794	|3165	|2805	|3024	|2715	|2449	|0	|2947	|2688	|2677	|2777	|3556	|2342	|
________________________________________________________
38	|621	|688	|343	|565	|460	|453	|336	|484	|332	|581	|490	|0	|488	|505	|462	|407	|3582	|2824	|2256	|3393	|2791	|2016	|2782	|2665	|2749	|1739	|2479	|2782	|2484	|2137	|2756	|2752	|3389	|3210	|3604	|3285	|3015	|16522	|2895	|2458	|2830	|2792	|3137	|3171	|2805	|1952	|1970	|2802	|2037	|1918	|2819	|2799	|3666	|2763	|2377	|2875	|2801	|1957	|2591	|2689	|3083	|2953	|3094	|2707	|0	|2465	|3006	|2685	|2716	|2778	|2311	|3587	|
________________________________________________________
39	|642	|703	|252	|511	|615	|514	|0	|659	|348	|488	|407	|634	|495	|533	|592	|662	|3805	|2992	|2481	|3403	|3026	|2768	|2858	|2844	|2959	|1896	|2185	|2907	|2684	|2219	|2898	|2927	|3682	|3358	|3392	|3015	|2929	|2895	|17725	|2866	|3444	|3224	|3320	|3379	|2973	|2068	|1991	|2961	|2333	|2399	|2910	|2807	|4021	|2948	|2118	|3293	|3038	|2416	|3009	|2931	|3788	|2149	|2896	|2542	|2857	|2912	|3053	|0	|3416	|3385	|3448	|3286	|
________________________________________________________
40	|414	|618	|343	|451	|437	|2696	|269	|523	|278	|433	|353	|530	|408	|470	|505	|520	|3258	|2560	|1620	|3051	|2597	|1804	|2696	|2372	|2534	|1561	|1834	|2452	|2237	|1879	|2476	|2464	|1799	|2830	|2891	|2582	|2520	|2458	|2866	|14981	|2949	|2691	|2806	|2871	|2508	|1638	|1631	|2500	|2032	|0	|2501	|2506	|3342	|2464	|1793	|2776	|2565	|2050	|2485	|2449	|1947	|3199	|2502	|2068	|2440	|2441	|0	|2050	|3003	|2911	|2862	|2815	|
________________________________________________________
41	|622	|575	|255	|625	|2869	|487	|442	|442	|356	|575	|362	|570	|538	|511	|0	|659	|3737	|2889	|2106	|3399	|2869	|2084	|2888	|2868	|2869	|1802	|2277	|2908	|2571	|2411	|2814	|2781	|3153	|2856	|3670	|3347	|2781	|2830	|3444	|2949	|17110	|3112	|3238	|3263	|2873	|1889	|1964	|2874	|2330	|0	|2824	|2833	|3977	|2907	|2068	|3097	|2946	|2551	|2829	|2876	|2867	|2617	|3628	|2041	|2838	|2726	|3478	|3107	|2510	|0	|3304	|3212	|
________________________________________________________
42	|401	|560	|285	|387	|518	|518	|428	|0	|268	|528	|516	|561	|413	|2697	|385	|570	|3522	|2761	|2055	|3295	|2775	|2394	|2680	|2688	|2719	|1719	|1743	|2650	|2371	|1820	|2697	|2703	|2886	|2691	|2247	|3251	|2811	|2792	|3224	|2691	|3112	|16313	|3186	|3219	|2718	|1774	|2101	|2652	|2127	|2278	|2699	|2670	|3755	|2774	|1963	|3037	|2612	|0	|2643	|2751	|2766	|2388	|2328	|3150	|2702	|2763	|3358	|3028	|0	|2411	|3135	|3151	|
________________________________________________________
43	|535	|587	|252	|459	|557	|511	|390	|526	|355	|503	|374	|740	|2400	|416	|585	|424	|3656	|2744	|2027	|3327	|2877	|2274	|2736	|2607	|2695	|1665	|2009	|2746	|2400	|1786	|2666	|2693	|2997	|2820	|3163	|2880	|3164	|3137	|3320	|2806	|3238	|3186	|16481	|3188	|2727	|1816	|1839	|2686	|2135	|2122	|2727	|2717	|3841	|2757	|2026	|3047	|2856	|0	|2736	|2758	|2690	|2419	|2725	|2368	|3545	|2327	|3439	|3063	|3104	|3248	|2335	|0	|
________________________________________________________
44	|551	|615	|298	|507	|521	|545	|396	|565	|216	|512	|426	|493	|467	|568	|584	|0	|3774	|2776	|2039	|3321	|2871	|2269	|2854	|2786	|2763	|1716	|2015	|2863	|2570	|2248	|2740	|2675	|3071	|2888	|3186	|2907	|1986	|3171	|3379	|2871	|3263	|3219	|3188	|16790	|2793	|1898	|1823	|2839	|2236	|2201	|2805	|2787	|3878	|2793	|2179	|3089	|2811	|2507	|2673	|2765	|2878	|2548	|2797	|2388	|2310	|3640	|3520	|3100	|3199	|3338	|0	|2420	|
________________________________________________________
45	|0	|699	|353	|597	|562	|493	|376	|570	|211	|502	|440	|633	|413	|476	|498	|498	|3218	|0	|2515	|3819	|3228	|2276	|3131	|3147	|3340	|1128	|1977	|2834	|2520	|1812	|2820	|2793	|2981	|2821	|3132	|2837	|2778	|2805	|2973	|2508	|2873	|2718	|2727	|2793	|16733	|2295	|2307	|3243	|2582	|2104	|3179	|3062	|4391	|3359	|2224	|3133	|2863	|2023	|2743	|2744	|2774	|2509	|2731	|2366	|2722	|2735	|3068	|2708	|2853	|2717	|2822	|2767	|
________________________________________________________
46	|310	|465	|1659	|314	|342	|342	|263	|411	|303	|337	|329	|359	|278	|284	|309	|318	|0	|1465	|0	|2619	|2182	|1539	|2148	|2108	|1520	|1683	|1282	|1902	|1692	|1244	|1806	|1870	|2068	|1925	|2236	|1982	|1887	|1952	|2068	|1638	|1889	|1774	|1816	|1898	|2295	|11286	|1302	|2177	|1689	|1498	|2155	|2169	|2098	|2313	|1225	|2055	|1913	|1381	|1863	|1975	|1913	|1659	|1850	|1594	|1945	|1909	|2094	|1822	|1920	|1862	|1829	|1947	|
________________________________________________________
47	|0	|0	|188	|312	|400	|341	|282	|348	|232	|409	|331	|429	|270	|360	|471	|363	|2865	|0	|1190	|0	|2261	|1559	|2043	|1960	|1802	|1124	|1524	|1835	|1742	|1204	|1824	|1826	|2462	|0	|0	|2326	|2036	|1970	|1991	|1631	|1964	|2101	|1839	|1823	|2307	|1302	|11061	|1895	|1845	|1542	|2033	|2004	|2522	|1863	|1562	|1911	|2112	|1330	|1849	|1854	|2255	|1646	|1829	|1925	|2001	|1990	|1970	|1753	|1626	|2050	|1880	|1817	|
________________________________________________________
48	|726	|539	|303	|2879	|0	|531	|453	|677	|334	|598	|372	|672	|304	|458	|552	|577	|4256	|3335	|0	|2899	|0	|2485	|3145	|3180	|2751	|1845	|2030	|3466	|1987	|1897	|2792	|2804	|3056	|2873	|3304	|2846	|2780	|2802	|2961	|2500	|2874	|2652	|2686	|2839	|3243	|2177	|1895	|16871	|2724	|2369	|3378	|3195	|3865	|2802	|2111	|3626	|3395	|2265	|2829	|2790	|2727	|2558	|2879	|2305	|2711	|2757	|3031	|2754	|2809	|2894	|2848	|2900	|
________________________________________________________
49	|499	|0	|276	|488	|314	|395	|2166	|389	|289	|295	|309	|343	|407	|343	|422	|369	|3302	|2534	|1963	|0	|1775	|0	|2456	|2546	|2195	|1383	|1782	|1755	|2621	|1444	|2230	|2221	|2290	|2128	|2571	|2233	|2158	|2037	|2333	|2032	|2330	|2127	|2135	|2236	|2582	|1689	|1845	|2724	|13270	|1523	|2553	|2570	|3049	|2215	|1535	|1792	|2731	|1467	|2214	|2221	|2163	|2017	|2212	|1852	|2161	|2224	|2334	|2166	|2201	|2123	|2243	|2187	|
________________________________________________________
50	|437	|491	|201	|405	|0	|0	|268	|363	|226	|325	|252	|389	|309	|393	|409	|407	|2821	|2232	|1622	|2775	|0	|1180	|0	|2325	|1960	|1240	|1431	|1976	|1696	|1408	|1910	|2084	|2371	|1939	|2205	|1951	|1977	|1918	|2399	|0	|0	|2278	|2122	|2201	|2104	|1498	|1542	|2369	|1523	|11522	|2012	|2345	|2681	|1919	|1351	|2110	|1947	|1683	|1746	|2090	|2182	|1528	|1916	|1621	|1843	|1955	|2455	|1915	|1996	|2385	|2190	|2145	|
________________________________________________________
51	|586	|676	|345	|557	|604	|325	|358	|2978	|312	|449	|368	|577	|407	|559	|508	|578	|4125	|3245	|2266	|3874	|3311	|0	|2189	|0	|2843	|1738	|2009	|2762	|2543	|1819	|3476	|2276	|3000	|2769	|3156	|2859	|2717	|2819	|2910	|2501	|2824	|2699	|2727	|2805	|3179	|2155	|2033	|3378	|2553	|2012	|16705	|3380	|3778	|2772	|2072	|3044	|2888	|2085	|3220	|3140	|2746	|2549	|2769	|2298	|2763	|2747	|3002	|2781	|2978	|2794	|2850	|2821	|
________________________________________________________
52	|605	|669	|352	|547	|562	|0	|448	|603	|318	|467	|383	|582	|462	|387	|467	|368	|4103	|3278	|2264	|3818	|3209	|2507	|0	|1382	|2797	|1775	|2028	|2743	|2499	|2088	|2323	|3624	|3047	|2802	|3213	|2832	|2788	|2799	|2807	|2506	|2833	|2670	|2717	|2787	|3062	|2169	|2004	|3195	|2570	|2345	|3380	|16669	|3802	|2860	|2032	|2985	|2795	|2041	|2023	|3126	|2719	|2616	|2783	|2367	|2751	|2836	|2980	|2741	|2736	|2751	|2793	|2672	|
________________________________________________________
53	|629	|836	|310	|654	|660	|618	|485	|675	|0	|787	|604	|895	|610	|672	|729	|813	|5582	|3272	|2934	|4622	|3936	|2837	|3803	|3879	|3204	|0	|3378	|4293	|3837	|2935	|4227	|4275	|4103	|3791	|4404	|3877	|3716	|3666	|4021	|3342	|3977	|3755	|3841	|3878	|4391	|2098	|2522	|3865	|3049	|2681	|3778	|3802	|22923	|4401	|3138	|4964	|4403	|3185	|4368	|4414	|3724	|3427	|3795	|3189	|3798	|3718	|4132	|3732	|3884	|3893	|3912	|3781	|
________________________________________________________
54	|668	|634	|350	|492	|496	|447	|378	|485	|214	|559	|2343	|632	|480	|482	|550	|609	|3242	|3357	|2065	|3394	|2894	|2011	|2734	|2753	|0	|1178	|0	|3095	|2778	|2105	|3026	|3192	|3057	|2818	|3149	|2806	|2783	|2763	|2948	|2464	|2907	|2774	|2757	|2793	|3359	|2313	|1863	|2802	|2215	|1919	|2772	|2860	|4401	|16680	|2113	|3682	|3205	|2408	|3176	|3269	|2780	|2581	|2843	|2343	|2870	|2681	|3115	|2708	|2784	|2755	|2826	|2767	|
________________________________________________________
55	|495	|491	|216	|445	|342	|315	|240	|361	|0	|0	|274	|428	|360	|369	|444	|400	|2776	|2031	|1651	|2397	|2031	|1409	|2054	|1957	|2417	|0	|1211	|0	|2157	|1569	|2280	|2255	|2423	|2317	|2807	|0	|0	|2377	|2118	|1793	|2068	|1963	|2026	|2179	|2224	|1225	|1562	|2111	|1535	|1351	|2072	|2032	|3138	|2113	|12022	|2303	|2498	|1790	|2266	|2335	|2223	|2012	|2400	|1662	|1990	|2429	|2131	|1938	|2015	|1938	|1789	|2152	|
________________________________________________________
56	|555	|810	|279	|559	|458	|571	|307	|563	|411	|458	|469	|3452	|0	|582	|698	|637	|4189	|3197	|2280	|4420	|2671	|2462	|3125	|3021	|3460	|2201	|0	|2512	|0	|2458	|3458	|3472	|3402	|3146	|3352	|3205	|3032	|2875	|3293	|2776	|3097	|3037	|3047	|3089	|3133	|2055	|1911	|3626	|1792	|2110	|3044	|2985	|4964	|3682	|2303	|18485	|3869	|2568	|3489	|3543	|3100	|2800	|2831	|2766	|3452	|2909	|3356	|2949	|3050	|3186	|3136	|3093	|
________________________________________________________
57	|565	|607	|317	|609	|627	|437	|479	|554	|380	|0	|480	|741	|279	|471	|2903	|576	|3691	|2915	|2110	|2993	|3565	|2133	|2771	|2813	|3203	|2081	|2473	|0	|1707	|0	|3172	|3141	|3039	|2961	|3267	|2964	|2787	|2801	|3038	|2565	|2946	|2612	|2856	|2811	|2863	|1913	|2112	|3395	|2731	|1947	|2888	|2795	|4403	|3205	|2498	|3869	|17052	|2241	|3335	|3387	|2767	|2480	|2846	|2355	|2803	|2775	|3039	|2790	|2962	|2903	|2934	|2816	|
________________________________________________________
58	|415	|426	|214	|503	|457	|369	|283	|438	|263	|420	|359	|477	|0	|0	|357	|383	|2710	|2062	|1512	|2616	|2127	|1636	|1962	|2064	|2285	|1461	|1658	|2391	|0	|1231	|0	|2417	|2248	|2052	|2500	|2060	|2087	|1957	|2416	|2050	|2551	|0	|0	|2507	|2023	|1381	|1330	|2265	|1467	|1683	|2085	|2041	|3185	|2408	|1790	|2568	|2241	|12169	|2178	|2451	|2103	|1864	|2177	|1559	|2000	|1918	|2434	|2179	|2428	|1998	|2076	|2405	|
________________________________________________________
59	|561	|560	|283	|502	|489	|559	|356	|561	|353	|565	|443	|646	|480	|311	|472	|3037	|3757	|2817	|2047	|3362	|2854	|2058	|3488	|2355	|3125	|1973	|2188	|3138	|2885	|0	|2035	|0	|3021	|2767	|3231	|2901	|2853	|2591	|3009	|2485	|2829	|2643	|2736	|2673	|2743	|1863	|1849	|2829	|2214	|1746	|3220	|2023	|4368	|3176	|2266	|3489	|3335	|2178	|16605	|3508	|2769	|2486	|2790	|2370	|2734	|2639	|3013	|2736	|2797	|2836	|3037	|2643	|
________________________________________________________
60	|497	|611	|307	|483	|502	|390	|426	|542	|357	|553	|470	|638	|504	|0	|599	|637	|3653	|2798	|2021	|3417	|2918	|2081	|2411	|3646	|3200	|2039	|2151	|3177	|2843	|2271	|0	|1503	|3068	|2780	|3131	|2795	|2794	|2689	|2931	|2449	|2876	|2751	|2758	|2765	|2744	|1975	|1854	|2790	|2221	|2090	|3140	|3126	|4414	|3269	|2335	|3543	|3387	|2451	|3508	|16801	|2769	|2626	|2773	|2434	|2724	|2751	|2921	|2746	|2782	|2733	|2710	|2665	|
________________________________________________________
61	|700	|0	|307	|546	|490	|360	|397	|525	|349	|580	|426	|638	|361	|508	|461	|521	|3719	|2826	|2527	|3261	|2861	|1992	|2674	|2740	|2843	|1712	|2195	|2817	|2391	|1856	|2771	|2757	|2744	|0	|3575	|3264	|3165	|3083	|3788	|1947	|2867	|2766	|2690	|2878	|2774	|1913	|2255	|2727	|2163	|2182	|2746	|2719	|3724	|2780	|2223	|3100	|2767	|2103	|2769	|2769	|16641	|2815	|3100	|2625	|3124	|3084	|3480	|3156	|2820	|2737	|2757	|2869	|
________________________________________________________
62	|531	|460	|1659	|452	|411	|586	|386	|411	|328	|495	|402	|593	|341	|382	|413	|443	|3276	|2424	|0	|2979	|2483	|1832	|2588	|2510	|2441	|1553	|1976	|2447	|2167	|1659	|2390	|2406	|0	|2201	|3301	|2901	|2805	|2953	|2149	|3199	|2617	|2388	|2419	|2548	|2509	|1659	|1646	|2558	|2017	|1528	|2549	|2616	|3427	|2581	|2012	|2800	|2480	|1864	|2486	|2626	|2815	|14994	|2842	|2430	|2763	|2804	|1890	|2868	|2522	|2444	|2459	|2511	|
________________________________________________________
63	|531	|727	|280	|2879	|590	|436	|363	|576	|356	|0	|455	|646	|417	|422	|566	|526	|3675	|2886	|0	|3313	|2811	|2068	|2748	|2806	|2774	|1737	|2451	|2720	|2624	|1903	|2811	|2760	|3461	|3209	|2996	|0	|3024	|3094	|2896	|2502	|3628	|2328	|2725	|2797	|2731	|1850	|1829	|2879	|2212	|1916	|2769	|2783	|3795	|2843	|2400	|2831	|2846	|2177	|2790	|2773	|3100	|2842	|16565	|2574	|3073	|3091	|3020	|2753	|3216	|3182	|2726	|2738	|
________________________________________________________
64	|0	|609	|315	|440	|337	|407	|297	|247	|302	|342	|2343	|522	|328	|504	|459	|384	|3101	|2428	|2149	|2871	|2344	|1966	|2277	|2266	|2346	|1520	|0	|2329	|1986	|1585	|2348	|2336	|2841	|2739	|0	|2215	|2715	|2707	|2542	|2068	|2041	|3150	|2368	|2388	|2366	|1594	|1925	|2305	|1852	|1621	|2298	|2367	|3189	|2343	|1662	|2766	|2355	|1559	|2370	|2434	|2625	|2430	|2574	|14153	|2688	|2641	|2492	|2261	|1509	|2832	|2362	|2350	|
________________________________________________________
65	|640	|664	|343	|496	|432	|422	|365	|490	|291	|574	|402	|3452	|516	|436	|475	|585	|3606	|2800	|2267	|3311	|2716	|1984	|2769	|2672	|2711	|1724	|0	|2676	|2380	|1809	|2636	|2697	|3470	|3151	|3592	|3280	|2449	|0	|2857	|2440	|2838	|2702	|3545	|2310	|2722	|1945	|2001	|2711	|2161	|1843	|2763	|2751	|3798	|2870	|1990	|3452	|2803	|2000	|2734	|2724	|3124	|2763	|3073	|2688	|16509	|2923	|3029	|2681	|2693	|2794	|3225	|3201	|
________________________________________________________
66	|592	|700	|323	|552	|439	|459	|327	|468	|0	|579	|453	|591	|316	|543	|486	|352	|3572	|2821	|2289	|3352	|2758	|2003	|2752	|2786	|2749	|1674	|2461	|2774	|2460	|2038	|2794	|2673	|3387	|3223	|3435	|3150	|0	|2465	|2912	|2441	|2726	|2763	|2327	|3640	|2735	|1909	|1990	|2757	|2224	|1955	|2747	|2836	|3718	|2681	|2429	|2909	|2775	|1918	|2639	|2751	|3084	|2804	|3091	|2641	|2923	|16425	|3017	|2610	|2742	|2816	|1907	|3122	|
________________________________________________________
67	|642	|585	|212	|492	|637	|0	|447	|653	|331	|535	|446	|621	|517	|550	|562	|612	|4015	|3067	|2439	|3734	|3088	|2760	|3008	|2968	|3058	|1881	|2092	|3136	|2708	|2262	|2947	|2988	|4162	|2773	|3486	|3071	|2947	|3006	|3053	|0	|3478	|3358	|3439	|3520	|3068	|2094	|1970	|3031	|2334	|2455	|3002	|2980	|4132	|3115	|2131	|3356	|3039	|2434	|3013	|2921	|3480	|1890	|3020	|2492	|3029	|3017	|18120	|3311	|3470	|3386	|3459	|3388	|
________________________________________________________
68	|541	|794	|313	|490	|572	|366	|2166	|480	|283	|484	|384	|559	|426	|500	|513	|523	|3589	|2804	|1992	|3285	|2804	|0	|2637	|2629	|2677	|1660	|1918	|2753	|2385	|2042	|2640	|2688	|2557	|3716	|3064	|2765	|2688	|2685	|0	|2050	|3107	|3028	|3063	|3100	|2708	|1822	|1753	|2754	|2166	|1915	|2781	|2741	|3732	|2708	|1938	|2949	|2790	|2179	|2736	|2746	|3156	|2868	|2753	|2261	|2681	|2610	|3311	|16238	|3115	|3060	|2970	|3143	|
________________________________________________________
69	|698	|588	|258	|549	|433	|540	|347	|2978	|337	|451	|242	|564	|496	|0	|584	|568	|3698	|2837	|2034	|3381	|2859	|0	|2725	|2681	|2770	|1731	|2206	|2909	|2499	|2327	|2749	|2766	|3105	|2815	|4077	|2432	|2677	|2716	|3416	|3003	|2510	|0	|3104	|3199	|2853	|1920	|1626	|2809	|2201	|1996	|2978	|2736	|3884	|2784	|2015	|3050	|2962	|2428	|2797	|2782	|2820	|2522	|3216	|1509	|2693	|2742	|3470	|3115	|16798	|3242	|3178	|3154	|
________________________________________________________
70	|486	|577	|301	|582	|0	|593	|412	|576	|324	|644	|448	|607	|473	|380	|2903	|529	|3697	|2852	|1999	|3425	|2854	|2486	|2813	|2724	|2786	|1771	|1991	|2823	|2451	|0	|2768	|2813	|3033	|2786	|2891	|3723	|2777	|2778	|3385	|2911	|0	|2411	|3248	|3338	|2717	|1862	|2050	|2894	|2123	|2385	|2794	|2751	|3893	|2755	|1938	|3186	|2903	|1998	|2836	|2733	|2737	|2444	|3182	|2832	|2794	|2816	|3386	|3060	|3242	|16805	|3242	|3165	|
________________________________________________________
71	|565	|585	|251	|460	|563	|502	|389	|596	|410	|462	|347	|689	|325	|525	|500	|3037	|3659	|2878	|2096	|3382	|2800	|2295	|2829	|2739	|2794	|1771	|2007	|2709	|2370	|0	|2689	|2677	|3114	|2817	|3231	|2908	|3556	|2311	|3448	|2862	|3304	|3135	|2335	|0	|2822	|1829	|1880	|2848	|2243	|2190	|2850	|2793	|3912	|2826	|1789	|3136	|2934	|2076	|3037	|2710	|2757	|2459	|2726	|2362	|3225	|1907	|3459	|2970	|3178	|3242	|16796	|3278	|
________________________________________________________
72	|563	|563	|306	|521	|564	|546	|412	|575	|239	|452	|455	|640	|0	|593	|596	|615	|3518	|2822	|2063	|3324	|2813	|2221	|2916	|2681	|2843	|1773	|1977	|2791	|2575	|2344	|2807	|2683	|3006	|2754	|3231	|2855	|2342	|3587	|3286	|2815	|3212	|3151	|0	|2420	|2767	|1947	|1817	|2900	|2187	|2145	|2821	|2672	|3781	|2767	|2152	|3093	|2816	|2405	|2643	|2665	|2869	|2511	|2738	|2350	|3201	|3122	|3388	|3143	|3154	|3165	|3278	|16644	|
________________________________________________________
