0	|1	|2	|3	|4	|5	|6	|7	|8	|9	|10	|11	|12	|13	|14	|15	|16	|17	|18	|19	|20	|21	|22	|23	|24	|25	|26	|27	|28	|29	|30	|31	|32	|33	|34	|35	|36	|37	|38	|39	|40	|41	|42	|43	|44	|45	|46	|47	|48	|49	|50	|51	|52	|53	|54	|55	|56	|57	|58	|59	|60	|61	|62	|63	|64	|65	|66	|67	|68	|69	|70	|71	|72	|
1	|100	|3,2	|1,54	|4,29	|3,26	|2,72	|2,45	|3,59	|2,72	|2,81	|0	|3,93	|2,23	|2,05	|2,96	|2,78	|24,15	|100	|11,26	|19,6	|19,23	|13,41	|19,38	|18,72	|19,84	|14,19	|13,74	|16,43	|16,03	|11,29	|16,97	|16,12	|23,49	|15,61	|100	|18,75	|17,87	|18,75	|19,38	|12,5	|18,78	|12,11	|16,15	|16,64	|0	|9,36	|0	|21,92	|15,07	|13,19	|17,69	|18,27	|18,99	|20,17	|14,95	|16,76	|17,06	|12,53	|16,94	|15,01	|21,14	|16,03	|16,03	|0	|19,32	|17,87	|19,38	|16,33	|21,07	|14,67	|17,06	|17	|
________________________________________________________
2	|2,96	|100	|1,62	|2,85	|2,77	|4,02	|0	|4,08	|1,73	|3,88	|3,02	|4,89	|1,73	|2,46	|3,13	|2,85	|25,71	|16,38	|12,33	|100	|18,73	|12,86	|19,48	|19,73	|18,14	|8,44	|13,61	|18,14	|11,96	|12,72	|17,5	|15,82	|20,57	|100	|20,26	|21,19	|19,9	|19,23	|19,65	|17,27	|16,07	|15,65	|16,41	|17,19	|19,54	|13	|0	|15,06	|0	|13,72	|18,89	|18,7	|23,37	|17,72	|13,72	|22,64	|16,96	|11,91	|15,65	|17,08	|0	|12,86	|20,32	|17,02	|18,56	|19,56	|16,35	|22,19	|16,43	|16,13	|16,35	|15,74	|
________________________________________________________
3	|3,07	|3,5	|100	|2,23	|3,32	|3,86	|3,01	|3,56	|2,71	|3,98	|3,62	|3,68	|2,59	|2,65	|4,34	|2,11	|0	|12,3	|0	|26,64	|22,36	|13,14	|18,57	|18,44	|13,44	|14,1	|11,87	|16,46	|16,27	|10,19	|16,64	|15,37	|0	|15,01	|24,23	|22,42	|17,9	|20,68	|15,19	|20,68	|15,37	|17,18	|15,19	|17,96	|21,28	|100	|11,33	|18,26	|16,64	|12,12	|20,8	|21,22	|18,69	|21,1	|13,02	|16,82	|19,11	|12,9	|17,06	|18,51	|18,51	|100	|16,88	|18,99	|20,68	|19,47	|12,78	|18,87	|15,55	|18,14	|15,13	|18,44	|
________________________________________________________
4	|4,93	|3,54	|1,29	|100	|0	|3,33	|2,88	|4,86	|2,01	|0	|3,06	|3,92	|1,67	|2,71	|3,65	|4,03	|27,82	|21,29	|0	|15,6	|0	|14,94	|19,35	|19,38	|16,78	|10,52	|15,14	|18,86	|12,57	|10,84	|17,68	|16,29	|22,61	|21,15	|18,93	|0	|17,26	|19,62	|17,75	|15,67	|21,71	|13,44	|15,94	|17,61	|20,74	|10,91	|10,84	|100	|16,95	|14,07	|19,35	|19	|22,72	|17,09	|15,46	|19,42	|21,15	|17,47	|17,44	|16,78	|18,96	|15,7	|100	|15,28	|17,23	|19,17	|17,09	|17,02	|19,07	|20,22	|15,98	|18,1	|
________________________________________________________
5	|3,76	|3,45	|1,92	|0	|100	|2,3	|2,37	|3,52	|3,03	|3,69	|2,02	|2,51	|4,04	|2,96	|0	|4,39	|24,57	|18,33	|15,3	|22,34	|100	|10,91	|17,32	|21,09	|16,63	|10,91	|18,26	|19,31	|17,74	|14,19	|16,63	|17,46	|18,44	|14,5	|21,23	|20,01	|16,45	|16,03	|21,44	|15,23	|100	|18,06	|19,41	|18,16	|19,59	|11,92	|13,94	|0	|10,94	|0	|21,05	|19,59	|23	|17,29	|11,92	|15,96	|21,85	|15,93	|17,04	|17,5	|17,08	|14,33	|20,56	|11,75	|15,06	|15,3	|22,2	|19,94	|15,09	|0	|19,62	|19,66	|
________________________________________________________
6	|3,34	|5,34	|2,37	|3,56	|2,45	|100	|2,15	|2,74	|1,59	|4,6	|2,63	|3,38	|2,23	|3,71	|3,71	|3,93	|23,92	|18,29	|12,98	|23,15	|17,58	|11,98	|100	|19,18	|17,54	|9,72	|11,98	|19,25	|13,17	|11,54	|18,84	|12,43	|11,2	|18,06	|16,73	|19,36	|15,76	|16,8	|19,07	|100	|18,06	|19,21	|18,95	|20,22	|18,29	|12,69	|12,65	|19,7	|14,65	|0	|12,05	|0	|22,92	|16,58	|11,68	|21,18	|16,21	|13,69	|20,73	|14,47	|13,35	|21,74	|16,17	|15,1	|15,65	|17,03	|0	|13,58	|20,03	|22	|18,62	|20,25	|
________________________________________________________
7	|3,74	|0	|2,31	|3,83	|3,14	|2,68	|100	|2,54	|2,26	|2,22	|2,49	|3	|3,51	|3,14	|3,88	|3,28	|24,79	|20,54	|14,96	|0	|14,08	|0	|18,19	|21,56	|15,79	|10,48	|13,34	|12,7	|18,61	|11,45	|16,67	|19,11	|13,76	|22,71	|19,25	|17,68	|16,76	|15,51	|0	|12,42	|20,41	|19,76	|18,01	|18,28	|17,36	|12,14	|13,02	|20,91	|100	|12,37	|16,53	|20,68	|22,39	|17,45	|11,08	|14,17	|22,11	|13,07	|16,44	|19,67	|18,33	|17,82	|16,76	|13,71	|16,85	|15,1	|20,64	|100	|16,02	|19,02	|17,96	|19,02	|
________________________________________________________
8	|4	|4,9	|1,98	|4,7	|3,39	|2,48	|1,85	|100	|2,35	|3,02	|1,28	|3,76	|2,85	|0	|3,9	|3,69	|24,78	|18,54	|13,33	|25,12	|19,51	|0	|12,53	|0	|17,36	|11,28	|13,53	|17,43	|15,45	|13,9	|22,43	|14,07	|20,42	|15,55	|23,07	|15,04	|16,02	|16,25	|22,13	|17,56	|14,84	|0	|17,66	|18,97	|19,14	|13,8	|11,69	|22,73	|13,06	|12,19	|100	|20,25	|22,67	|16,29	|12,12	|18,91	|18,6	|14,71	|18,84	|18,2	|17,63	|13,8	|19,34	|8,29	|16,45	|15,72	|21,93	|16,12	|100	|19,34	|20,01	|19,31	|
________________________________________________________
9	|4,81	|3,31	|2,41	|3,1	|4,65	|2,3	|2,62	|3,74	|100	|2,08	|1,6	|4,6	|3,31	|2,94	|3,42	|4,12	|16,03	|20,79	|13,04	|17,85	|18,87	|12,51	|16,19	|14,97	|22,39	|100	|12,13	|15,45	|18,07	|12,51	|19,35	|19,13	|20,74	|19,72	|21,91	|18,81	|100	|17,74	|18,6	|14,86	|19,03	|14,32	|18,97	|11,54	|11,28	|16,19	|12,4	|17,85	|15,45	|12,08	|16,68	|17	|0	|11,44	|0	|21,97	|20,31	|14,06	|18,87	|19,08	|18,65	|17,53	|19,03	|16,14	|15,55	|0	|17,69	|15,13	|18,01	|17,32	|21,91	|12,77	|
________________________________________________________
10	|3,22	|4,81	|2,28	|0	|3,67	|4,29	|1,66	|3,11	|1,35	|100	|2,49	|3,36	|3,08	|4,29	|0	|3,91	|20,66	|15,5	|14,26	|23,22	|20,31	|19,52	|15,99	|16,44	|20,31	|9,72	|11,59	|100	|18,34	|13,36	|18,86	|18,37	|21,04	|17,92	|20,38	|100	|16,23	|20,1	|16,89	|14,98	|19,9	|18,27	|17,4	|17,72	|17,37	|11,66	|14,15	|20,69	|10,21	|11,25	|15,54	|16,16	|27,23	|19,34	|0	|15,85	|0	|14,53	|19,55	|19,13	|20,07	|17,13	|0	|11,83	|19,86	|20,03	|18,51	|16,75	|15,61	|22,28	|15,99	|15,64	|
________________________________________________________
11	|0	|4,61	|2,56	|3,76	|2,48	|3,03	|2,3	|1,62	|1,28	|3,07	|100	|3,41	|2,9	|3,93	|4,01	|2,94	|19,04	|20,66	|15,28	|20,36	|15,83	|14,13	|15,92	|16,35	|0	|7,34	|0	|20,06	|17,41	|12,38	|18,1	|19,8	|20,87	|19,46	|0	|15,54	|20,23	|20,91	|17,37	|15,07	|15,45	|22,02	|15,96	|18,18	|18,78	|14,04	|14,13	|15,88	|13,19	|10,76	|15,71	|16,35	|25,78	|100	|11,69	|20,02	|20,49	|15,32	|18,91	|20,06	|18,18	|17,16	|19,42	|100	|17,16	|19,33	|19,04	|16,39	|10,33	|19,12	|14,81	|19,42	|
________________________________________________________
12	|3,77	|5,07	|1,77	|3,27	|2,09	|2,64	|1,88	|3,24	|2,49	|2,81	|2,32	|100	|0	|3,24	|3,79	|3,82	|23,81	|16,51	|13,62	|23,38	|13,62	|11,73	|16,16	|15,82	|19,12	|12,34	|0	|12,14	|0	|12,51	|18,22	|18,83	|20,74	|18,86	|21,12	|20,34	|15,73	|0	|18,37	|15,35	|16,51	|16,25	|21,44	|14,28	|18,34	|10,4	|12,43	|19,47	|9,94	|11,27	|16,71	|16,86	|25,93	|18,31	|12,4	|100	|21,47	|13,82	|18,71	|18,48	|18,48	|17,18	|18,71	|15,12	|100	|17,12	|17,99	|16,19	|16,34	|17,58	|19,96	|18,54	|
________________________________________________________
13	|3,08	|2,58	|1,79	|2	|4,83	|2,5	|3,17	|3,54	|2,58	|3,71	|2,83	|0	|100	|2,25	|2,17	|3,71	|21,42	|15,21	|12,21	|15,54	|20,46	|13,62	|13,83	|18	|18,79	|10,54	|14,96	|21,08	|100	|11	|15,79	|21,88	|17,04	|17,21	|20,54	|17	|18,71	|20,33	|20,62	|17	|22,42	|17,21	|100	|19,46	|17,21	|11,58	|11,25	|12,67	|16,96	|12,88	|16,96	|19,25	|25,42	|20	|15	|0	|11,62	|0	|20	|21	|15,04	|14,21	|17,38	|13,67	|21,5	|13,17	|21,54	|17,75	|20,67	|19,71	|13,54	|0	|
________________________________________________________
14	|2,52	|3,26	|1,63	|2,89	|3,15	|3,71	|2,52	|0	|2,04	|4,6	|3,41	|4,15	|2	|100	|3,08	|2,45	|21,95	|17,02	|13,31	|19,65	|16,83	|13,9	|17,87	|18,32	|19,39	|12,94	|12,83	|20,43	|14,94	|11,98	|100	|21,02	|16,72	|15,42	|14,53	|20,73	|14,98	|18,72	|19,76	|17,43	|18,95	|100	|15,42	|21,06	|17,65	|10,53	|13,35	|16,98	|12,72	|14,57	|20,73	|14,35	|24,92	|17,87	|13,68	|21,58	|17,46	|0	|11,53	|0	|18,84	|14,16	|15,65	|18,69	|16,17	|20,13	|20,39	|18,54	|0	|14,09	|19,47	|21,99	|
________________________________________________________
15	|3,38	|3,86	|2,48	|3,62	|0	|3,44	|2,89	|4	|2,2	|0	|3,24	|4,51	|1,79	|2,86	|100	|2,69	|22,22	|17,71	|11,71	|19,57	|21,39	|15,88	|16,4	|16,16	|18,84	|12,26	|14,12	|0	|9,54	|0	|20,22	|20,15	|17,57	|16,88	|17,22	|21,43	|16,53	|15,91	|20,39	|17,4	|0	|13,26	|20,15	|20,12	|17,15	|10,64	|16,22	|19,01	|14,54	|14,09	|17,5	|16,09	|25,11	|18,95	|15,29	|24,04	|100	|12,3	|16,26	|20,63	|15,88	|14,23	|19,5	|15,81	|16,36	|16,74	|19,36	|17,67	|20,12	|100	|17,22	|20,53	|
________________________________________________________
16	|3,03	|3,36	|1,15	|3,82	|4,15	|3,49	|2,34	|3,62	|2,54	|3,72	|2,27	|4,35	|2,93	|2,17	|2,57	|100	|22,88	|16,43	|13,2	|21,14	|17,09	|14,32	|20,88	|14,62	|19,26	|11,69	|13,9	|19,2	|18,6	|0	|11,52	|0	|18,93	|16,79	|20,88	|17,58	|21,3	|13,4	|21,8	|17,12	|21,7	|18,77	|13,96	|0	|16,4	|10,47	|11,95	|19	|12,15	|13,4	|19,03	|12,12	|26,77	|20,05	|13,17	|20,97	|18,97	|12,61	|100	|20,97	|17,16	|14,59	|17,32	|12,64	|19,26	|11,59	|20,15	|17,22	|18,7	|17,42	|100	|20,25	|
________________________________________________________
17	|3,64	|4,19	|0	|3,65	|3,21	|2,94	|2,45	|3,36	|1,37	|2,72	|2,03	|3,74	|2,34	|2,7	|2,94	|3,17	|100	|18,62	|14,19	|22,65	|19,04	|13,95	|19,06	|18,37	|18,06	|8,18	|11,66	|16,62	|14,7	|11,15	|16,67	|16,46	|18,24	|17,02	|19,1	|16,77	|15,97	|16,31	|17,33	|14,84	|17,02	|16,04	|16,65	|17,19	|14,66	|0	|13,05	|19,38	|15,04	|12,85	|18,79	|18,69	|25,42	|14,77	|12,64	|19,08	|16,81	|12,34	|17,11	|16,64	|16,94	|14,92	|16,74	|14,12	|16,42	|16,27	|18,29	|16,35	|16,84	|16,84	|16,67	|16,02	|
________________________________________________________
18	|19,6	|3,47	|1,21	|3,63	|3,11	|2,92	|2,63	|3,27	|2,3	|2,65	|2,86	|3,37	|2,16	|2,72	|3,04	|2,95	|24,19	|100	|12,16	|22,73	|19,12	|14,01	|18,45	|18,98	|19,82	|14,13	|11,83	|16,39	|14,79	|11,38	|16,53	|16,66	|18,26	|16,48	|19,6	|17,21	|15,95	|16,71	|17,7	|15,15	|17,09	|16,34	|16,23	|16,42	|0	|8,67	|0	|19,73	|14,99	|13,21	|19,2	|19,39	|19,36	|19,86	|12,02	|18,91	|17,25	|12,2	|16,67	|16,55	|16,72	|14,34	|17,07	|14,37	|16,57	|16,69	|18,15	|16,59	|16,78	|16,87	|17,03	|16,7	|
________________________________________________________
19	|3,03	|3,58	|0	|0	|3,56	|2,84	|2,63	|3,22	|1,98	|3,34	|2,91	|3,81	|2,38	|2,91	|2,76	|3,25	|25,29	|16,69	|100	|20,66	|20,94	|15,02	|18,68	|18,25	|18,59	|9,11	|14,34	|16,97	|14,95	|11	|16,8	|16,45	|22,23	|16,95	|19,01	|20,86	|18,61	|18,31	|20,14	|13,15	|17,09	|16,68	|16,45	|16,55	|20,41	|0	|9,66	|0	|15,93	|13,16	|18,39	|18,38	|23,81	|16,76	|13,4	|18,5	|17,13	|12,27	|16,61	|16,4	|20,51	|0	|0	|17,44	|18,4	|18,58	|19,8	|16,17	|16,51	|16,22	|17,01	|16,74	|
________________________________________________________
20	|3,24	|17,85	|2,2	|2,24	|3,2	|3,11	|0	|3,73	|1,67	|3,35	|2,38	|4,02	|1,86	|2,64	|2,83	|3,2	|24,81	|19,16	|12,7	|100	|19,48	|13,77	|18,74	|18,43	|16,62	|10,74	|11,05	|18,99	|11,76	|11,45	|16,62	|16,03	|17,86	|17,85	|19,08	|17,05	|16,77	|16,92	|16,97	|15,22	|16,95	|16,43	|16,59	|16,56	|19,05	|13,06	|0	|14,46	|0	|13,84	|19,32	|19,04	|23,05	|16,93	|11,96	|22,04	|14,93	|13,05	|16,77	|17,04	|16,26	|14,86	|16,52	|14,32	|16,51	|16,72	|18,62	|16,38	|16,86	|17,08	|16,87	|16,58	|
________________________________________________________
21	|3,74	|3,94	|2,18	|0	|16,86	|2,79	|1,79	|3,41	|2,07	|3,45	|2,18	|2,76	|2,89	|2,67	|3,65	|3,05	|24,57	|19	|15,16	|22,95	|100	|11,91	|19,4	|18,78	|16,5	|10,43	|12,92	|19,49	|17,68	|11,03	|16,55	|16,61	|17,72	|16,26	|19,13	|17,43	|16,2	|16,4	|17,79	|15,26	|16,86	|16,31	|16,91	|16,87	|18,97	|12,82	|13,29	|0	|10,43	|0	|19,46	|18,86	|23,13	|17,01	|11,94	|15,7	|20,95	|12,5	|16,77	|17,15	|16,82	|14,59	|16,52	|13,78	|15,96	|16,21	|18,15	|16,48	|16,8	|16,77	|16,46	|16,53	|
________________________________________________________
22	|3,6	|3,73	|1,77	|3,49	|2,54	|2,62	|0	|0	|1,9	|4,57	|2,68	|3,28	|2,65	|3,04	|3,74	|3,53	|24,83	|19,2	|15	|22,38	|16,42	|100	|17,62	|20,13	|16,71	|10,58	|12,24	|18,38	|13,08	|13,27	|16,67	|16,94	|17,87	|16,46	|17,74	|19,2	|16,42	|16,34	|22,44	|14,62	|16,89	|19,41	|18,43	|18,39	|18,45	|12,48	|12,64	|20,14	|0	|9,57	|0	|20,32	|23	|16,3	|11,42	|19,96	|17,29	|13,26	|16,68	|16,87	|16,15	|14,85	|16,76	|15,94	|16,08	|16,24	|22,37	|0	|0	|20,15	|18,6	|18	|
________________________________________________________
23	|3,87	|4,2	|1,86	|3,36	|2,99	|16,24	|2,37	|2,25	|1,83	|2,78	|2,25	|3,36	|2	|2,9	|2,87	|3,82	|25,21	|18,79	|13,87	|22,63	|19,89	|13,1	|100	|19,51	|16,73	|10,6	|11,88	|16,81	|15	|10,06	|18,95	|12	|18,3	|16,37	|19,26	|16,77	|15,96	|16,76	|17,22	|16,24	|17,4	|16,15	|16,48	|17,19	|18,86	|12,94	|12,31	|18,95	|14,8	|0	|13,19	|0	|22,91	|16,47	|12,37	|18,83	|16,69	|11,82	|21,01	|14,52	|16,11	|15,59	|16,56	|13,72	|16,68	|16,58	|18,12	|15,89	|16,42	|16,95	|17,04	|17,57	|
________________________________________________________
24	|3,73	|4,25	|1,84	|3,36	|3,64	|3,11	|2,81	|0	|1,69	|2,86	|2,31	|3,29	|2,6	|2,97	|2,82	|2,67	|24,28	|19,31	|13,53	|22,25	|19,24	|14,95	|19,5	|100	|16,94	|10,45	|12,24	|16,94	|14,67	|12,68	|18,45	|19,19	|18,19	|16,85	|19,43	|17,04	|16,12	|16,04	|17,12	|14,28	|17,27	|16,18	|15,7	|16,77	|18,95	|12,69	|11,8	|19,15	|15,33	|14	|0	|8,32	|23,35	|16,57	|11,78	|18,19	|16,94	|12,43	|14,18	|21,95	|16,5	|15,11	|16,89	|13,64	|16,09	|16,77	|17,87	|15,83	|16,14	|16,4	|16,49	|16,14	|
________________________________________________________
25	|3,96	|3,91	|1,34	|2,91	|2,87	|2,85	|2,06	|3,12	|2,53	|3,54	|0	|3,98	|2,72	|3,15	|3,3	|3,53	|23,9	|20,19	|13,8	|20,08	|16,92	|12,42	|16,74	|16,95	|100	|14,2	|14,89	|18,95	|17,28	|12,57	|19,01	|18,78	|18,16	|17,12	|19,1	|17,26	|15,81	|16,57	|17,83	|15,27	|17,29	|16,39	|16,24	|16,65	|20,13	|9,16	|10,86	|16,58	|13,23	|11,81	|17,13	|16,86	|19,31	|0	|14,57	|20,85	|19,3	|13,77	|18,83	|19,29	|17,13	|14,71	|16,72	|14,14	|16,34	|16,57	|18,43	|16,13	|16,69	|16,79	|16,84	|17,13	|
________________________________________________________
26	|4,46	|2,87	|2,22	|2,88	|2,97	|2,49	|2,15	|3,19	|17,75	|2,67	|1,63	|4,04	|2,4	|3,31	|3,38	|3,37	|17,05	|22,66	|10,66	|20,44	|16,84	|12,38	|16,69	|16,46	|22,36	|100	|11,77	|18,59	|16,7	|12,39	|18,68	|18,97	|17,97	|16,42	|18,93	|17,6	|17,75	|16,5	|17,99	|14,81	|17,1	|16,31	|15,8	|16,28	|10,7	|15,97	|10,67	|17,51	|13,12	|11,77	|16,49	|16,84	|0	|11,18	|0	|20,89	|19,75	|13,86	|18,72	|19,35	|16,25	|14,74	|16,48	|14,42	|16,36	|15,89	|17,85	|15,75	|16,43	|16,81	|16,81	|16,82	|
________________________________________________________
27	|3,83	|4,1	|1,66	|3,67	|4,41	|2,72	|2,43	|3,39	|1,91	|2,82	|0	|0	|3,02	|2,91	|3,45	|3,55	|21,57	|16,85	|14,89	|18,66	|18,52	|12,72	|16,61	|17,13	|20,82	|10,45	|100	|16,79	|17,9	|13,41	|18,41	|17,7	|20,35	|18,68	|22,31	|16,9	|16,59	|20,88	|18,41	|15,45	|19,18	|14,68	|16,92	|16,97	|16,65	|10,8	|12,84	|17,1	|15,01	|12,05	|16,92	|17,08	|28,46	|0	|10,2	|0	|20,83	|13,97	|18,43	|18,12	|18,49	|16,65	|20,65	|0	|0	|20,73	|17,62	|16,16	|18,58	|16,77	|16,91	|16,65	|
________________________________________________________
28	|3,25	|3,88	|1,63	|3,25	|3,31	|3,1	|1,65	|3,1	|1,73	|17,29	|2,81	|2,51	|3,03	|3,3	|0	|3,49	|21,82	|16,58	|12,51	|22,77	|19,84	|13,56	|16,7	|16,83	|18,81	|11,72	|11,92	|100	|18,7	|13,91	|18,77	|19,14	|18,3	|16,29	|18,89	|17,29	|16,23	|16,64	|17,39	|14,67	|17,4	|15,85	|16,43	|17,13	|16,95	|11,38	|10,98	|20,73	|10,5	|11,82	|16,52	|16,41	|25,68	|18,51	|0	|15,03	|0	|14,3	|18,77	|19	|16,85	|14,64	|16,27	|13,93	|16,01	|16,59	|18,76	|16,47	|17,4	|16,89	|16,21	|16,7	|
________________________________________________________
29	|3,57	|2,88	|1,82	|2,43	|3,42	|2,39	|2,71	|3,09	|2,27	|3,56	|2,74	|0	|16,14	|2,71	|1,86	|3,8	|21,71	|16,81	|12,39	|15,85	|20,23	|10,85	|16,74	|16,39	|19,28	|11,83	|14,29	|21,02	|100	|11,44	|18,93	|19,1	|17,74	|16,86	|20,25	|16,82	|15,53	|16,7	|18,05	|15,04	|17,29	|15,94	|16,14	|17,28	|16,94	|11,38	|11,71	|13,36	|17,62	|11,4	|17,1	|16,8	|25,8	|18,68	|14,5	|0	|11,48	|0	|19,4	|19,12	|16,08	|14,57	|17,64	|13,35	|16	|16,54	|18,21	|16,04	|16,8	|16,48	|15,94	|17,31	|
________________________________________________________
30	|3,32	|4,04	|1,5	|2,77	|3,61	|2,76	|2,2	|3,68	|2,08	|3,43	|2,57	|3,83	|2,34	|2,87	|0	|0	|21,72	|17,08	|12,03	|20,37	|16,65	|14,53	|14,82	|18,7	|18,51	|11,59	|14,13	|20,65	|15,1	|100	|17,28	|19,72	|17,91	|17,3	|19,12	|16,97	|14,74	|18,97	|19,7	|16,68	|21,4	|16,16	|15,85	|19,96	|16,09	|11,04	|10,69	|16,84	|12,82	|12,5	|16,15	|18,54	|26,05	|18,69	|13,93	|21,82	|0	|10,93	|0	|20,16	|16,48	|14,73	|16,89	|14,07	|16,06	|18,09	|20,08	|18,13	|20,66	|0	|0	|20,81	|
________________________________________________________
31	|3,42	|3,8	|1,68	|3,09	|2,9	|3,09	|2,19	|4,06	|2,2	|3,31	|2,58	|3,82	|2,3	|16,39	|3,57	|2,13	|22,24	|16,98	|12,58	|20,26	|17,11	|12,5	|19,12	|18,62	|19,17	|11,96	|13,28	|19,07	|17,12	|11,83	|100	|20,71	|18,62	|16,96	|18,79	|17,18	|16,37	|16,75	|17,61	|15,05	|17,1	|16,39	|16,2	|16,65	|17,14	|10,98	|11,09	|16,97	|13,55	|11,61	|21,13	|14,12	|25,69	|18,39	|13,86	|21,02	|19,28	|0	|12,37	|0	|16,84	|14,53	|17,09	|14,27	|16,02	|16,98	|17,91	|16,05	|16,71	|16,82	|16,34	|17,06	|
________________________________________________________
32	|3,23	|3,42	|1,54	|2,84	|3,03	|2,03	|2,5	|2,53	|2,16	|3,21	|2,81	|3,93	|3,17	|3,43	|3,54	|0	|21,85	|17,03	|12,26	|19,44	|17,09	|12,64	|12,05	|19,28	|18,84	|12,09	|12,71	|19,35	|17,18	|13,43	|20,61	|100	|18,08	|17,11	|19,36	|16,72	|16,69	|16,64	|17,7	|14,9	|16,82	|16,35	|16,29	|16,18	|16,89	|11,31	|11,04	|16,96	|13,43	|12,6	|13,76	|21,92	|25,85	|19,3	|13,64	|21	|18,99	|14,62	|0	|9,09	|16,67	|14,55	|16,69	|14,13	|16,31	|16,16	|18,07	|16,26	|16,73	|17,01	|16,19	|16,23	|
________________________________________________________
33	|4,28	|4,05	|0	|3,58	|2,91	|1,66	|1,64	|3,34	|2,13	|3,34	|2,69	|3,94	|2,25	|2,48	|2,8	|3,16	|22,02	|16,97	|15,06	|19,69	|16,58	|12,13	|16,71	|16,62	|16,57	|10,42	|13,29	|16,82	|14,51	|11,1	|16,85	|16,44	|100	|18,45	|21,94	|19,43	|18,6	|18,64	|20,25	|9,89	|17,34	|15,87	|16,48	|16,89	|16,4	|11,37	|13,54	|16,81	|12,59	|13,04	|16,5	|16,76	|22,57	|16,81	|13,33	|18,71	|16,71	|12,36	|16,62	|16,87	|15,09	|0	|19,04	|15,63	|19,08	|18,63	|22,89	|14,06	|17,08	|16,68	|17,13	|16,53	|
________________________________________________________
34	|3,08	|21,29	|1,48	|3,62	|2,47	|2,9	|2,93	|2,75	|2,2	|3,08	|2,71	|3,87	|2,46	|2,47	|2,92	|3,03	|22,23	|16,57	|12,43	|21,29	|16,46	|12,08	|16,16	|16,65	|16,9	|10,29	|13,19	|16,2	|14,92	|11,59	|16,6	|16,84	|19,95	|100	|21,74	|19,28	|19,29	|19,1	|19,98	|16,84	|16,99	|16,01	|16,78	|17,18	|16,78	|11,45	|0	|17,09	|12,66	|11,54	|16,47	|16,67	|22,55	|16,76	|13,78	|18,72	|17,62	|12,21	|16,46	|16,54	|0	|13,09	|19,09	|16,29	|18,75	|19,17	|16,5	|22,11	|16,75	|16,57	|16,76	|16,38	|
________________________________________________________
35	|17,28	|3,78	|2,1	|2,84	|3,18	|2,35	|2,18	|3,58	|2,14	|3,07	|0	|3,8	|2,57	|2,05	|2,61	|3,31	|21,88	|17,28	|12,22	|19,96	|16,98	|11,42	|16,68	|16,84	|16,54	|10,41	|13,82	|16,48	|15,71	|11,24	|16,13	|16,7	|20,81	|19,06	|100	|18,56	|18,63	|18,8	|17,7	|15,08	|19,15	|11,72	|16,5	|16,62	|16,34	|11,67	|0	|17,24	|13,41	|11,5	|16,47	|16,76	|22,98	|16,43	|14,64	|17,49	|17,04	|13,04	|16,86	|16,34	|18,65	|17,22	|15,63	|0	|18,74	|17,92	|18,19	|15,99	|21,27	|15,08	|16,86	|16,86	|
________________________________________________________
36	|3,63	|4,43	|2,18	|0	|3,36	|3,05	|2,24	|2,62	|2,06	|16,91	|2,13	|4,11	|2,39	|3,27	|3,64	|3,12	|21,54	|17,01	|15,03	|19,99	|17,35	|13,85	|16,28	|16,56	|16,75	|10,85	|11,73	|16,91	|14,63	|11,18	|16,53	|16,17	|20,66	|18,95	|20,81	|100	|19,85	|19,22	|17,64	|15,1	|19,58	|19,02	|16,85	|17	|16,6	|11,59	|13,61	|16,65	|13,06	|11,41	|16,72	|16,57	|22,68	|16,41	|0	|18,75	|17,34	|12,05	|16,97	|16,35	|19,09	|16,97	|0	|12,96	|19,19	|18,43	|17,96	|16,17	|14,23	|21,78	|17,01	|16,7	|
________________________________________________________
37	|3,58	|4,31	|1,8	|3,01	|2,85	|2,57	|2,19	|2,88	|11,31	|2,84	|2,87	|3,28	|2,71	|2,44	|2,9	|3,91	|21,21	|16,3	|13,87	|20,33	|16,66	|12,24	|16,02	|16,19	|15,86	|11,31	|11,91	|16,4	|13,96	|10,04	|16,29	|16,69	|20,44	|19,6	|21,59	|20,52	|100	|18,23	|17,71	|15,24	|16,82	|17	|19,13	|12,01	|16,8	|11,41	|12,31	|16,81	|13,05	|11,95	|16,43	|16,86	|22,47	|16,83	|0	|18,33	|16,85	|12,62	|17,25	|16,89	|19,14	|16,96	|18,29	|16,42	|14,81	|0	|17,82	|16,25	|16,19	|16,79	|21,5	|14,16	|
________________________________________________________
38	|3,76	|4,16	|2,08	|3,42	|2,78	|2,74	|2,03	|2,93	|2,01	|3,52	|2,97	|0	|2,95	|3,06	|2,8	|2,46	|21,68	|17,09	|13,65	|20,54	|16,89	|12,2	|16,84	|16,13	|16,64	|10,53	|15	|16,84	|15,03	|12,93	|16,68	|16,66	|20,51	|19,43	|21,81	|19,88	|18,25	|100	|17,52	|14,88	|17,13	|16,9	|18,99	|19,19	|16,98	|11,81	|11,92	|16,96	|12,33	|11,61	|17,06	|16,94	|22,19	|16,72	|14,39	|17,4	|16,95	|11,84	|15,68	|16,28	|18,66	|17,87	|18,73	|16,38	|0	|14,92	|18,19	|16,25	|16,44	|16,81	|13,99	|21,71	|
________________________________________________________
39	|3,62	|3,97	|1,42	|2,88	|3,47	|2,9	|0	|3,72	|1,96	|2,75	|2,3	|3,58	|2,79	|3,01	|3,34	|3,73	|21,47	|16,88	|14	|19,2	|17,07	|15,62	|16,12	|16,05	|16,69	|10,7	|12,33	|16,4	|15,14	|12,52	|16,35	|16,51	|20,77	|18,94	|19,14	|17,01	|16,52	|16,33	|100	|16,17	|19,43	|18,19	|18,73	|19,06	|16,77	|11,67	|11,23	|16,71	|13,16	|13,53	|16,42	|15,84	|22,69	|16,63	|11,95	|18,58	|17,14	|13,63	|16,98	|16,54	|21,37	|12,12	|16,34	|14,34	|16,12	|16,43	|17,22	|0	|19,27	|19,1	|19,45	|18,54	|
________________________________________________________
40	|2,76	|4,13	|2,29	|3,01	|2,92	|18	|1,8	|3,49	|1,86	|2,89	|2,36	|3,54	|2,72	|3,14	|3,37	|3,47	|21,75	|17,09	|10,81	|20,37	|17,34	|12,04	|18	|15,83	|16,91	|10,42	|12,24	|16,37	|14,93	|12,54	|16,53	|16,45	|12,01	|18,89	|19,3	|17,24	|16,82	|16,41	|19,13	|100	|19,68	|17,96	|18,73	|19,16	|16,74	|10,93	|10,89	|16,69	|13,56	|0	|16,69	|16,73	|22,31	|16,45	|11,97	|18,53	|17,12	|13,68	|16,59	|16,35	|13	|21,35	|16,7	|13,8	|16,29	|16,29	|0	|13,68	|20,05	|19,43	|19,1	|18,79	|
________________________________________________________
41	|3,64	|3,36	|1,49	|3,65	|16,77	|2,85	|2,58	|2,58	|2,08	|3,36	|2,12	|3,33	|3,14	|2,99	|0	|3,85	|21,84	|16,88	|12,31	|19,87	|16,77	|12,18	|16,88	|16,76	|16,77	|10,53	|13,31	|17	|15,03	|14,09	|16,45	|16,25	|18,43	|16,69	|21,45	|19,56	|16,25	|16,54	|20,13	|17,24	|100	|18,19	|18,92	|19,07	|16,79	|11,04	|11,48	|16,8	|13,62	|0	|16,5	|16,56	|23,24	|16,99	|12,09	|18,1	|17,22	|14,91	|16,53	|16,81	|16,76	|15,3	|21,2	|11,93	|16,59	|15,93	|20,33	|18,16	|14,67	|0	|19,31	|18,77	|
________________________________________________________
42	|2,46	|3,43	|1,75	|2,37	|3,18	|3,18	|2,62	|0	|1,64	|3,24	|3,16	|3,44	|2,53	|16,53	|2,36	|3,49	|21,59	|16,93	|12,6	|20,2	|17,01	|14,68	|16,43	|16,48	|16,67	|10,54	|10,68	|16,24	|14,53	|11,16	|16,53	|16,57	|17,69	|16,5	|13,77	|19,93	|17,23	|17,12	|19,76	|16,5	|19,08	|100	|19,53	|19,73	|16,66	|10,87	|12,88	|16,26	|13,04	|13,96	|16,55	|16,37	|23,02	|17	|12,03	|18,62	|16,01	|0	|16,2	|16,86	|16,96	|14,64	|14,27	|19,31	|16,56	|16,94	|20,58	|18,56	|0	|14,78	|19,22	|19,32	|
________________________________________________________
43	|3,25	|3,56	|1,53	|2,79	|3,38	|3,1	|2,37	|3,19	|2,15	|3,05	|2,27	|4,49	|14,56	|2,52	|3,55	|2,57	|22,18	|16,65	|12,3	|20,19	|17,46	|13,8	|16,6	|15,82	|16,35	|10,1	|12,19	|16,66	|14,56	|10,84	|16,18	|16,34	|18,18	|17,11	|19,19	|17,47	|19,2	|19,03	|20,14	|17,03	|19,65	|19,33	|100	|19,34	|16,55	|11,02	|11,16	|16,3	|12,95	|12,88	|16,55	|16,49	|23,31	|16,73	|12,29	|18,49	|17,33	|0	|16,6	|16,73	|16,32	|14,68	|16,53	|14,37	|21,51	|14,12	|20,87	|18,59	|18,83	|19,71	|14,17	|0	|
________________________________________________________
44	|3,28	|3,66	|1,77	|3,02	|3,1	|3,25	|2,36	|3,37	|1,29	|3,05	|2,54	|2,94	|2,78	|3,38	|3,48	|0	|22,48	|16,53	|12,14	|19,78	|17,1	|13,51	|17	|16,59	|16,46	|10,22	|12	|17,05	|15,31	|13,39	|16,32	|15,93	|18,29	|17,2	|18,98	|17,31	|11,83	|18,89	|20,13	|17,1	|19,43	|19,17	|18,99	|100	|16,63	|11,3	|10,86	|16,91	|13,32	|13,11	|16,71	|16,6	|23,1	|16,63	|12,98	|18,4	|16,74	|14,93	|15,92	|16,47	|17,14	|15,18	|16,66	|14,22	|13,76	|21,68	|20,96	|18,46	|19,05	|19,88	|0	|14,41	|
________________________________________________________
45	|0	|4,18	|2,11	|3,57	|3,36	|2,95	|2,25	|3,41	|1,26	|3	|2,63	|3,78	|2,47	|2,84	|2,98	|2,98	|19,23	|0	|15,03	|22,82	|19,29	|13,6	|18,71	|18,81	|19,96	|6,74	|11,81	|16,94	|15,06	|10,83	|16,85	|16,69	|17,82	|16,86	|18,72	|16,95	|16,6	|16,76	|17,77	|14,99	|17,17	|16,24	|16,3	|16,69	|100	|13,72	|13,79	|19,38	|15,43	|12,57	|19	|18,3	|26,24	|20,07	|13,29	|18,72	|17,11	|12,09	|16,39	|16,4	|16,58	|14,99	|16,32	|14,14	|16,27	|16,34	|18,34	|16,18	|17,05	|16,24	|16,86	|16,54	|
________________________________________________________
46	|2,75	|4,12	|14,7	|2,78	|3,03	|3,03	|2,33	|3,64	|2,68	|2,99	|2,92	|3,18	|2,46	|2,52	|2,74	|2,82	|0	|12,98	|0	|23,21	|19,33	|13,64	|19,03	|18,68	|13,47	|14,91	|11,36	|16,85	|14,99	|11,02	|16	|16,57	|18,32	|17,06	|19,81	|17,56	|16,72	|17,3	|18,32	|14,51	|16,74	|15,72	|16,09	|16,82	|20,33	|100	|11,54	|19,29	|14,97	|13,27	|19,09	|19,22	|18,59	|20,49	|10,85	|18,21	|16,95	|12,24	|16,51	|17,5	|16,95	|14,7	|16,39	|14,12	|17,23	|16,91	|18,55	|16,14	|17,01	|16,5	|16,21	|17,25	|
________________________________________________________
47	|0	|0	|1,7	|2,82	|3,62	|3,08	|2,55	|3,15	|2,1	|3,7	|2,99	|3,88	|2,44	|3,25	|4,26	|3,28	|25,9	|0	|10,76	|0	|20,44	|14,09	|18,47	|17,72	|16,29	|10,16	|13,78	|16,59	|15,75	|10,89	|16,49	|16,51	|22,26	|0	|0	|21,03	|18,41	|17,81	|18	|14,75	|17,76	|18,99	|16,63	|16,48	|20,86	|11,77	|100	|17,13	|16,68	|13,94	|18,38	|18,12	|22,8	|16,84	|14,12	|17,28	|19,09	|12,02	|16,72	|16,76	|20,39	|14,88	|16,54	|17,4	|18,09	|17,99	|17,81	|15,85	|14,7	|18,53	|17	|16,43	|
________________________________________________________
48	|4,3	|3,19	|1,8	|17,06	|0	|3,15	|2,69	|4,01	|1,98	|3,54	|2,2	|3,98	|1,8	|2,71	|3,27	|3,42	|25,23	|19,77	|0	|17,18	|0	|14,73	|18,64	|18,85	|16,31	|10,94	|12,03	|20,54	|11,78	|11,24	|16,55	|16,62	|18,11	|17,03	|19,58	|16,87	|16,48	|16,61	|17,55	|14,82	|17,04	|15,72	|15,92	|16,83	|19,22	|12,9	|11,23	|100	|16,15	|14,04	|20,02	|18,94	|22,91	|16,61	|12,51	|21,49	|20,12	|13,43	|16,77	|16,54	|16,16	|15,16	|17,06	|13,66	|16,07	|16,34	|17,97	|16,32	|16,65	|17,15	|16,88	|17,19	|
________________________________________________________
49	|3,76	|0	|2,08	|3,68	|2,37	|2,98	|16,32	|2,93	|2,18	|2,22	|2,33	|2,58	|3,07	|2,58	|3,18	|2,78	|24,88	|19,1	|14,79	|0	|13,38	|0	|18,51	|19,19	|16,54	|10,42	|13,43	|13,23	|19,75	|10,88	|16,8	|16,74	|17,26	|16,04	|19,37	|16,83	|16,26	|15,35	|17,58	|15,31	|17,56	|16,03	|16,09	|16,85	|19,46	|12,73	|13,9	|20,53	|100	|11,48	|19,24	|19,37	|22,98	|16,69	|11,57	|13,5	|20,58	|11,06	|16,68	|16,74	|16,3	|15,2	|16,67	|13,96	|16,28	|16,76	|17,59	|16,32	|16,59	|16	|16,9	|16,48	|
________________________________________________________
50	|3,79	|4,26	|1,74	|3,52	|0	|0	|2,33	|3,15	|1,96	|2,82	|2,19	|3,38	|2,68	|3,41	|3,55	|3,53	|24,48	|19,37	|14,08	|24,08	|0	|10,24	|0	|20,18	|17,01	|10,76	|12,42	|17,15	|14,72	|12,22	|16,58	|18,09	|20,58	|16,83	|19,14	|16,93	|17,16	|16,65	|20,82	|0	|0	|19,77	|18,42	|19,1	|18,26	|13	|13,38	|20,56	|13,22	|100	|17,46	|20,35	|23,27	|16,66	|11,73	|18,31	|16,9	|14,61	|15,15	|18,14	|18,94	|13,26	|16,63	|14,07	|16	|16,97	|21,31	|16,62	|17,32	|20,7	|19,01	|18,62	|
________________________________________________________
51	|3,51	|4,05	|2,07	|3,33	|3,62	|1,95	|2,14	|17,83	|1,87	|2,69	|2,2	|3,45	|2,44	|3,35	|3,04	|3,46	|24,69	|19,43	|13,56	|23,19	|19,82	|0	|13,1	|0	|17,02	|10,4	|12,03	|16,53	|15,22	|10,89	|20,81	|13,62	|17,96	|16,58	|18,89	|17,11	|16,26	|16,88	|17,42	|14,97	|16,91	|16,16	|16,32	|16,79	|19,03	|12,9	|12,17	|20,22	|15,28	|12,04	|100	|20,23	|22,62	|16,59	|12,4	|18,22	|17,29	|12,48	|19,28	|18,8	|16,44	|15,26	|16,58	|13,76	|16,54	|16,44	|17,97	|16,65	|17,83	|16,73	|17,06	|16,89	|
________________________________________________________
52	|3,63	|4,01	|2,11	|3,28	|3,37	|0	|2,69	|3,62	|1,91	|2,8	|2,3	|3,49	|2,77	|2,32	|2,8	|2,21	|24,61	|19,67	|13,58	|22,9	|19,25	|15,04	|0	|8,29	|16,78	|10,65	|12,17	|16,46	|14,99	|12,53	|13,94	|21,74	|18,28	|16,81	|19,28	|16,99	|16,73	|16,79	|16,84	|15,03	|17	|16,02	|16,3	|16,72	|18,37	|13,01	|12,02	|19,17	|15,42	|14,07	|20,28	|100	|22,81	|17,16	|12,19	|17,91	|16,77	|12,24	|12,14	|18,75	|16,31	|15,69	|16,7	|14,2	|16,5	|17,01	|17,88	|16,44	|16,41	|16,5	|16,76	|16,03	|
________________________________________________________
53	|2,74	|3,65	|1,35	|2,85	|2,88	|2,7	|2,12	|2,94	|0	|3,43	|2,63	|3,9	|2,66	|2,93	|3,18	|3,55	|24,35	|14,27	|12,8	|20,16	|17,17	|12,38	|16,59	|16,92	|13,98	|0	|14,74	|18,73	|16,74	|12,8	|18,44	|18,65	|17,9	|16,54	|19,21	|16,91	|16,21	|15,99	|17,54	|14,58	|17,35	|16,38	|16,76	|16,92	|19,16	|9,15	|11	|16,86	|13,3	|11,7	|16,48	|16,59	|100	|19,2	|13,69	|21,66	|19,21	|13,89	|19,06	|19,26	|16,25	|14,95	|16,56	|13,91	|16,57	|16,22	|18,03	|16,28	|16,94	|16,98	|17,07	|16,49	|
________________________________________________________
54	|4	|3,8	|2,1	|2,95	|2,97	|2,68	|2,27	|2,91	|1,28	|3,35	|14,05	|3,79	|2,88	|2,89	|3,3	|3,65	|19,44	|20,13	|12,38	|20,35	|17,35	|12,06	|16,39	|16,5	|0	|7,06	|0	|18,56	|16,65	|12,62	|18,14	|19,14	|18,33	|16,89	|18,88	|16,82	|16,68	|16,56	|17,67	|14,77	|17,43	|16,63	|16,53	|16,74	|20,14	|13,87	|11,17	|16,8	|13,28	|11,5	|16,62	|17,15	|26,38	|100	|12,67	|22,07	|19,21	|14,44	|19,04	|19,6	|16,67	|15,47	|17,04	|14,05	|17,21	|16,07	|18,68	|16,24	|16,69	|16,52	|16,94	|16,59	|
________________________________________________________
55	|4,12	|4,08	|1,8	|3,7	|2,84	|2,62	|2	|3	|0	|0	|2,28	|3,56	|2,99	|3,07	|3,69	|3,33	|23,09	|16,89	|13,73	|19,94	|16,89	|11,72	|17,09	|16,28	|20,1	|0	|10,07	|0	|17,94	|13,05	|18,97	|18,76	|20,15	|19,27	|23,35	|0	|0	|19,77	|17,62	|14,91	|17,2	|16,33	|16,85	|18,13	|18,5	|10,19	|12,99	|17,56	|12,77	|11,24	|17,24	|16,9	|26,1	|17,58	|100	|19,16	|20,78	|14,89	|18,85	|19,42	|18,49	|16,74	|19,96	|13,82	|16,55	|20,2	|17,73	|16,12	|16,76	|16,12	|14,88	|17,9	|
________________________________________________________
56	|3	|4,38	|1,51	|3,02	|2,48	|3,09	|1,66	|3,05	|2,22	|2,48	|2,54	|18,67	|0	|3,15	|3,78	|3,45	|22,66	|17,3	|12,33	|23,91	|14,45	|13,32	|16,91	|16,34	|18,72	|11,91	|0	|13,59	|0	|13,3	|18,71	|18,78	|18,4	|17,02	|18,13	|17,34	|16,4	|15,55	|17,81	|15,02	|16,75	|16,43	|16,48	|16,71	|16,95	|11,12	|10,34	|19,62	|9,69	|11,41	|16,47	|16,15	|26,85	|19,92	|12,46	|100	|20,93	|13,89	|18,87	|19,17	|16,77	|15,15	|15,32	|14,96	|18,67	|15,74	|18,16	|15,95	|16,5	|17,24	|16,97	|16,73	|
________________________________________________________
57	|3,31	|3,56	|1,86	|3,57	|3,68	|2,56	|2,81	|3,25	|2,23	|0	|2,81	|4,35	|1,64	|2,76	|17,02	|3,38	|21,65	|17,09	|12,37	|17,55	|20,91	|12,51	|16,25	|16,5	|18,78	|12,2	|14,5	|0	|10,01	|0	|18,6	|18,42	|17,82	|17,36	|19,16	|17,38	|16,34	|16,43	|17,82	|15,04	|17,28	|15,32	|16,75	|16,48	|16,79	|11,22	|12,39	|19,91	|16,02	|11,42	|16,94	|16,39	|25,82	|18,8	|14,65	|22,69	|100	|13,14	|19,56	|19,86	|16,23	|14,54	|16,69	|13,81	|16,44	|16,27	|17,82	|16,36	|17,37	|17,02	|17,21	|16,51	|
________________________________________________________
58	|3,41	|3,5	|1,76	|4,13	|3,76	|3,03	|2,33	|3,6	|2,16	|3,45	|2,95	|3,92	|0	|0	|2,93	|3,15	|22,27	|16,94	|12,43	|21,5	|17,48	|13,44	|16,12	|16,96	|18,78	|12,01	|13,62	|19,65	|0	|10,12	|0	|19,86	|18,47	|16,86	|20,54	|16,93	|17,15	|16,08	|19,85	|16,85	|20,96	|0	|0	|20,6	|16,62	|11,35	|10,93	|18,61	|12,06	|13,83	|17,13	|16,77	|26,17	|19,79	|14,71	|21,1	|18,42	|100	|17,9	|20,14	|17,28	|15,32	|17,89	|12,81	|16,44	|15,76	|20	|17,91	|19,95	|16,42	|17,06	|19,76	|
________________________________________________________
59	|3,38	|3,37	|1,7	|3,02	|2,94	|3,37	|2,14	|3,38	|2,13	|3,4	|2,67	|3,89	|2,89	|1,87	|2,84	|18,29	|22,63	|16,96	|12,33	|20,25	|17,19	|12,39	|21,01	|14,18	|18,82	|11,88	|13,18	|18,9	|17,37	|0	|12,26	|0	|18,19	|16,66	|19,46	|17,47	|17,18	|15,6	|18,12	|14,97	|17,04	|15,92	|16,48	|16,1	|16,52	|11,22	|11,14	|17,04	|13,33	|10,51	|19,39	|12,18	|26,31	|19,13	|13,65	|21,01	|20,08	|13,12	|100	|21,13	|16,68	|14,97	|16,8	|14,27	|16,46	|15,89	|18,15	|16,48	|16,84	|17,08	|18,29	|15,92	|
________________________________________________________
60	|2,96	|3,64	|1,83	|2,87	|2,99	|2,32	|2,54	|3,23	|2,12	|3,29	|2,8	|3,8	|3	|0	|3,57	|3,79	|21,74	|16,65	|12,03	|20,34	|17,37	|12,39	|14,35	|21,7	|19,05	|12,14	|12,8	|18,91	|16,92	|13,52	|0	|8,95	|18,26	|16,55	|18,64	|16,64	|16,63	|16	|17,45	|14,58	|17,12	|16,37	|16,42	|16,46	|16,33	|11,76	|11,04	|16,61	|13,22	|12,44	|18,69	|18,61	|26,27	|19,46	|13,9	|21,09	|20,16	|14,59	|20,88	|100	|16,48	|15,63	|16,5	|14,49	|16,21	|16,37	|17,39	|16,34	|16,56	|16,27	|16,13	|15,86	|
________________________________________________________
61	|4,21	|0	|1,84	|3,28	|2,94	|2,16	|2,39	|3,15	|2,1	|3,49	|2,56	|3,83	|2,17	|3,05	|2,77	|3,13	|22,35	|16,98	|15,19	|19,6	|17,19	|11,97	|16,07	|16,47	|17,08	|10,29	|13,19	|16,93	|14,37	|11,15	|16,65	|16,57	|16,49	|0	|21,48	|19,61	|19,02	|18,53	|22,76	|11,7	|17,23	|16,62	|16,16	|17,29	|16,67	|11,5	|13,55	|16,39	|13	|13,11	|16,5	|16,34	|22,38	|16,71	|13,36	|18,63	|16,63	|12,64	|16,64	|16,64	|100	|16,92	|18,63	|15,77	|18,77	|18,53	|20,91	|18,97	|16,95	|16,45	|16,57	|17,24	|
________________________________________________________
62	|3,54	|3,07	|11,06	|3,01	|2,74	|3,91	|2,57	|2,74	|2,19	|3,3	|2,68	|3,95	|2,27	|2,55	|2,75	|2,95	|21,85	|16,17	|0	|19,87	|16,56	|12,22	|17,26	|16,74	|16,28	|10,36	|13,18	|16,32	|14,45	|11,06	|15,94	|16,05	|0	|14,68	|22,02	|19,35	|18,71	|19,69	|14,33	|21,34	|17,45	|15,93	|16,13	|16,99	|16,73	|11,06	|10,98	|17,06	|13,45	|10,19	|17	|17,45	|22,86	|17,21	|13,42	|18,67	|16,54	|12,43	|16,58	|17,51	|18,77	|100	|18,95	|16,21	|18,43	|18,7	|12,61	|19,13	|16,82	|16,3	|16,4	|16,75	|
________________________________________________________
63	|3,21	|4,39	|1,69	|17,38	|3,56	|2,63	|2,19	|3,48	|2,15	|0	|2,75	|3,9	|2,52	|2,55	|3,42	|3,18	|22,19	|17,42	|0	|20	|16,97	|12,48	|16,59	|16,94	|16,75	|10,49	|14,8	|16,42	|15,84	|11,49	|16,97	|16,66	|20,89	|19,37	|18,09	|0	|18,26	|18,68	|17,48	|15,1	|21,9	|14,05	|16,45	|16,88	|16,49	|11,17	|11,04	|17,38	|13,35	|11,57	|16,72	|16,8	|22,91	|17,16	|14,49	|17,09	|17,18	|13,14	|16,84	|16,74	|18,71	|17,16	|100	|15,54	|18,55	|18,66	|18,23	|16,62	|19,41	|19,21	|16,46	|16,53	|
________________________________________________________
64	|0	|4,3	|2,23	|3,11	|2,38	|2,88	|2,1	|1,75	|2,13	|2,42	|16,55	|3,69	|2,32	|3,56	|3,24	|2,71	|21,91	|17,16	|15,18	|20,29	|16,56	|13,89	|16,09	|16,01	|16,58	|10,74	|0	|16,46	|14,03	|11,2	|16,59	|16,51	|20,07	|19,35	|0	|15,65	|19,18	|19,13	|17,96	|14,61	|14,42	|22,26	|16,73	|16,87	|16,72	|11,26	|13,6	|16,29	|13,09	|11,45	|16,24	|16,72	|22,53	|16,55	|11,74	|19,54	|16,64	|11,02	|16,75	|17,2	|18,55	|17,17	|18,19	|100	|18,99	|18,66	|17,61	|15,98	|10,66	|20,01	|16,69	|16,6	|
________________________________________________________
65	|3,88	|4,02	|2,08	|3	|2,62	|2,56	|2,21	|2,97	|1,76	|3,48	|2,44	|20,91	|3,13	|2,64	|2,88	|3,54	|21,84	|16,96	|13,73	|20,06	|16,45	|12,02	|16,77	|16,19	|16,42	|10,44	|0	|16,21	|14,42	|10,96	|15,97	|16,34	|21,02	|19,09	|21,76	|19,87	|14,83	|0	|17,31	|14,78	|17,19	|16,37	|21,47	|13,99	|16,49	|11,78	|12,12	|16,42	|13,09	|11,16	|16,74	|16,66	|23,01	|17,38	|12,05	|20,91	|16,98	|12,11	|16,56	|16,5	|18,92	|16,74	|18,61	|16,28	|100	|17,71	|18,35	|16,24	|16,31	|16,92	|19,53	|19,39	|
________________________________________________________
66	|3,6	|4,26	|1,97	|3,36	|2,67	|2,79	|1,99	|2,85	|0	|3,53	|2,76	|3,6	|1,92	|3,31	|2,96	|2,14	|21,75	|17,18	|13,94	|20,41	|16,79	|12,19	|16,75	|16,96	|16,74	|10,19	|14,98	|16,89	|14,98	|12,41	|17,01	|16,27	|20,62	|19,62	|20,91	|19,18	|0	|15,01	|17,73	|14,86	|16,6	|16,82	|14,17	|22,16	|16,65	|11,62	|12,12	|16,79	|13,54	|11,9	|16,72	|17,27	|22,64	|16,32	|14,79	|17,71	|16,89	|11,68	|16,07	|16,75	|18,78	|17,07	|18,82	|16,08	|17,8	|100	|18,37	|15,89	|16,69	|17,14	|11,61	|19,01	|
________________________________________________________
67	|3,54	|3,23	|1,17	|2,72	|3,52	|0	|2,47	|3,6	|1,83	|2,95	|2,46	|3,43	|2,85	|3,04	|3,1	|3,38	|22,16	|16,93	|13,46	|20,61	|17,04	|15,23	|16,6	|16,38	|16,88	|10,38	|11,55	|17,31	|14,94	|12,48	|16,26	|16,49	|22,97	|15,3	|19,24	|16,95	|16,26	|16,59	|16,85	|0	|19,19	|18,53	|18,98	|19,43	|16,93	|11,56	|10,87	|16,73	|12,88	|13,55	|16,57	|16,45	|22,8	|17,19	|11,76	|18,52	|16,77	|13,43	|16,63	|16,12	|19,21	|10,43	|16,67	|13,75	|16,72	|16,65	|100	|18,27	|19,15	|18,69	|19,09	|18,7	|
________________________________________________________
68	|3,33	|4,89	|1,93	|3,02	|3,52	|2,25	|13,34	|2,96	|1,74	|2,98	|2,36	|3,44	|2,62	|3,08	|3,16	|3,22	|22,1	|17,27	|12,27	|20,23	|17,27	|0	|16,24	|16,19	|16,49	|10,22	|11,81	|16,95	|14,69	|12,58	|16,26	|16,55	|15,75	|22,88	|18,87	|17,03	|16,55	|16,54	|0	|12,62	|19,13	|18,65	|18,86	|19,09	|16,68	|11,22	|10,8	|16,96	|13,34	|11,79	|17,13	|16,88	|22,98	|16,68	|11,93	|18,16	|17,18	|13,42	|16,85	|16,91	|19,44	|17,66	|16,95	|13,92	|16,51	|16,07	|20,39	|100	|19,18	|18,84	|18,29	|19,36	|
________________________________________________________
69	|4,16	|3,5	|1,54	|3,27	|2,58	|3,21	|2,07	|17,73	|2,01	|2,68	|1,44	|3,36	|2,95	|0	|3,48	|3,38	|22,01	|16,89	|12,11	|20,13	|17,02	|0	|16,22	|15,96	|16,49	|10,3	|13,13	|17,32	|14,88	|13,85	|16,37	|16,47	|18,48	|16,76	|24,27	|14,48	|15,94	|16,17	|20,34	|17,88	|14,94	|0	|18,48	|19,04	|16,98	|11,43	|9,68	|16,72	|13,1	|11,88	|17,73	|16,29	|23,12	|16,57	|12	|18,16	|17,63	|14,45	|16,65	|16,56	|16,79	|15,01	|19,15	|8,98	|16,03	|16,32	|20,66	|18,54	|100	|19,3	|18,92	|18,78	|
________________________________________________________
70	|2,89	|3,43	|1,79	|3,46	|0	|3,53	|2,45	|3,43	|1,93	|3,83	|2,67	|3,61	|2,81	|2,26	|17,27	|3,15	|22	|16,97	|11,9	|20,38	|16,98	|14,79	|16,74	|16,21	|16,58	|10,54	|11,85	|16,8	|14,58	|0	|16,47	|16,74	|18,05	|16,58	|17,2	|22,15	|16,52	|16,53	|20,14	|17,32	|0	|14,35	|19,33	|19,86	|16,17	|11,08	|12,2	|17,22	|12,63	|14,19	|16,63	|16,37	|23,17	|16,39	|11,53	|18,96	|17,27	|11,89	|16,88	|16,26	|16,29	|14,54	|18,93	|16,85	|16,63	|16,76	|20,15	|18,21	|19,29	|100	|19,29	|18,83	|
________________________________________________________
71	|3,36	|3,48	|1,49	|2,74	|3,35	|2,99	|2,32	|3,55	|2,44	|2,75	|2,07	|4,1	|1,93	|3,13	|2,98	|18,08	|21,78	|17,14	|12,48	|20,14	|16,67	|13,66	|16,84	|16,31	|16,63	|10,54	|11,95	|16,13	|14,11	|0	|16,01	|15,94	|18,54	|16,77	|19,24	|17,31	|21,17	|13,76	|20,53	|17,04	|19,67	|18,67	|13,9	|0	|16,8	|10,89	|11,19	|16,96	|13,35	|13,04	|16,97	|16,63	|23,29	|16,83	|10,65	|18,67	|17,47	|12,36	|18,08	|16,13	|16,41	|14,64	|16,23	|14,06	|19,2	|11,35	|20,59	|17,68	|18,92	|19,3	|100	|19,52	|
________________________________________________________
72	|3,38	|3,38	|1,84	|3,13	|3,39	|3,28	|2,48	|3,45	|1,44	|2,72	|2,73	|3,85	|0	|3,56	|3,58	|3,7	|21,14	|16,96	|12,39	|19,97	|16,9	|13,34	|17,52	|16,11	|17,08	|10,65	|11,88	|16,77	|15,47	|14,08	|16,86	|16,12	|18,06	|16,55	|19,41	|17,15	|14,07	|21,55	|19,74	|16,91	|19,3	|18,93	|0	|14,54	|16,62	|11,7	|10,92	|17,42	|13,14	|12,89	|16,95	|16,05	|22,72	|16,62	|12,93	|18,58	|16,92	|14,45	|15,88	|16,01	|17,24	|15,09	|16,45	|14,12	|19,23	|18,76	|20,36	|18,88	|18,95	|19,02	|19,69	|100	|
________________________________________________________
