0	|1	|2	|3	|4	|5	|6	|7	|8	|9	|10	|11	|12	|13	|14	|15	|16	|17	|18	|19	|20	|21	|22	|23	|24	|25	|26	|27	|28	|29	|30	|31	|32	|33	|34	|35	|36	|37	|38	|39	|40	|41	|42	|43	|44	|45	|46	|47	|48	|49	|50	|51	|52	|53	|54	|55	|56	|57	|58	|59	|60	|61	|62	|63	|64	|65	|66	|67	|68	|69	|70	|71	|72	|
1	|3236	|101	|46	|112	|121	|98	|75	|137	|115	|110	|0	|129	|84	|63	|98	|110	|768	|3236	|403	|625	|673	|416	|594	|650	|624	|478	|472	|528	|498	|363	|518	|554	|702	|537	|3236	|614	|613	|611	|625	|431	|589	|389	|556	|514	|0	|282	|0	|653	|545	|423	|636	|606	|616	|656	|483	|585	|560	|404	|519	|543	|679	|585	|480	|0	|577	|606	|684	|525	|672	|518	|550	|542	|
________________________________________________________
2	|101	|3644	|52	|124	|134	|153	|0	|130	|70	|137	|126	|148	|66	|94	|106	|102	|943	|641	|443	|3644	|737	|506	|716	|656	|660	|333	|452	|690	|407	|390	|641	|652	|722	|3644	|653	|746	|677	|720	|737	|618	|601	|585	|609	|627	|763	|450	|0	|527	|0	|503	|683	|638	|860	|651	|515	|810	|531	|465	|620	|602	|0	|486	|778	|681	|669	|714	|599	|776	|598	|603	|602	|633	|
________________________________________________________
3	|46	|52	|1656	|33	|76	|92	|51	|45	|56	|63	|56	|58	|45	|56	|80	|54	|0	|202	|0	|410	|376	|223	|335	|340	|205	|259	|242	|282	|261	|183	|288	|287	|0	|233	|426	|341	|321	|298	|237	|348	|291	|315	|294	|291	|312	|1656	|184	|267	|269	|188	|291	|301	|299	|321	|215	|265	|320	|214	|270	|277	|355	|1656	|249	|273	|322	|316	|216	|316	|259	|316	|279	|277	|
________________________________________________________
4	|112	|124	|33	|2788	|0	|87	|79	|98	|68	|0	|76	|132	|48	|77	|119	|109	|726	|556	|0	|483	|0	|411	|504	|540	|449	|299	|436	|525	|329	|304	|459	|476	|640	|566	|508	|0	|543	|517	|479	|429	|588	|427	|460	|455	|580	|301	|311	|2788	|477	|395	|494	|522	|623	|479	|412	|554	|589	|481	|461	|430	|624	|432	|2788	|472	|493	|484	|514	|456	|550	|528	|472	|441	|
________________________________________________________
5	|121	|134	|76	|0	|3030	|84	|67	|106	|80	|104	|56	|76	|109	|103	|0	|114	|702	|577	|404	|682	|3030	|361	|531	|627	|487	|319	|508	|571	|502	|432	|498	|515	|514	|496	|647	|600	|484	|475	|656	|481	|3030	|580	|596	|556	|578	|428	|423	|0	|309	|0	|629	|601	|670	|510	|360	|504	|664	|448	|496	|508	|518	|488	|647	|380	|431	|476	|687	|583	|440	|0	|585	|575	|
________________________________________________________
6	|98	|153	|92	|87	|84	|2822	|81	|86	|72	|111	|75	|107	|55	|116	|102	|112	|687	|536	|372	|648	|497	|353	|2822	|536	|487	|311	|308	|518	|330	|340	|558	|330	|339	|541	|519	|523	|486	|471	|515	|2822	|496	|552	|524	|543	|535	|376	|353	|563	|442	|0	|377	|0	|658	|481	|327	|589	|493	|386	|596	|397	|372	|598	|458	|437	|445	|479	|0	|398	|572	|581	|541	|520	|
________________________________________________________
7	|75	|0	|51	|79	|67	|81	|2088	|44	|48	|53	|40	|52	|81	|62	|95	|61	|516	|365	|338	|0	|278	|0	|443	|445	|330	|226	|282	|264	|392	|265	|334	|350	|338	|452	|412	|392	|355	|362	|0	|301	|415	|408	|379	|407	|372	|264	|307	|414	|2088	|236	|336	|410	|453	|361	|234	|289	|410	|282	|319	|377	|392	|372	|340	|281	|326	|369	|436	|2088	|374	|453	|387	|422	|
________________________________________________________
8	|137	|130	|45	|98	|106	|86	|44	|2901	|58	|70	|53	|102	|104	|0	|120	|130	|711	|565	|428	|736	|613	|0	|379	|0	|491	|310	|418	|477	|461	|378	|622	|386	|624	|473	|704	|439	|466	|493	|667	|508	|410	|0	|555	|522	|566	|384	|351	|571	|366	|352	|2901	|582	|649	|493	|340	|561	|530	|396	|600	|529	|562	|401	|558	|286	|460	|506	|662	|449	|2901	|580	|556	|562	|
________________________________________________________
9	|115	|70	|56	|68	|80	|72	|48	|58	|1976	|57	|38	|90	|60	|52	|79	|89	|359	|468	|240	|361	|376	|246	|384	|307	|440	|1976	|235	|331	|355	|247	|391	|404	|400	|433	|449	|333	|1976	|332	|373	|314	|365	|301	|370	|216	|223	|347	|241	|348	|296	|198	|329	|324	|0	|202	|0	|513	|452	|287	|391	|356	|378	|337	|406	|320	|310	|0	|374	|304	|358	|350	|462	|305	|
________________________________________________________
10	|110	|137	|63	|0	|104	|111	|53	|70	|57	|2771	|73	|86	|95	|117	|0	|83	|594	|473	|411	|659	|566	|501	|438	|473	|539	|316	|315	|2771	|515	|379	|533	|526	|558	|511	|618	|2771	|474	|571	|478	|406	|518	|527	|450	|443	|455	|320	|387	|563	|291	|321	|440	|470	|780	|564	|0	|404	|0	|395	|468	|496	|534	|484	|0	|349	|529	|611	|521	|466	|387	|565	|474	|495	|
________________________________________________________
11	|0	|126	|56	|76	|56	|75	|40	|53	|38	|73	|2399	|85	|68	|92	|105	|66	|436	|476	|383	|496	|406	|329	|403	|381	|0	|165	|0	|501	|409	|288	|490	|464	|501	|484	|0	|342	|490	|504	|436	|374	|346	|523	|386	|444	|452	|327	|305	|398	|307	|300	|393	|411	|687	|2399	|268	|467	|494	|290	|451	|467	|448	|412	|424	|2399	|388	|488	|423	|369	|249	|466	|390	|477	|
________________________________________________________
12	|129	|148	|58	|132	|76	|107	|52	|102	|90	|86	|85	|3249	|0	|99	|129	|145	|767	|544	|468	|738	|468	|415	|593	|503	|638	|421	|0	|410	|0	|416	|609	|628	|670	|651	|753	|705	|466	|0	|637	|458	|528	|531	|705	|440	|653	|335	|400	|636	|330	|409	|517	|550	|829	|559	|407	|3249	|693	|459	|620	|565	|592	|534	|618	|494	|3249	|616	|586	|532	|574	|537	|653	|604	|
________________________________________________________
13	|84	|66	|45	|48	|109	|55	|81	|104	|60	|95	|68	|0	|2525	|56	|57	|83	|537	|417	|296	|364	|537	|318	|342	|487	|466	|300	|382	|540	|2525	|259	|419	|518	|478	|409	|518	|467	|427	|456	|492	|402	|528	|420	|2525	|486	|411	|288	|317	|295	|436	|337	|444	|473	|600	|487	|366	|0	|315	|0	|510	|557	|405	|392	|436	|312	|534	|331	|528	|465	|540	|488	|357	|0	|
________________________________________________________
14	|63	|94	|56	|77	|103	|116	|62	|0	|52	|117	|92	|99	|56	|2821	|89	|82	|590	|493	|360	|547	|485	|447	|536	|550	|565	|345	|375	|595	|409	|286	|2821	|590	|536	|471	|393	|575	|426	|546	|561	|511	|558	|2821	|445	|656	|461	|314	|352	|499	|362	|396	|584	|363	|731	|507	|364	|618	|562	|0	|387	|0	|492	|422	|414	|545	|468	|568	|578	|483	|0	|392	|589	|549	|
________________________________________________________
15	|98	|106	|80	|119	|0	|102	|95	|120	|79	|0	|105	|129	|57	|89	|3102	|76	|691	|530	|375	|531	|667	|461	|518	|518	|601	|358	|427	|0	|305	|0	|641	|607	|586	|516	|537	|668	|507	|512	|618	|539	|0	|406	|624	|607	|503	|319	|504	|616	|472	|384	|508	|496	|795	|574	|481	|686	|3102	|395	|507	|612	|498	|453	|600	|478	|509	|494	|639	|560	|613	|3102	|506	|625	|
________________________________________________________
16	|110	|102	|54	|109	|114	|112	|61	|130	|89	|83	|66	|145	|83	|82	|76	|3004	|650	|500	|335	|629	|522	|409	|645	|450	|586	|363	|375	|528	|524	|0	|350	|0	|541	|482	|621	|504	|633	|430	|602	|491	|594	|612	|447	|0	|499	|375	|338	|545	|385	|382	|583	|361	|733	|565	|401	|681	|533	|360	|3004	|610	|513	|442	|575	|375	|575	|313	|600	|544	|626	|510	|3004	|561	|
________________________________________________________
17	|768	|943	|0	|726	|702	|687	|516	|711	|359	|594	|436	|767	|537	|590	|691	|650	|21906	|4087	|3123	|5039	|4239	|3006	|4093	|4090	|4058	|1828	|2706	|3686	|3302	|2369	|3617	|3700	|4023	|3680	|4183	|3686	|3654	|3672	|3936	|3300	|3680	|3550	|3694	|3620	|3191	|0	|2874	|4071	|3277	|2859	|4102	|4167	|5500	|3344	|2809	|4043	|3735	|2617	|3691	|3649	|3640	|3293	|3569	|3022	|3577	|3536	|3985	|3557	|3753	|3721	|3695	|3674	|
________________________________________________________
18	|3236	|641	|202	|556	|577	|536	|365	|565	|468	|473	|476	|544	|417	|493	|530	|500	|4087	|16725	|2013	|3783	|3238	|2384	|3102	|3258	|3291	|2423	|2004	|2745	|2435	|1888	|2814	|2822	|3029	|2858	|3236	|2775	|2809	|2829	|2998	|2536	|2751	|2829	|2851	|2669	|0	|1427	|0	|3178	|2502	|2224	|3186	|3264	|3244	|3413	|2000	|3095	|2873	|1926	|2742	|2761	|2796	|2560	|2781	|2336	|2729	|2717	|3083	|2665	|2753	|2828	|2789	|2886	|
________________________________________________________
19	|403	|443	|0	|0	|404	|372	|338	|428	|240	|411	|383	|468	|296	|360	|375	|335	|3123	|2013	|12187	|2451	|2462	|1817	|2272	|2339	|2100	|1096	|1793	|1982	|1757	|1372	|2013	|2009	|2800	|2057	|2356	|2535	|2187	|2268	|2455	|1543	|1959	|2094	|2046	|1974	|2454	|0	|1199	|0	|2010	|1664	|2319	|2226	|2948	|2089	|1624	|2289	|2049	|1423	|2026	|2010	|2456	|0	|0	|2185	|2209	|2291	|2531	|1969	|2035	|2065	|2043	|2041	|
________________________________________________________
20	|625	|3644	|410	|483	|682	|648	|0	|736	|361	|659	|496	|738	|364	|547	|531	|629	|5039	|3783	|2451	|19854	|3971	|2795	|3714	|3673	|3356	|2152	|2184	|3813	|2235	|2181	|3376	|3335	|3576	|3644	|3696	|3342	|3328	|3448	|3559	|2980	|3350	|3279	|3343	|3226	|3886	|2525	|0	|2809	|0	|2853	|3777	|3664	|4571	|3345	|2421	|4341	|2953	|2578	|3362	|3252	|3244	|2969	|3345	|2916	|3265	|3324	|3637	|3163	|3316	|3326	|3290	|3314	|
________________________________________________________
21	|673	|737	|376	|0	|3030	|497	|278	|613	|376	|566	|406	|468	|537	|485	|667	|522	|4239	|3238	|2462	|3971	|17242	|2055	|3311	|3318	|2850	|1837	|2262	|3383	|3058	|1964	|2931	|2902	|3088	|2848	|3262	|2955	|2837	|2832	|3066	|2626	|3030	|2784	|2936	|2794	|3302	|2263	|2285	|0	|1788	|0	|3266	|3260	|3949	|2886	|2100	|2766	|3614	|2097	|2881	|2911	|2786	|2672	|2804	|2465	|2779	|2777	|3150	|2793	|2917	|2860	|2959	|2854	|
________________________________________________________
22	|416	|506	|223	|411	|361	|353	|0	|0	|246	|501	|329	|415	|318	|447	|461	|409	|3006	|2384	|1817	|2795	|2055	|12281	|2121	|2552	|2029	|1315	|1458	|2266	|1617	|1602	|2111	|2038	|2256	|2048	|2143	|2281	|2042	|1988	|2669	|1826	|1987	|2448	|2380	|2276	|2240	|1498	|1501	|2447	|0	|1245	|0	|2481	|2828	|1996	|1527	|2489	|2126	|1631	|2026	|2069	|2104	|1812	|2070	|1932	|2011	|2005	|2816	|0	|0	|2502	|2308	|2329	|
________________________________________________________
23	|594	|716	|335	|504	|531	|2822	|443	|379	|384	|438	|403	|593	|342	|536	|518	|645	|4093	|3102	|2272	|3714	|3311	|2121	|16540	|3264	|2781	|1801	|1966	|2689	|2416	|1646	|3285	|2010	|3020	|2706	|3142	|2765	|2774	|2759	|2817	|2822	|2830	|2720	|2810	|2782	|3131	|2180	|2010	|3102	|2540	|0	|2159	|0	|3765	|2794	|1986	|3102	|2841	|1997	|3548	|2336	|2831	|2610	|2650	|2334	|2762	|2739	|2947	|2708	|2778	|2825	|2899	|2739	|
________________________________________________________
24	|650	|656	|340	|540	|627	|536	|445	|0	|307	|473	|381	|503	|487	|550	|518	|450	|4090	|3258	|2339	|3673	|3318	|2552	|3264	|16579	|2768	|1703	|1956	|2713	|2602	|1975	|3180	|3096	|2957	|2741	|3213	|2880	|2826	|2831	|2904	|2407	|2797	|2743	|2708	|2686	|3207	|2139	|2024	|3088	|2660	|2358	|0	|1332	|3820	|2741	|2050	|2976	|2941	|1924	|2384	|3640	|2776	|2570	|2781	|2233	|2632	|2669	|2907	|2626	|2707	|2799	|2762	|2713	|
________________________________________________________
25	|624	|660	|205	|449	|487	|487	|330	|491	|440	|539	|0	|638	|466	|565	|601	|586	|4058	|3291	|2100	|3356	|2850	|2029	|2781	|2768	|16695	|2371	|2450	|3132	|2750	|2050	|3285	|3173	|3093	|2777	|3258	|2930	|2736	|2614	|2976	|2478	|2815	|2731	|2838	|2767	|3403	|1442	|1807	|2731	|2214	|1932	|2777	|2772	|3274	|0	|2445	|3648	|3269	|2267	|3186	|3133	|2827	|2525	|2713	|2364	|2663	|2664	|3109	|2657	|2815	|2880	|2780	|2716	|
________________________________________________________
26	|478	|333	|259	|299	|319	|311	|226	|310	|1976	|316	|165	|421	|300	|345	|358	|363	|1828	|2423	|1096	|2152	|1837	|1315	|1801	|1703	|2371	|10655	|1289	|2038	|1755	|1319	|2053	|2107	|1928	|1846	|2092	|1780	|1976	|1714	|1898	|1605	|1777	|1778	|1834	|1807	|1223	|1740	|1156	|1736	|1398	|1213	|1794	|1818	|0	|1153	|0	|2323	|2111	|1446	|2053	|1971	|1821	|1608	|1823	|1463	|1793	|1691	|2002	|1715	|1814	|1779	|1795	|1781	|
________________________________________________________
27	|472	|452	|242	|436	|508	|308	|282	|418	|235	|315	|0	|0	|382	|375	|427	|375	|2706	|2004	|1793	|2184	|2262	|1458	|1966	|1956	|2450	|1289	|12025	|1973	|2178	|1561	|2244	|2210	|2493	|2296	|2812	|1998	|2002	|2554	|2108	|1807	|2254	|1799	|2007	|1940	|2089	|1310	|1493	|2023	|1868	|1411	|2034	|2010	|3275	|0	|1248	|0	|2413	|1611	|2141	|2135	|2263	|2101	|2457	|0	|0	|2500	|2193	|1946	|2255	|2004	|2042	|2040	|
________________________________________________________
28	|528	|690	|282	|525	|571	|518	|264	|477	|331	|2771	|501	|410	|540	|595	|0	|528	|3686	|2745	|1982	|3813	|3383	|2266	|2689	|2713	|3132	|2038	|1973	|16602	|3082	|2189	|3201	|3108	|2996	|2835	|3205	|2771	|2758	|2811	|2863	|2493	|2814	|2718	|2796	|2771	|2859	|1872	|1803	|3361	|1808	|1950	|2779	|2844	|4308	|3138	|0	|2494	|0	|2373	|3131	|3112	|2750	|2557	|2766	|2419	|2638	|2815	|3083	|2587	|2756	|2723	|2714	|2855	|
________________________________________________________
29	|498	|407	|261	|329	|502	|330	|392	|461	|355	|515	|409	|0	|2525	|409	|305	|524	|3302	|2435	|1757	|2235	|3058	|1617	|2416	|2602	|2750	|1755	|2178	|3082	|14827	|1613	|2835	|2839	|2697	|2379	|2946	|2481	|2279	|2433	|2608	|2203	|2522	|2405	|2525	|2503	|2495	|1663	|1855	|1911	|2648	|1770	|2501	|2526	|3697	|2770	|2258	|0	|1758	|0	|2861	|2913	|2452	|2200	|2597	|1932	|2323	|2440	|2767	|2372	|2546	|2450	|2435	|2561	|
________________________________________________________
30	|363	|390	|183	|304	|432	|340	|265	|378	|247	|379	|288	|416	|259	|286	|0	|0	|2369	|1888	|1372	|2181	|1964	|1602	|1646	|1975	|2050	|1319	|1561	|2189	|1613	|10901	|1914	|2163	|1957	|1832	|2109	|1870	|1644	|2052	|2187	|1883	|2247	|1723	|1819	|2177	|1856	|1207	|1132	|1776	|1473	|1424	|1690	|1987	|2890	|2138	|1510	|2411	|0	|1190	|0	|2074	|1900	|1640	|1765	|1487	|1723	|2007	|2201	|1884	|2259	|0	|0	|2223	|
________________________________________________________
31	|518	|641	|288	|459	|498	|558	|334	|622	|391	|533	|490	|609	|419	|2821	|641	|350	|3617	|2814	|2013	|3376	|2931	|2111	|3285	|3180	|3285	|2053	|2244	|3201	|2835	|1914	|16757	|3549	|3040	|2823	|3177	|2829	|2819	|2804	|2952	|2522	|2836	|2821	|2779	|2799	|2834	|1890	|1850	|2781	|2193	|1956	|3523	|2359	|4316	|3161	|2295	|3493	|3212	|0	|2074	|0	|2807	|2583	|2858	|2441	|2712	|2759	|3061	|2628	|2769	|2872	|2822	|2697	|
________________________________________________________
32	|554	|652	|287	|476	|515	|330	|350	|386	|404	|526	|464	|628	|518	|590	|607	|0	|3700	|2822	|2009	|3335	|2902	|2038	|2010	|3096	|3173	|2107	|2210	|3108	|2839	|2163	|3549	|16584	|3035	|2872	|3155	|2842	|2871	|2781	|2866	|2518	|2858	|2788	|2802	|2689	|2741	|1821	|1811	|2714	|2184	|2045	|2348	|3640	|4297	|3113	|2294	|3486	|3248	|2348	|0	|1459	|2765	|2489	|2716	|2361	|2636	|2688	|2952	|2630	|2715	|2701	|2778	|2704	|
________________________________________________________
33	|702	|722	|0	|640	|514	|339	|338	|624	|400	|558	|501	|670	|478	|536	|586	|541	|4023	|3029	|2800	|3576	|3088	|2256	|3020	|2957	|3093	|1928	|2493	|2996	|2697	|1957	|3040	|3035	|18264	|3336	|3948	|3514	|3467	|3476	|3730	|1857	|3113	|3067	|3060	|3014	|3117	|1995	|2529	|3007	|2329	|2366	|2989	|3038	|4203	|3023	|2511	|3421	|3127	|2193	|3079	|2983	|2784	|0	|3473	|2917	|3453	|3358	|4237	|2512	|3093	|3125	|3114	|3060	|
________________________________________________________
34	|537	|3644	|233	|566	|496	|541	|452	|473	|433	|511	|484	|651	|409	|471	|516	|482	|3680	|2858	|2057	|3644	|2848	|2048	|2706	|2741	|2777	|1846	|2296	|2835	|2379	|1832	|2823	|2872	|3336	|16844	|3547	|3173	|3224	|3135	|3402	|2871	|2844	|2714	|2824	|2859	|2901	|1883	|0	|2798	|2166	|1900	|2808	|2710	|3830	|2850	|2319	|3193	|2860	|2013	|2813	|2833	|0	|2230	|3234	|2646	|3100	|3142	|2818	|3544	|2907	|2806	|2822	|2823	|
________________________________________________________
35	|3236	|653	|426	|508	|647	|519	|412	|704	|449	|618	|0	|753	|518	|393	|537	|621	|4183	|3236	|2356	|3696	|3262	|2143	|3142	|3213	|3258	|2092	|2812	|3205	|2946	|2109	|3177	|3155	|3948	|3547	|19175	|3565	|3601	|3561	|3339	|2938	|3707	|2322	|3226	|3096	|3226	|2150	|0	|3225	|2679	|2267	|3148	|3192	|4244	|3140	|2895	|3432	|3365	|2495	|3214	|3155	|3776	|3389	|2885	|0	|3523	|3500	|3568	|3052	|4165	|2911	|3247	|3143	|
________________________________________________________
36	|614	|746	|341	|0	|600	|523	|392	|439	|333	|2771	|342	|705	|467	|575	|668	|504	|3686	|2775	|2535	|3342	|2955	|2281	|2765	|2880	|2930	|1780	|1998	|2771	|2481	|1870	|2829	|2842	|3514	|3173	|3565	|16968	|3253	|3258	|2997	|2568	|3268	|3268	|2821	|2789	|2790	|1888	|2331	|2798	|2263	|1971	|2815	|2837	|3850	|2791	|0	|3114	|2892	|2009	|2739	|2753	|3140	|2921	|0	|2092	|3257	|3211	|3126	|2762	|2413	|3729	|2873	|2834	|
________________________________________________________
37	|613	|677	|321	|543	|484	|486	|355	|466	|1976	|474	|490	|466	|427	|426	|507	|633	|3654	|2809	|2187	|3328	|2837	|2042	|2774	|2826	|2736	|1976	|2002	|2758	|2279	|1644	|2819	|2871	|3467	|3224	|3601	|3253	|16502	|2963	|2906	|2514	|2776	|2764	|3117	|1891	|2662	|1962	|1955	|2818	|2174	|1947	|2739	|2745	|3646	|2774	|0	|3075	|2831	|2025	|2828	|2808	|3130	|2831	|3132	|2619	|2416	|0	|3058	|2692	|2725	|2896	|3637	|2338	|
________________________________________________________
38	|611	|720	|298	|517	|475	|471	|362	|493	|332	|571	|504	|0	|456	|546	|512	|430	|3672	|2829	|2268	|3448	|2832	|1988	|2759	|2831	|2614	|1714	|2554	|2811	|2433	|2052	|2804	|2781	|3476	|3135	|3561	|3258	|2963	|16641	|2920	|2530	|2758	|2826	|3163	|3179	|2676	|1842	|2070	|2705	|2171	|2008	|2801	|2794	|3793	|2724	|2394	|2899	|2816	|1925	|2783	|2784	|3190	|2892	|3040	|2697	|0	|2597	|3063	|2702	|2761	|2930	|2416	|3602	|
________________________________________________________
39	|625	|737	|237	|479	|656	|515	|0	|667	|373	|478	|436	|637	|492	|561	|618	|602	|3936	|2998	|2455	|3559	|3066	|2669	|2817	|2904	|2976	|1898	|2108	|2863	|2608	|2187	|2952	|2866	|3730	|3402	|3339	|2997	|2906	|2920	|17866	|2877	|3442	|3417	|3471	|3313	|2968	|2002	|1956	|2983	|2407	|2588	|2897	|2884	|4041	|3038	|2223	|3380	|3039	|2331	|2959	|2967	|3812	|2251	|2961	|2574	|2962	|2895	|3108	|0	|3550	|3439	|3415	|3417	|
________________________________________________________
40	|431	|618	|348	|429	|481	|2822	|301	|508	|314	|406	|374	|458	|402	|511	|539	|491	|3300	|2536	|1543	|2980	|2626	|1826	|2822	|2407	|2478	|1605	|1807	|2493	|2203	|1883	|2522	|2518	|1857	|2871	|2938	|2568	|2514	|2530	|2877	|15075	|2877	|2876	|2859	|2822	|2542	|1692	|1635	|2504	|1975	|0	|2527	|2368	|3437	|2550	|1843	|2746	|2604	|2051	|2541	|2440	|1972	|3250	|2502	|2129	|2446	|2509	|0	|2072	|2930	|2926	|2815	|2842	|
________________________________________________________
41	|589	|601	|291	|588	|3030	|496	|415	|410	|365	|518	|346	|528	|528	|558	|0	|594	|3680	|2751	|1959	|3350	|3030	|1987	|2830	|2797	|2815	|1777	|2254	|2814	|2522	|2247	|2836	|2858	|3113	|2844	|3707	|3268	|2776	|2758	|3442	|2877	|16934	|3226	|3296	|3157	|2923	|1954	|1858	|2744	|2213	|0	|2791	|2794	|3795	|2741	|1987	|3166	|2968	|2428	|2813	|2794	|2852	|2556	|3619	|2019	|2738	|2761	|3496	|3061	|2423	|0	|3204	|3112	|
________________________________________________________
42	|389	|585	|315	|427	|580	|552	|408	|0	|301	|527	|523	|531	|420	|2821	|406	|612	|3550	|2829	|2094	|3279	|2784	|2448	|2720	|2743	|2731	|1778	|1799	|2718	|2405	|1723	|2821	|2788	|3067	|2714	|2322	|3268	|2764	|2826	|3417	|2876	|3226	|16553	|3215	|3208	|2718	|1860	|2010	|2826	|2234	|2314	|2733	|2682	|3825	|2814	|1984	|3040	|2768	|0	|2764	|2702	|2842	|2505	|2332	|3188	|2788	|2821	|3431	|2926	|0	|2354	|3206	|3140	|
________________________________________________________
43	|556	|609	|294	|460	|596	|524	|379	|555	|370	|450	|386	|705	|2525	|445	|624	|447	|3694	|2851	|2046	|3343	|2936	|2380	|2810	|2708	|2838	|1834	|2007	|2796	|2525	|1819	|2779	|2802	|3060	|2824	|3226	|2821	|3117	|3163	|3471	|2859	|3296	|3215	|16826	|3180	|2800	|1900	|1842	|2713	|2151	|2202	|2769	|2786	|3717	|2831	|2100	|3108	|2896	|0	|2797	|2777	|2803	|2594	|2781	|2347	|3622	|2277	|3502	|3019	|3205	|3193	|2487	|0	|
________________________________________________________
44	|514	|627	|291	|455	|556	|543	|407	|522	|216	|443	|444	|440	|486	|656	|607	|0	|3620	|2669	|1974	|3226	|2794	|2276	|2782	|2686	|2767	|1807	|1940	|2771	|2503	|2177	|2799	|2689	|3014	|2859	|3096	|2789	|1891	|3179	|3313	|2822	|3157	|3208	|3180	|16479	|2718	|1868	|1816	|2745	|2195	|2136	|2643	|2719	|3702	|2804	|2224	|3095	|2780	|2329	|2773	|2604	|2787	|2539	|2693	|2372	|2289	|3491	|3372	|2994	|3103	|3158	|0	|2386	|
________________________________________________________
45	|0	|763	|312	|580	|578	|535	|372	|566	|223	|455	|452	|653	|411	|461	|503	|499	|3191	|0	|2454	|3886	|3302	|2240	|3131	|3207	|3403	|1223	|2089	|2859	|2495	|1856	|2834	|2741	|3117	|2901	|3226	|2790	|2662	|2676	|2968	|2542	|2923	|2718	|2800	|2718	|16704	|2298	|2195	|3176	|2518	|2131	|3245	|3115	|4450	|3259	|2211	|3137	|2866	|2030	|2847	|2760	|2642	|2458	|2694	|2313	|2710	|2779	|3000	|2727	|2906	|2820	|2805	|2762	|
________________________________________________________
46	|282	|450	|1656	|301	|428	|376	|264	|384	|347	|320	|327	|335	|288	|314	|319	|375	|0	|1427	|0	|2525	|2263	|1498	|2180	|2139	|1442	|1740	|1310	|1872	|1663	|1207	|1890	|1821	|1995	|1883	|2150	|1888	|1962	|1842	|2002	|1692	|1954	|1860	|1900	|1868	|2298	|11222	|1253	|2153	|1685	|1469	|2101	|2142	|1997	|2267	|1230	|2001	|1915	|1393	|1926	|1840	|1863	|1656	|1857	|1509	|1892	|1798	|2039	|1847	|1939	|1835	|1937	|1898	|
________________________________________________________
47	|0	|0	|184	|311	|423	|353	|307	|351	|241	|387	|305	|400	|317	|352	|504	|338	|2874	|0	|1199	|0	|2285	|1501	|2010	|2024	|1807	|1156	|1493	|1803	|1855	|1132	|1850	|1811	|2529	|0	|0	|2331	|1955	|2070	|1956	|1635	|1858	|2010	|1842	|1816	|2195	|1253	|10992	|1859	|1815	|1503	|2048	|2002	|2501	|1832	|1564	|1844	|2063	|1339	|1854	|1857	|2181	|1595	|1835	|1933	|2061	|1972	|1991	|1834	|1651	|2120	|1836	|1848	|
________________________________________________________
48	|653	|527	|267	|2788	|0	|563	|414	|571	|348	|563	|398	|636	|295	|499	|616	|545	|4071	|3178	|0	|2809	|0	|2447	|3102	|3088	|2731	|1736	|2023	|3361	|1911	|1776	|2781	|2714	|3007	|2798	|3225	|2798	|2818	|2705	|2983	|2504	|2744	|2826	|2713	|2745	|3176	|2153	|1859	|16609	|2672	|2290	|3134	|3141	|3747	|2794	|2017	|3568	|3316	|2149	|2763	|2772	|2857	|2600	|2788	|2333	|2691	|2709	|3100	|2645	|2751	|2920	|2814	|2754	|
________________________________________________________
49	|545	|0	|269	|477	|309	|442	|2088	|366	|296	|291	|307	|330	|436	|362	|472	|385	|3277	|2502	|2010	|0	|1788	|0	|2540	|2660	|2214	|1398	|1868	|1808	|2648	|1473	|2193	|2184	|2329	|2166	|2679	|2263	|2174	|2171	|2407	|1975	|2213	|2234	|2151	|2195	|2518	|1685	|1815	|2672	|13322	|1519	|2498	|2518	|2988	|2179	|1612	|1837	|2638	|1516	|2254	|2237	|2143	|2033	|2225	|1820	|2122	|2153	|2515	|2088	|2274	|2337	|2215	|2258	|
________________________________________________________
50	|423	|503	|188	|395	|0	|0	|236	|352	|198	|321	|300	|409	|337	|396	|384	|382	|2859	|2224	|1664	|2853	|0	|1245	|0	|2358	|1932	|1213	|1411	|1950	|1770	|1424	|1956	|2045	|2366	|1900	|2267	|1971	|1947	|2008	|2588	|0	|0	|2314	|2202	|2136	|2131	|1469	|1503	|2290	|1519	|11615	|1956	|2320	|2643	|1911	|1458	|2196	|1916	|1589	|1782	|2144	|2248	|1532	|1944	|1663	|1892	|1908	|2493	|1792	|1981	|2345	|2229	|2221	|
________________________________________________________
51	|636	|683	|291	|494	|629	|377	|336	|2901	|329	|440	|393	|517	|444	|584	|508	|583	|4102	|3186	|2319	|3777	|3266	|0	|2159	|0	|2777	|1794	|2034	|2779	|2501	|1690	|3523	|2348	|2989	|2808	|3148	|2815	|2739	|2801	|2897	|2527	|2791	|2733	|2769	|2643	|3245	|2101	|2048	|3134	|2498	|1956	|16548	|3351	|3651	|2792	|1987	|3016	|2816	|1923	|3312	|3079	|2704	|2612	|2678	|2350	|2696	|2733	|3003	|2666	|2901	|2792	|2737	|2717	|
________________________________________________________
52	|606	|638	|301	|522	|601	|0	|410	|582	|324	|470	|411	|550	|473	|363	|496	|361	|4167	|3264	|2226	|3664	|3260	|2481	|0	|1332	|2772	|1818	|2010	|2844	|2526	|1987	|2359	|3640	|3038	|2710	|3192	|2837	|2745	|2794	|2884	|2368	|2794	|2682	|2786	|2719	|3115	|2142	|2002	|3141	|2518	|2320	|3351	|16653	|3721	|2863	|1996	|3106	|2808	|1949	|1995	|3167	|2776	|2559	|2763	|2343	|2686	|2757	|3044	|2546	|2745	|2817	|2762	|2797	|
________________________________________________________
53	|616	|860	|299	|623	|670	|658	|453	|649	|0	|780	|687	|829	|600	|731	|795	|733	|5500	|3244	|2948	|4571	|3949	|2828	|3765	|3820	|3274	|0	|3275	|4308	|3697	|2890	|4316	|4297	|4203	|3830	|4244	|3850	|3646	|3793	|4041	|3437	|3795	|3825	|3717	|3702	|4450	|1997	|2501	|3747	|2988	|2643	|3651	|3721	|22653	|4431	|3064	|4850	|4366	|3026	|4259	|4245	|3848	|3450	|3697	|3307	|3693	|3658	|4088	|3556	|3871	|3801	|3864	|3781	|
________________________________________________________
54	|656	|651	|321	|479	|510	|481	|361	|493	|202	|564	|2399	|559	|487	|507	|574	|565	|3344	|3413	|2089	|3345	|2886	|1996	|2794	|2741	|0	|1153	|0	|3138	|2770	|2138	|3161	|3113	|3023	|2850	|3140	|2791	|2774	|2724	|3038	|2550	|2741	|2814	|2831	|2804	|3259	|2267	|1832	|2794	|2179	|1911	|2792	|2863	|4431	|16724	|2045	|3468	|3245	|2228	|3158	|3137	|2774	|2496	|2741	|2399	|2778	|2678	|3063	|2637	|2822	|2837	|2818	|2811	|
________________________________________________________
55	|483	|515	|215	|412	|360	|327	|234	|340	|0	|0	|268	|407	|366	|364	|481	|401	|2809	|2000	|1624	|2421	|2100	|1527	|1986	|2050	|2445	|0	|1248	|0	|2258	|1510	|2295	|2294	|2511	|2319	|2895	|0	|0	|2394	|2223	|1843	|1987	|1984	|2100	|2224	|2211	|1230	|1564	|2017	|1612	|1458	|1987	|1996	|3064	|2045	|12195	|2315	|2586	|1747	|2346	|2306	|2233	|2020	|2387	|1754	|2020	|2370	|2262	|1890	|2123	|2024	|1812	|2220	|
________________________________________________________
56	|585	|810	|265	|554	|504	|589	|289	|561	|513	|404	|467	|3249	|0	|618	|686	|681	|4043	|3095	|2289	|4341	|2766	|2489	|3102	|2976	|3648	|2323	|0	|2494	|0	|2411	|3493	|3486	|3421	|3193	|3432	|3114	|3075	|2899	|3380	|2746	|3166	|3040	|3108	|3095	|3137	|2001	|1844	|3568	|1837	|2196	|3016	|3106	|4850	|3468	|2315	|18499	|3929	|2531	|3544	|3495	|3122	|2786	|2906	|2799	|3249	|2943	|3456	|2935	|3125	|3213	|3139	|3003	|
________________________________________________________
57	|560	|531	|320	|589	|664	|493	|410	|530	|452	|0	|494	|693	|315	|562	|3102	|533	|3735	|2873	|2049	|2953	|3614	|2126	|2841	|2941	|3269	|2111	|2413	|0	|1758	|0	|3212	|3248	|3127	|2860	|3365	|2892	|2831	|2816	|3039	|2604	|2968	|2768	|2896	|2780	|2866	|1915	|2063	|3316	|2638	|1916	|2816	|2808	|4366	|3245	|2586	|3929	|17159	|2155	|3333	|3273	|2801	|2546	|2939	|2344	|2759	|2727	|3189	|2775	|2990	|3102	|2872	|2771	|
________________________________________________________
58	|404	|465	|214	|481	|448	|386	|282	|396	|287	|395	|290	|459	|0	|0	|395	|360	|2617	|1926	|1423	|2578	|2097	|1631	|1997	|1924	|2267	|1446	|1611	|2373	|0	|1190	|0	|2348	|2193	|2013	|2495	|2009	|2025	|1925	|2331	|2051	|2428	|0	|0	|2329	|2030	|1393	|1339	|2149	|1516	|1589	|1923	|1949	|3026	|2228	|1747	|2531	|2155	|11952	|2163	|2323	|2012	|1748	|2165	|1487	|1958	|1944	|2482	|2055	|2379	|2046	|1987	|2479	|
________________________________________________________
59	|519	|620	|270	|461	|496	|596	|319	|600	|391	|468	|451	|620	|510	|387	|507	|3004	|3691	|2742	|2026	|3362	|2881	|2026	|3548	|2384	|3186	|2053	|2141	|3131	|2861	|0	|2074	|0	|3079	|2813	|3214	|2739	|2828	|2783	|2959	|2541	|2813	|2764	|2797	|2773	|2847	|1926	|1854	|2763	|2254	|1782	|3312	|1995	|4259	|3158	|2346	|3544	|3333	|2163	|16801	|3469	|2829	|2582	|2793	|2384	|2742	|2727	|3158	|2695	|2946	|2851	|3004	|2767	|
________________________________________________________
60	|543	|602	|277	|430	|508	|397	|377	|529	|356	|496	|467	|565	|557	|0	|612	|610	|3649	|2761	|2010	|3252	|2911	|2069	|2336	|3640	|3133	|1971	|2135	|3112	|2913	|2074	|0	|1459	|2983	|2833	|3155	|2753	|2808	|2784	|2967	|2440	|2794	|2702	|2777	|2604	|2760	|1840	|1857	|2772	|2237	|2144	|3079	|3167	|4245	|3137	|2306	|3495	|3273	|2323	|3469	|16653	|2874	|2549	|2707	|2372	|2583	|2773	|2963	|2585	|2824	|2801	|2718	|2728	|
________________________________________________________
61	|679	|0	|355	|624	|518	|372	|392	|562	|378	|534	|448	|592	|405	|492	|498	|513	|3640	|2796	|2456	|3244	|2786	|2104	|2831	|2776	|2827	|1821	|2263	|2750	|2452	|1900	|2807	|2765	|2784	|0	|3776	|3140	|3130	|3190	|3812	|1972	|2852	|2842	|2803	|2787	|2642	|1863	|2181	|2857	|2143	|2248	|2704	|2776	|3848	|2774	|2233	|3122	|2801	|2012	|2829	|2874	|16729	|2881	|3299	|2684	|3024	|3081	|3498	|3129	|2803	|2768	|2810	|2763	|
________________________________________________________
62	|585	|486	|1656	|432	|488	|598	|372	|401	|337	|484	|412	|534	|392	|422	|453	|442	|3293	|2560	|0	|2969	|2672	|1812	|2610	|2570	|2525	|1608	|2101	|2557	|2200	|1640	|2583	|2489	|0	|2230	|3389	|2921	|2831	|2892	|2251	|3250	|2556	|2505	|2594	|2539	|2458	|1656	|1595	|2600	|2033	|1532	|2612	|2559	|3450	|2496	|2020	|2786	|2546	|1748	|2582	|2549	|2881	|15180	|2849	|2480	|2743	|2822	|1954	|2837	|2596	|2610	|2529	|2530	|
________________________________________________________
63	|480	|778	|249	|2788	|647	|458	|340	|558	|406	|0	|424	|618	|436	|414	|600	|575	|3569	|2781	|0	|3345	|2804	|2070	|2650	|2781	|2713	|1823	|2457	|2766	|2597	|1765	|2858	|2716	|3473	|3234	|2885	|0	|3132	|3040	|2961	|2502	|3619	|2332	|2781	|2693	|2694	|1857	|1835	|2788	|2225	|1944	|2678	|2763	|3697	|2741	|2387	|2906	|2939	|2165	|2793	|2707	|3299	|2849	|16514	|2597	|3011	|2960	|3037	|2628	|3239	|3159	|2783	|2740	|
________________________________________________________
64	|0	|681	|273	|472	|380	|437	|281	|286	|320	|349	|2399	|494	|312	|545	|478	|375	|3022	|2336	|2185	|2916	|2465	|1932	|2334	|2233	|2364	|1463	|0	|2419	|1932	|1487	|2441	|2361	|2917	|2646	|0	|2092	|2619	|2697	|2574	|2129	|2019	|3188	|2347	|2372	|2313	|1509	|1933	|2333	|1820	|1663	|2350	|2343	|3307	|2399	|1754	|2799	|2344	|1487	|2384	|2372	|2684	|2480	|2597	|14157	|2630	|2697	|2626	|2232	|1519	|2795	|2416	|2377	|
________________________________________________________
65	|577	|669	|322	|493	|431	|445	|326	|460	|310	|529	|388	|3249	|534	|468	|509	|575	|3577	|2729	|2209	|3265	|2779	|2011	|2762	|2632	|2663	|1793	|0	|2638	|2323	|1723	|2712	|2636	|3453	|3100	|3523	|3257	|2416	|0	|2962	|2446	|2738	|2788	|3622	|2289	|2710	|1892	|2061	|2691	|2122	|1892	|2696	|2686	|3693	|2778	|2020	|3249	|2759	|1958	|2742	|2583	|3024	|2743	|3011	|2630	|16356	|2940	|3008	|2640	|2768	|2776	|3142	|3100	|
________________________________________________________
66	|606	|714	|316	|484	|476	|479	|369	|506	|0	|611	|488	|616	|331	|568	|494	|313	|3536	|2717	|2291	|3324	|2777	|2005	|2739	|2669	|2664	|1691	|2500	|2815	|2440	|2007	|2759	|2688	|3358	|3142	|3500	|3211	|0	|2597	|2895	|2509	|2761	|2821	|2277	|3491	|2779	|1798	|1972	|2709	|2153	|1908	|2733	|2757	|3658	|2678	|2370	|2943	|2727	|1944	|2727	|2773	|3081	|2822	|2960	|2697	|2940	|16386	|3031	|2622	|2711	|2748	|1990	|3232	|
________________________________________________________
67	|684	|599	|216	|514	|687	|0	|436	|662	|374	|521	|423	|586	|528	|578	|639	|600	|3985	|3083	|2531	|3637	|3150	|2816	|2947	|2907	|3109	|2002	|2193	|3083	|2767	|2201	|3061	|2952	|4237	|2818	|3568	|3126	|3058	|3063	|3108	|0	|3496	|3431	|3502	|3372	|3000	|2039	|1991	|3100	|2515	|2493	|3003	|3044	|4088	|3063	|2262	|3456	|3189	|2482	|3158	|2963	|3498	|1954	|3037	|2626	|3008	|3031	|18354	|3316	|3548	|3479	|3433	|3434	|
________________________________________________________
68	|525	|776	|316	|456	|583	|398	|2088	|449	|304	|466	|369	|532	|465	|483	|560	|544	|3557	|2665	|1969	|3163	|2793	|0	|2708	|2626	|2657	|1715	|1946	|2587	|2372	|1884	|2628	|2630	|2512	|3544	|3052	|2762	|2692	|2702	|0	|2072	|3061	|2926	|3019	|2994	|2727	|1847	|1834	|2645	|2088	|1792	|2666	|2546	|3556	|2637	|1890	|2935	|2775	|2055	|2695	|2585	|3129	|2837	|2628	|2232	|2640	|2622	|3316	|15966	|3126	|3004	|3071	|3046	|
________________________________________________________
69	|672	|598	|259	|550	|440	|572	|374	|2901	|358	|387	|249	|574	|540	|0	|613	|626	|3753	|2753	|2035	|3316	|2917	|0	|2778	|2707	|2815	|1814	|2255	|2756	|2546	|2259	|2769	|2715	|3093	|2907	|4165	|2413	|2725	|2761	|3550	|2930	|2423	|0	|3205	|3103	|2906	|1939	|1651	|2751	|2274	|1981	|2901	|2745	|3871	|2822	|2123	|3125	|2990	|2379	|2946	|2824	|2803	|2596	|3239	|1519	|2768	|2711	|3548	|3126	|16907	|3303	|3256	|3221	|
________________________________________________________
70	|518	|603	|316	|528	|0	|581	|453	|580	|350	|565	|466	|537	|488	|392	|3102	|510	|3721	|2828	|2065	|3326	|2860	|2502	|2825	|2799	|2880	|1779	|2004	|2723	|2450	|0	|2872	|2701	|3125	|2806	|2911	|3729	|2896	|2930	|3439	|2926	|0	|2354	|3193	|3158	|2820	|1835	|2120	|2920	|2337	|2345	|2792	|2817	|3801	|2837	|2024	|3213	|3102	|2046	|2851	|2801	|2768	|2610	|3159	|2795	|2776	|2748	|3479	|3004	|3303	|17007	|3265	|3271	|
________________________________________________________
71	|550	|602	|279	|472	|585	|541	|387	|556	|462	|474	|390	|653	|357	|589	|506	|3004	|3695	|2789	|2043	|3290	|2959	|2308	|2899	|2762	|2780	|1795	|2042	|2714	|2435	|0	|2822	|2778	|3114	|2822	|3247	|2873	|3637	|2416	|3415	|2815	|3204	|3206	|2487	|0	|2805	|1937	|1836	|2814	|2215	|2229	|2737	|2762	|3864	|2818	|1812	|3139	|2872	|1987	|3004	|2718	|2810	|2529	|2783	|2416	|3142	|1990	|3433	|3071	|3256	|3265	|16800	|3158	|
________________________________________________________
72	|542	|633	|277	|441	|575	|520	|422	|562	|305	|495	|477	|604	|0	|549	|625	|561	|3674	|2886	|2041	|3314	|2854	|2329	|2739	|2713	|2716	|1781	|2040	|2855	|2561	|2223	|2697	|2704	|3060	|2823	|3143	|2834	|2338	|3602	|3417	|2842	|3112	|3140	|0	|2386	|2762	|1898	|1848	|2754	|2258	|2221	|2717	|2797	|3781	|2811	|2220	|3003	|2771	|2479	|2767	|2728	|2763	|2530	|2740	|2377	|3100	|3232	|3434	|3046	|3221	|3271	|3158	|16683	|
________________________________________________________
