0	|1	|2	|3	|4	|5	|6	|7	|8	|9	|10	|11	|12	|13	|14	|15	|16	|17	|18	|19	|20	|21	|22	|23	|24	|25	|26	|27	|28	|29	|30	|31	|32	|33	|34	|35	|36	|37	|38	|39	|40	|41	|42	|43	|44	|45	|46	|47	|48	|49	|50	|51	|52	|53	|54	|55	|56	|57	|58	|59	|60	|61	|62	|63	|64	|65	|66	|67	|68	|69	|70	|71	|72	|
1	|100	|2,84	|1,47	|2,72	|4,12	|2,34	|2,37	|4,65	|3,12	|3,03	|0	|3,37	|3,12	|2,03	|2,31	|3,37	|25,07	|100	|11,55	|20,76	|20,98	|13,39	|18,36	|18,79	|19,7	|15,14	|13,42	|16,7	|15,52	|11,55	|17,17	|16,08	|20,98	|16,33	|100	|17,08	|18,98	|18,7	|19,23	|13,11	|18,26	|11,27	|16,8	|16,67	|0	|8,55	|0	|19,98	|15,67	|12,11	|19,17	|19,76	|19,33	|20,7	|15,61	|17,76	|16,45	|12,24	|16,2	|16,05	|21,14	|18,3	|14,52	|0	|18,7	|18,3	|19,61	|15,95	|22,35	|14,52	|16,77	|16,89	|
________________________________________________________
2	|2,53	|100	|1,7	|3,45	|3,14	|3,5	|0	|3,2	|1,25	|3,61	|3,39	|4,61	|1,97	|2,33	|2,45	|2,86	|25,74	|15,93	|12,98	|100	|18,68	|14,29	|19,43	|18,54	|18,68	|8,39	|13,26	|17,79	|11,42	|10,62	|16,31	|17,04	|19,15	|100	|19,48	|20,07	|20,01	|20,12	|20,79	|15,95	|16,73	|16,09	|16,56	|17,7	|20,07	|12,4	|0	|14,26	|0	|13,76	|18,04	|18,01	|25,04	|16,87	|13,4	|22,68	|15,48	|13,01	|16,31	|17,15	|0	|13,09	|20,57	|18,15	|18,01	|18,73	|16,7	|22,29	|16,37	|16,73	|16,09	|17,07	|
________________________________________________________
3	|2,78	|3,6	|100	|2,84	|3,96	|3,6	|2,72	|2,07	|2,36	|3,9	|3,9	|3,48	|2,95	|2,6	|4,31	|2,48	|0	|13,47	|0	|24,34	|21,09	|12,7	|19,61	|19,2	|13,17	|14,71	|14,47	|17,25	|15,06	|11,99	|16,42	|16,95	|0	|16,13	|22,15	|22,62	|17,66	|20,32	|14,47	|21,03	|16,77	|18,67	|18,31	|17,9	|19,02	|100	|11,64	|18,13	|16,66	|12,29	|18,55	|17,48	|16,01	|21,38	|13,35	|16,42	|19,08	|12,29	|15,77	|15,59	|18,13	|100	|17,96	|17,96	|19,02	|19,26	|13,17	|18,37	|15,36	|19,37	|16,83	|15,83	|
________________________________________________________
4	|3,13	|4,46	|1,73	|100	|0	|3,81	|2,55	|3,74	|2,01	|0	|2,55	|4,71	|2,73	|2,88	|4,42	|4,03	|26,04	|19,86	|0	|18,96	|0	|14,89	|19,86	|18,13	|16,26	|10,79	|15,94	|21,51	|12,99	|11,76	|16,37	|16,4	|21,4	|20,07	|16,19	|0	|17,23	|19,17	|16,26	|15,29	|21,94	|13,92	|17,48	|16,26	|21,55	|11,65	|10,47	|100	|15,47	|13,71	|18,42	|18,67	|23,6	|15,83	|15,14	|21,15	|20,83	|17,27	|16,98	|16,83	|21,33	|16,29	|100	|15,9	|18,85	|19,06	|17,45	|16,76	|17,95	|19,5	|17,19	|16,22	|
________________________________________________________
5	|4,32	|3,7	|2,19	|0	|100	|2,06	|1,64	|4	|2,75	|3,47	|2,33	|3,31	|3,6	|2,98	|0	|3,57	|25,16	|19,69	|15,69	|23,49	|100	|11,33	|15,82	|19,16	|16,38	|10,84	|17,33	|19,23	|17,23	|13,82	|16,51	|16,61	|17,88	|15,98	|20,37	|19,39	|15,82	|15,46	|20,83	|15,1	|100	|17,46	|19,46	|19,46	|18,83	|13,17	|12,77	|0	|9,79	|0	|20,73	|21,42	|22,14	|17,46	|11,5	|16,8	|21,49	|15,49	|16,57	|16,48	|16,64	|14,74	|19,85	|12,64	|17,2	|15,59	|22,44	|19,29	|15	|0	|19,39	|19,39	|
________________________________________________________
6	|2,67	|4,49	|2,18	|3,78	|2,25	|100	|2,6	|2,39	|2,03	|4,35	|2,89	|3,6	|2,6	|3,53	|3,82	|3,89	|24,75	|19,4	|13,8	|22,65	|16,37	|12,77	|100	|20,54	|17,23	|11,2	|12,3	|18,9	|12,34	|11,73	|19,97	|13,66	|12,34	|18,69	|17,15	|19,12	|16,51	|16,16	|18,83	|100	|17,08	|20,08	|17,69	|18,47	|17,87	|11,8	|12,95	|20,76	|16,01	|0	|13,05	|0	|21,93	|16,41	|11,48	|20,19	|17,19	|13,59	|19,65	|13,34	|12,62	|19,76	|17,69	|16,87	|16,94	|17,48	|0	|13,12	|19,69	|22,57	|20,93	|19,9	|
________________________________________________________
7	|3,65	|0	|2,21	|3,41	|2,4	|3,5	|100	|3,65	|2,06	|1,78	|2,02	|2,74	|3,69	|3,02	|3,98	|3,55	|24,57	|18,76	|15,4	|0	|11,66	|0	|21,5	|19,87	|16,65	|10,51	|13,29	|14,06	|19,19	|12,81	|16,7	|16,7	|15,07	|20,87	|19,91	|16,7	|15,31	|15,45	|0	|12,62	|19,24	|20,73	|19,15	|19,39	|17,71	|12,67	|12,28	|21,45	|100	|11,47	|17,37	|21,26	|22,55	|16,94	|11,8	|14,01	|19,67	|13,15	|14,83	|17,13	|19,29	|15,88	|14,83	|12,91	|16,6	|16,22	|21,07	|100	|17,37	|21,74	|19,19	|18,14	|
________________________________________________________
8	|5,16	|3,99	|1,21	|3,6	|4,23	|2,32	|2,63	|100	|2,29	|2,77	|1,39	|3,08	|3,02	|0	|2,81	|4,26	|24,89	|20,38	|13,86	|23,43	|21,14	|0	|13,03	|0	|16,78	|10,5	|12,65	|17,26	|14,9	|14,35	|20,76	|13,76	|20,59	|15,29	|23,92	|15,18	|17,19	|16,08	|22,5	|16,64	|15,42	|0	|17,61	|19,65	|17,68	|13,59	|11,58	|20,07	|14,56	|12,06	|100	|20,1	|22,95	|16,92	|12,72	|17,47	|16,33	|15,56	|18,58	|17,71	|18,16	|12,62	|19,72	|9,32	|15,88	|15,7	|22,5	|17,5	|100	|19,62	|18,86	|20,35	|
________________________________________________________
9	|5,34	|2,41	|2,14	|2,99	|4,49	|3,05	|2,3	|3,53	|100	|2,14	|1,71	|3,79	|3,96	|3,63	|3,63	|4,44	|17,05	|20,84	|12,29	|19,03	|20,04	|12,72	|16,19	|17,1	|23,46	|100	|12,24	|17,53	|18,39	|12,72	|19,08	|19,13	|19,51	|18,44	|23,78	|17,16	|100	|17,85	|17,53	|15,82	|18,92	|14,7	|18,07	|11,28	|11,01	|15,5	|12,45	|16,25	|14	|12,88	|16,09	|16,35	|0	|11,01	|0	|23,78	|20,95	|15,34	|18,81	|18,81	|16,89	|16,57	|19,72	|15,45	|15,02	|0	|19,08	|16,41	|19,62	|15,71	|21,43	|13,79	|
________________________________________________________
10	|3,46	|4,63	|2,35	|0	|3,78	|4,35	|1,32	|2,85	|1,43	|100	|3,24	|3,35	|3,39	|4,21	|0	|3,53	|21,53	|16,46	|14,83	|22,02	|20,21	|17,36	|17,85	|16,25	|18,92	|9,84	|11,9	|100	|17,25	|13,47	|19,24	|18,96	|20,63	|19,24	|20,85	|100	|17,43	|21,88	|18,6	|15,47	|20,28	|18,18	|17,36	|16,43	|15,57	|12,22	|14,18	|19,81	|10,62	|10,83	|16,29	|15,68	|27,41	|20,28	|0	|14,75	|0	|14,9	|19,49	|19,39	|19,24	|16,68	|0	|12,69	|19,53	|20,1	|17,21	|15,82	|15,22	|21,95	|16,32	|17,85	|
________________________________________________________
11	|0	|5,24	|2,84	|3,05	|3,05	|3,48	|1,8	|1,72	|1,38	|3,91	|100	|2,97	|2,75	|3,61	|4,3	|2,97	|17,88	|20,84	|14,87	|20,63	|17,28	|13,19	|16,5	|16,07	|0	|6,49	|0	|20,89	|16,2	|12,51	|18,31	|20,33	|21,4	|20,63	|0	|15,77	|19,3	|20,84	|18,13	|15,6	|13,79	|22,56	|16,8	|19,08	|19,98	|14,35	|13,32	|16,8	|13,62	|11,95	|17,28	|16,29	|26,39	|100	|11,26	|20,37	|21,74	|12,68	|19,12	|17,92	|17,19	|16,97	|19,47	|100	|17,49	|20,84	|17,4	|14,53	|11,99	|19,98	|15,3	|18,74	|
________________________________________________________
12	|3,23	|4,97	|1,76	|3,92	|3,02	|3,02	|1,71	|2,66	|2,12	|2,81	|2,06	|100	|0	|3,02	|3,14	|4,37	|23,18	|16,51	|14,12	|22,82	|14,81	|13,1	|16,12	|16,75	|20,52	|12,98	|0	|12,95	|0	|13,16	|18,99	|17,74	|20,79	|20,49	|22,2	|19,77	|15,23	|0	|18,58	|15,47	|17,44	|16,09	|21,99	|13,19	|16,99	|10,8	|11,58	|19,89	|9,57	|10,92	|16,54	|16,57	|26,32	|16,78	|12,14	|100	|20,73	|13,64	|18,94	|18,04	|18,85	|17,5	|20,16	|15,26	|100	|18,1	|18,79	|14,81	|16,75	|16,27	|19,41	|18,94	|
________________________________________________________
13	|3,92	|2,78	|1,96	|2,98	|4,31	|2,86	|3,02	|3,41	|2,9	|3,73	|2,51	|0	|100	|2,2	|2,59	|3,22	|21,02	|17,65	|12	|14,47	|20,24	|11,65	|14,94	|17,29	|18	|12,94	|16,47	|21,41	|100	|10,71	|15,8	|21,06	|18,31	|16,16	|19,84	|17,06	|18,63	|18,82	|21,18	|16,78	|20,31	|15,84	|100	|19,06	|15,29	|10,51	|11,73	|12,24	|18	|12,86	|16,35	|18,2	|25,53	|18,47	|15,06	|0	|11,69	|0	|20,51	|19,57	|16,08	|15,33	|18,43	|13,06	|22,82	|13,41	|21,53	|18	|21,22	|19,45	|14	|0	|
________________________________________________________
14	|2,38	|3,07	|1,61	|2,92	|3,33	|3,62	|2,3	|0	|2,49	|4,31	|3,07	|3,69	|2,05	|100	|2,56	|2,7	|21,2	|16,67	|11,88	|19,77	|17,21	|14,14	|19,01	|18,09	|19,41	|13,52	|12,5	|20,91	|14,8	|11,37	|100	|19,99	|19,41	|16,3	|13,82	|19,99	|16,19	|19,96	|20,65	|16,19	|19,01	|100	|15,17	|20,54	|15,75	|11,7	|12,5	|16,05	|13,38	|13,01	|23,1	|13,34	|25,18	|17,07	|13,27	|22,15	|18,24	|0	|12,39	|0	|15,5	|14	|14,47	|18,42	|16,34	|19,88	|21,53	|17,58	|0	|14,14	|20,21	|20,25	|
________________________________________________________
15	|2,51	|2,99	|2,48	|4,17	|0	|3,63	|2,82	|2,75	|2,31	|0	|3,39	|3,56	|2,24	|2,37	|100	|2,75	|20,59	|17,1	|13,09	|17,81	|20,66	|14,76	|16,49	|15,91	|19,57	|12,48	|15,09	|0	|10,21	|0	|19,78	|19,81	|16,35	|17,5	|17,27	|22,86	|15,33	|16,18	|20,01	|17,37	|0	|13,16	|21,07	|19,98	|14,79	|11,57	|15,06	|19,37	|14,76	|14,35	|15,16	|15,77	|24,32	|18,45	|14,38	|23,3	|100	|12,08	|16,93	|20,73	|15,6	|13,81	|19,84	|16,62	|16,42	|15,13	|20,45	|17,47	|20,25	|100	|17,77	|20,79	|
________________________________________________________
16	|3,56	|3,4	|1,38	|3,69	|3,59	|3,59	|2,44	|4,06	|2,74	|3,26	|2,27	|4,81	|2,7	|2,44	|2,67	|100	|21,69	|16,88	|12,36	|19,88	|17,38	|13,68	|21,5	|15,92	|18,89	|12,07	|12,46	|18,86	|16,42	|0	|12,07	|0	|18,86	|16,45	|21	|17,18	|22,45	|13,45	|19,82	|16,58	|19,65	|19,19	|13,65	|0	|17,44	|10,55	|12,2	|16,75	|12,73	|12,76	|18,46	|11,14	|24,3	|19,29	|13,35	|21,3	|18,46	|12,13	|100	|21,17	|16,72	|14,54	|17,87	|12,86	|19,45	|11,28	|22,12	|17,67	|21,86	|16,98	|100	|19,52	|
________________________________________________________
17	|3,67	|4,23	|0	|3,31	|3,51	|3,17	|2,34	|3,28	|1,46	|2,76	|1,9	|3,54	|2,45	|2,65	|2,77	|3	|100	|18,51	|13,87	|22,87	|19,56	|13,58	|18,79	|18,87	|18,96	|8,44	|12,1	|16,92	|14,57	|11,24	|16,75	|16,41	|18,6	|16,97	|19,2	|17,02	|16,21	|16,46	|17,34	|14,73	|17,33	|15,91	|16,64	|16,7	|14,65	|0	|13,61	|18,63	|14,35	|12,89	|18,97	|18,43	|24,6	|14,65	|12,83	|18,78	|17,26	|12,1	|16,5	|16,78	|16,3	|14,94	|16,61	|13,79	|16,44	|16,58	|18,82	|16,56	|16,52	|16,1	|16,23	|16,77	|
________________________________________________________
18	|19,24	|3,44	|1,37	|3,32	|3,61	|3,27	|2,35	|3,53	|2,34	|2,77	|2,91	|3,32	|2,7	|2,74	|3,03	|3,08	|24,34	|100	|11,75	|23,11	|19,64	|14,26	|19,02	|19	|20,02	|14,02	|11,69	|16,6	|14,8	|11,38	|16,92	|16,35	|17,9	|16,49	|19,24	|16,75	|16,16	|16,89	|17,61	|15,14	|17,28	|16,35	|16,66	|16,92	|0	|8,98	|0	|19,24	|14,44	|12,35	|18,91	|18,84	|19,23	|20,27	|12,37	|18,64	|17,61	|11,54	|16,49	|16,25	|16,5	|15,27	|17,15	|14,1	|16,23	|16,47	|17,93	|16,08	|17,44	|16,5	|16,95	|17,02	|
________________________________________________________
19	|3,07	|3,87	|0	|0	|3,97	|3,21	|2,66	|3,32	|1,91	|3,45	|2,87	|3,91	|2,54	|2,69	|3,2	|3,11	|25,17	|16,22	|100	|20,54	|21,37	|15,24	|18,89	|18,79	|18,22	|9,23	|14,83	|16,4	|14,24	|10,76	|16,92	|16,95	|22,61	|17,16	|19,48	|20,65	|18,67	|18,09	|19,78	|13,08	|17,07	|16,88	|16,71	|17,02	|20,61	|0	|10,04	|0	|15,73	|12,95	|18,46	|18,55	|24,01	|16,88	|13,39	|18,35	|16,83	|11,4	|16,78	|16,01	|19,72	|0	|0	|16,64	|18,06	|18,66	|20,12	|16,67	|16,46	|16,88	|16,88	|16,32	|
________________________________________________________
20	|3,33	|18,01	|2,06	|2,64	|3,59	|3,18	|0	|3,38	|1,78	|3,09	|2,4	|3,82	|1,85	|2,71	|2,63	|3,02	|25,07	|19,26	|12,41	|100	|19,49	|14,21	|19,19	|19,03	|16,97	|10,47	|11,05	|18,53	|11,34	|11,37	|16,5	|17,11	|17,43	|18,01	|19,27	|16,88	|16,62	|16,94	|18,05	|14,92	|17,4	|16,32	|16,38	|16,55	|18,84	|13,01	|0	|14,39	|0	|13,5	|18,57	|18,77	|22,78	|16,69	|12,2	|21,87	|15,49	|12,91	|16,14	|16,78	|16,03	|14,52	|17,2	|14,03	|16,33	|16,57	|18,31	|16,05	|16,82	|16,55	|16,8	|16,75	|
________________________________________________________
21	|3,9	|3,9	|2,07	|0	|17,71	|2,66	|1,41	|3,54	|2,18	|3,29	|2,33	|2,87	|2,99	|2,73	|3,53	|3,06	|24,85	|18,97	|14,96	|22,59	|100	|11,78	|18,66	|18,9	|16,83	|10,66	|13,23	|19,42	|17,43	|11,01	|16,61	|16,47	|18,03	|15,88	|19,25	|17,48	|16,42	|16,32	|17,79	|15,04	|17,71	|16,06	|16,89	|16,79	|18,82	|12,68	|13,72	|0	|9,91	|0	|19,1	|19,08	|22,59	|16,7	|11,88	|15,71	|21	|11,87	|17,13	|16,38	|16,29	|15,13	|16,3	|13,99	|16,56	|16,56	|18,86	|15,6	|17,06	|16,75	|16,77	|17,25	|
________________________________________________________
22	|3,51	|4,21	|1,76	|3,39	|2,83	|2,93	|0	|0	|1,95	|3,99	|2,51	|3,58	|2,43	|3,17	|3,56	|3,4	|24,33	|19,43	|15,05	|23,22	|16,62	|100	|17,62	|19,95	|16,32	|10,97	|12,27	|18,01	|12,84	|13,27	|16,38	|17,07	|17,72	|16,95	|17,1	|18,7	|16,73	|15,93	|21,29	|15,25	|17,37	|19,05	|18,13	|18,22	|19,35	|12,78	|13	|20,02	|0	|10,14	|0	|20,54	|22,32	|16,88	|12,09	|20,11	|16,96	|12,73	|16,82	|16,96	|16,12	|14,13	|16,58	|15,94	|16,23	|16,37	|22,55	|0	|0	|20,32	|18,83	|18,47	|
________________________________________________________
23	|3,53	|4,2	|1,99	|3,32	|2,9	|16,84	|2,69	|2,26	|1,82	|3,01	|2,31	|3,24	|2,29	|3,12	|2,92	|3,92	|24,71	|19,02	|13,69	|23,03	|19,32	|12,93	|100	|19,09	|16,66	|10,76	|11,91	|17,04	|14,21	|9,77	|18,93	|12,34	|18,39	|17,21	|19,11	|17,12	|16,51	|16,14	|17,3	|16,84	|17,46	|16,3	|16,81	|17,24	|18,94	|12,8	|12,2	|19,15	|15,1	|0	|13,58	|0	|21,85	|16,47	|11,92	|18,36	|16,68	|12,44	|20,86	|14,03	|16,12	|15,04	|16,51	|14,1	|16,46	|16,84	|17,55	|16,03	|16,83	|16,75	|17,67	|16,77	|
________________________________________________________
24	|3,65	|4,04	|1,97	|3,05	|3,54	|3,49	|2,51	|0	|1,94	|2,76	|2,27	|3,39	|2,67	|3	|2,84	|2,93	|25,03	|19,17	|13,73	|23,02	|19,73	|14,77	|19,25	|100	|16,6	|10,39	|12,45	|17,09	|14,31	|12,45	|19,41	|18,92	|18,23	|16,71	|19,45	|16,54	|16,89	|16,65	|16,44	|14,8	|17,03	|15,97	|16,45	|16,23	|18,46	|13,17	|11,78	|18,86	|14,82	|14,05	|0	|7,76	|23,06	|16,88	|12,3	|18,71	|17,11	|11,96	|14,83	|21,69	|16,34	|15,26	|16,76	|13,83	|16,91	|16,51	|18,04	|15,82	|16,32	|16,54	|16,87	|16,26	|
________________________________________________________
25	|3,77	|4,02	|1,33	|2,7	|2,99	|2,89	|2,07	|2,89	|2,62	|3,18	|0	|4,1	|2,74	|3,18	|3,45	|3,43	|24,82	|19,94	|13,14	|20,27	|17,34	|11,92	|16,59	|16,39	|100	|14,24	|14,81	|18,88	|16,51	|12,43	|19,67	|19,58	|18,12	|16,99	|19,55	|16,73	|16,42	|16,45	|17,82	|14,79	|17,21	|15,95	|16,92	|16,2	|19,46	|8,71	|11,26	|16,32	|13,04	|11,19	|16,54	|16,19	|18,97	|0	|14,69	|21,61	|19,82	|13,29	|18,85	|18,66	|16,2	|15,11	|17,02	|14,24	|16,2	|16,51	|18,55	|16,25	|17,26	|16,86	|17,13	|16,58	|
________________________________________________________
26	|4,58	|2,85	|2,35	|2,83	|3,12	|2,96	|2,07	|2,86	|17,65	|2,6	|1,42	|4,09	|3,11	|3,49	|3,47	|3,45	|17,43	|22,03	|10,51	|19,74	|17,33	|12,64	|16,9	|16,18	|22,46	|100	|12,33	|18,96	|16,36	|12,66	|19,25	|19,04	|18,01	|16,84	|19,82	|17,12	|17,65	|16,25	|17,68	|15,55	|17,03	|16,5	|16,87	|16,56	|11,01	|16,1	|11,42	|16,47	|13,14	|11,37	|16,09	|16,13	|0	|11,02	|0	|21,72	|20,25	|13,36	|18,85	|18,19	|16,66	|14,59	|16,92	|13,54	|16,73	|17,08	|18,32	|15,73	|17,16	|16,42	|17,13	|16,65	|
________________________________________________________
27	|3,57	|3,96	|2,03	|3,68	|4,39	|2,86	|2,3	|3,03	|1,9	|2,77	|0	|0	|3,49	|2,84	|3,69	|3,14	|21,99	|16,16	|14,85	|18,32	|18,94	|12,44	|16,45	|17,07	|20,56	|10,85	|100	|17,31	|18,09	|13,32	|18,3	|17,93	|20,72	|18,24	|22,61	|16,59	|16,91	|21,46	|16,79	|14,57	|18,78	|14,44	|16,8	|16,45	|16,3	|11,32	|12,33	|16,47	|14,75	|11,72	|16,05	|16,64	|27,63	|0	|10,69	|0	|20,36	|14,06	|17,63	|18,63	|19,44	|17,14	|21,08	|0	|0	|20,9	|18,33	|16,57	|18,39	|17,07	|16,16	|16,52	|
________________________________________________________
28	|3,21	|3,84	|1,75	|3,58	|3,52	|3,18	|1,76	|2,98	|1,97	|16,82	|2,91	|2,59	|3,27	|3,43	|0	|3,43	|22,21	|16,56	|11,86	|22,18	|20,06	|13,19	|17	|16,91	|18,92	|12,05	|12,49	|100	|18,39	|13,5	|19,15	|19,25	|18,1	|16,89	|19,43	|16,82	|16,64	|17,29	|16,99	|15,06	|17,15	|15,89	|16,69	|16,82	|16,65	|11,53	|11,36	|20,52	|10,82	|11,24	|16,42	|16,06	|26,22	|18,28	|0	|15,04	|0	|14,17	|18,79	|18,76	|16,99	|15,2	|17,11	|14,06	|16,69	|16,07	|18,15	|16,63	|16,98	|16,72	|16,39	|17,52	|
________________________________________________________
29	|3,4	|2,81	|1,74	|2,47	|3,59	|2,36	|2,73	|2,94	|2,35	|3,31	|2,58	|0	|17,42	|2,77	|2,06	|3,4	|21,8	|16,84	|11,74	|15,48	|20,53	|10,72	|16,17	|16,14	|18,87	|11,85	|14,89	|20,97	|100	|11,29	|18,58	|19,29	|17,34	|16,36	|20,29	|16,62	|15,8	|16,17	|17,73	|14,88	|17,12	|16,24	|17,42	|17,64	|16,21	|11,52	|12,08	|12,64	|17,96	|11,53	|16,86	|17,05	|25,23	|18,39	|14,67	|0	|11,78	|0	|19,09	|18,47	|16,28	|15,14	|17,98	|13,2	|16,5	|16,14	|18,26	|16,02	|17,12	|16	|15,84	|17,09	|
________________________________________________________
30	|3,29	|3,39	|1,8	|2,9	|3,75	|2,92	|2,37	|3,68	|2,11	|3,36	|2,58	|3,91	|2,42	|2,76	|0	|0	|21,85	|16,83	|11,52	|20,17	|16,85	|14,39	|14,44	|18,25	|18,46	|11,92	|14,24	|19,99	|14,68	|100	|17,24	|19,52	|17,99	|17,05	|19,54	|16,62	|15,09	|19,12	|19,91	|16,89	|21,15	|16,53	|16,69	|20,24	|16,48	|11,92	|10,92	|16,42	|13,1	|13,18	|16,38	|18,27	|25,38	|18,7	|13,71	|22,53	|0	|10,25	|0	|19,96	|16,6	|15,78	|17,1	|14,2	|15,97	|18,71	|20,77	|18,39	|20,89	|0	|0	|20,16	|
________________________________________________________
31	|3,31	|3,53	|1,67	|2,74	|3,03	|3,37	|2,09	|3,6	|2,15	|3,25	|2,56	|3,82	|2,42	|16,45	|3,51	|2,2	|22,05	|16,94	|12,27	|19,82	|17,21	|12,04	|18,94	|19,26	|19,78	|12,26	|13,25	|19,21	|16,35	|11,68	|100	|21,01	|18,33	|17,43	|19,32	|16,56	|17,51	|16,86	|18,53	|15,01	|17,56	|16,45	|17,21	|16,28	|16,59	|11,29	|11,15	|16,37	|13,44	|11,51	|21,67	|14,09	|25,65	|18,44	|13,61	|22,03	|19,76	|0	|12,28	|0	|16,15	|14,94	|16,71	|14,04	|16,2	|16,85	|18,48	|15,76	|16,54	|16,56	|17,06	|16,83	|
________________________________________________________
32	|3,1	|3,69	|1,73	|2,74	|3,05	|2,3	|2,09	|2,39	|2,15	|3,2	|2,85	|3,57	|3,23	|3,29	|3,51	|0	|21,61	|16,38	|12,3	|20,56	|17,08	|12,55	|12,36	|18,79	|19,69	|12,14	|12,99	|19,33	|16,98	|13,22	|21,02	|100	|18,15	|17,02	|19,61	|17,01	|17,47	|16,52	|17,17	|14,71	|17,29	|16,22	|16,82	|15,83	|16,37	|11,41	|11,13	|16,58	|12,76	|12,52	|14,15	|20,9	|25,51	|19	|13,66	|21,08	|19,64	|14,35	|0	|8,43	|16,4	|14,92	|16,83	|13,88	|16,29	|16,13	|18,17	|15,55	|16,62	|16,67	|17,05	|16,49	|
________________________________________________________
33	|3,67	|3,77	|0	|3,25	|2,99	|1,89	|1,72	|3,25	|2	|3,17	|2,72	|3,8	|2,55	|2,9	|2,64	|3,13	|22,27	|16,29	|14,92	|19,04	|16,99	|11,84	|16,74	|16,45	|16,57	|10,44	|13,65	|16,52	|13,87	|11,08	|16,67	|16,5	|100	|18,31	|21,58	|19,3	|19,02	|18,95	|20,31	|10,04	|17,83	|16,41	|17,08	|16,62	|17,02	|11,37	|14,11	|17	|12,78	|12,46	|16,24	|16,51	|23,02	|16,9	|13,12	|18,86	|16,69	|11,84	|16,58	|16,74	|14,84	|0	|18,59	|15,89	|19,04	|18,79	|23,14	|13,62	|17,39	|16,16	|16,81	|16,33	|
________________________________________________________
34	|3,1	|21,35	|1,62	|3,31	|2,9	|3,11	|2,58	|2,62	|2,05	|3,2	|2,85	|4,07	|2,45	|2,65	|3,06	|2,96	|22,05	|16,3	|12,28	|21,35	|16,24	|12,29	|17	|16,37	|16,87	|10,59	|13,04	|16,73	|14,21	|11,39	|17,2	|16,79	|19,88	|100	|21,83	|18,91	|19,69	|18,82	|19,88	|16,54	|17,32	|16,17	|16,55	|16,87	|16,69	|11,13	|0	|16,71	|12,64	|11,51	|16,28	|15,31	|22,94	|17,34	|13,22	|19,36	|17,04	|11,67	|16,96	|16,35	|0	|13,35	|19,28	|16,13	|18,85	|18,64	|16,63	|21,04	|16,9	|16,43	|16,51	|17,2	|
________________________________________________________
35	|16,65	|3,64	|1,95	|2,34	|3,23	|2,5	|2,16	|3,59	|2,31	|3,04	|0	|3,86	|2,63	|1,96	|2,65	|3,31	|21,85	|16,65	|12,22	|20,01	|17,25	|10,86	|16,54	|16,69	|17	|10,92	|14,16	|16,85	|15,43	|11,44	|16,71	|16,95	|20,52	|19,12	|100	|18,06	|19,01	|19,08	|17,48	|15	|19,46	|11,67	|16,58	|16,61	|16,63	|11,44	|0	|16,22	|13,3	|11,6	|16,84	|16,99	|22,71	|16,71	|15,05	|17,79	|17,4	|12,88	|16,57	|16,77	|19,07	|16,96	|15,43	|0	|18,32	|18,55	|18,19	|16,14	|21,19	|14,27	|16,88	|16,75	|
________________________________________________________
36	|3,24	|4,28	|2,27	|0	|3,51	|3,18	|2,06	|2,6	|1,9	|16,63	|2,18	|3,92	|2,58	|3,24	|3,99	|3,09	|22,08	|16,53	|14,77	|19,98	|17,86	|13,54	|16,89	|16,19	|16,58	|10,76	|11,84	|16,63	|14,42	|11,09	|16,33	|16,75	|20,92	|18,89	|20,6	|100	|19,47	|19,42	|18,14	|15,17	|20,07	|18,95	|16,56	|16,63	|16,52	|11,55	|14,16	|16,27	|13,28	|11,31	|16,81	|16,23	|22,46	|16,77	|0	|18,44	|17,64	|12	|16,83	|16,87	|18,75	|16,81	|0	|12,21	|18,88	|19,37	|18,07	|15,85	|14,24	|21,88	|16,72	|16,74	|
________________________________________________________
37	|3,66	|4,34	|1,8	|2,89	|2,91	|2,79	|1,92	|2,99	|11,28	|2,95	|2,71	|3,07	|2,86	|2,67	|2,72	|4,1	|21,39	|16,22	|13,57	|20,01	|17,06	|12,32	|16,57	|16,8	|16,55	|11,28	|12,28	|16,73	|13,93	|10,25	|17,55	|17,5	|20,97	|19,99	|22,03	|19,8	|100	|19,24	|17,64	|15,13	|17	|16,25	|18,73	|11,51	|16,62	|11,12	|12,25	|16,4	|12,58	|11,59	|16,89	|15,96	|22,18	|16,51	|0	|18,83	|16,77	|12,34	|16,89	|17,17	|18,72	|16,83	|18	|15,76	|15,14	|0	|18,36	|16,37	|16,93	|16,21	|22,11	|14,36	|
________________________________________________________
38	|3,58	|4,33	|2,06	|3,19	|2,82	|2,71	|1,93	|2,78	|2	|3,67	|2,9	|0	|2,87	|3,27	|2,85	|2,44	|21,56	|16,82	|13,05	|20,24	|16,82	|11,64	|16,07	|16,44	|16,45	|10,31	|15,46	|17,25	|14,16	|12,88	|16,78	|16,43	|20,73	|18,97	|21,96	|19,6	|19,1	|100	|17,29	|14,88	|17,02	|16,81	|18,92	|18,62	|16,42	|11,77	|12,11	|16,68	|12,78	|11,48	|16,84	|16,73	|22,52	|16,75	|14,14	|17,52	|17,02	|11,27	|15,66	|15,84	|19,17	|17,15	|19,19	|16,06	|0	|14,75	|18,15	|16,17	|17,07	|16,64	|14,33	|21,7	|
________________________________________________________
39	|3,48	|4,23	|1,39	|2,56	|3,6	|2,99	|0	|3,67	|1,85	|2,95	|2,39	|3,51	|3,05	|3,19	|3,34	|3,4	|21,47	|16,58	|13,5	|20,39	|17,34	|14,71	|16,28	|15,35	|16,85	|10,6	|11,43	|16,03	|14,67	|12,68	|17,43	|16,14	|21	|18,94	|19,02	|17,3	|16,55	|16,35	|100	|16,49	|19,56	|18,48	|18,84	|18,88	|16,6	|11,41	|11,25	|16,18	|13,07	|14,46	|16,8	|16,31	|22,13	|16,73	|12,4	|18,87	|17,16	|13,54	|16,8	|15,79	|22,09	|11,94	|16,35	|13,98	|16,37	|16,91	|17,13	|0	|20,02	|18,58	|18,99	|18,96	|
________________________________________________________
40	|2,81	|3,84	|2,38	|2,85	|3,09	|18,77	|1,76	|3,21	|1,98	|2,91	|2,43	|3,46	|2,87	|2,97	|3,43	|3,37	|21,6	|16,88	|10,57	|19,96	|17,36	|12,48	|18,77	|16,36	|16,56	|11,03	|11,75	|16,83	|14,58	|12,73	|16,71	|16,37	|12,29	|18,66	|19,32	|17,13	|16,81	|16,66	|19,52	|100	|19,01	|18,56	|19,05	|19,03	|16,23	|11,37	|11,16	|16,62	|13,44	|0	|16,64	|16,29	|21,88	|16,83	|11,85	|19,2	|16,84	|13,34	|16,97	|16,12	|13,48	|20,91	|17,01	|14,62	|16,58	|16,64	|0	|13,15	|19,24	|19,19	|19,28	|19,6	|
________________________________________________________
41	|3,38	|3,48	|1,64	|3,53	|17,65	|2,77	|2,32	|2,57	|2,05	|3,29	|1,86	|3,37	|3	|3,01	|0	|3,45	|21,95	|16,64	|11,91	|20,09	|17,65	|12,28	|16,81	|16,26	|16,65	|10,44	|13,08	|16,55	|14,49	|13,77	|16,89	|16,62	|18,85	|16,88	|21,65	|19,58	|16,31	|16,45	|20	|16,42	|100	|18,44	|18,68	|18,85	|16,52	|11,38	|11,34	|16,01	|13,03	|0	|16,74	|16,84	|22,25	|16,75	|12,47	|18,64	|17,57	|14,46	|16,17	|16,66	|16,89	|15,14	|21,51	|11,59	|16,73	|16,58	|20,69	|18,41	|14,95	|0	|19,07	|19,19	|
________________________________________________________
42	|2,2	|3,53	|1,93	|2,36	|3,25	|3,44	|2,64	|0	|1,68	|3,11	|3,21	|3,28	|2,47	|16,7	|2,37	|3,55	|21,26	|16,62	|12,43	|19,9	|16,9	|14,21	|16,56	|16,1	|16,29	|10,68	|10,62	|16,18	|14,51	|11,37	|16,7	|16,46	|18,32	|16,63	|13,71	|19,52	|16,47	|17,16	|19,95	|16,92	|19,46	|100	|18,34	|19,8	|16,26	|11,35	|12,42	|16,39	|13,46	|14	|16,85	|16,03	|22,64	|16,53	|11,48	|18,47	|16,55	|0	|16,58	|16,46	|16,31	|14,46	|14,51	|19,05	|17,1	|16,71	|20,51	|18,38	|0	|13,78	|19,32	|19,7	|
________________________________________________________
43	|3,23	|3,58	|1,86	|2,92	|3,57	|2,98	|2,4	|3,05	|2,03	|2,93	|2,35	|4,42	|15,33	|2,49	|3,73	|2,49	|21,9	|16,67	|12,12	|19,67	|17,5	|13,32	|16,82	|16,33	|17,01	|10,75	|12,17	|16,74	|15,33	|11,3	|17,2	|16,81	|18,77	|16,76	|19,17	|16,8	|18,68	|19,01	|20,03	|17,11	|19,42	|18,06	|100	|18,87	|16,88	|11,41	|11,19	|16,05	|13,41	|12,98	|16,2	|16,03	|22,44	|16,8	|12,44	|18,47	|17,25	|0	|16,67	|16,28	|16,59	|14,94	|16,97	|13,83	|22,05	|13,71	|20,41	|18,42	|19,11	|19,33	|14,22	|0	|
________________________________________________________
44	|3,2	|3,82	|1,82	|2,71	|3,56	|3,11	|2,42	|3,4	|1,27	|2,77	|2,66	|2,65	|2,92	|3,37	|3,53	|0	|21,94	|16,9	|12,32	|19,82	|17,36	|13,36	|17,22	|16,08	|16,26	|10,53	|11,88	|16,83	|15,48	|13,68	|16,24	|15,79	|18,23	|17,05	|19,17	|16,83	|11,46	|18,68	|20,03	|17,05	|19,55	|19,46	|18,83	|100	|16,29	|11,53	|10,8	|16,44	|13,42	|12,74	|16,95	|16,22	|22,66	|16,31	|13	|18,61	|16,71	|14,37	|16,36	|16,57	|16,54	|14,8	|16,66	|14,49	|13,79	|21,58	|20,79	|18,15	|19,11	|19,12	|0	|14,5	|
________________________________________________________
45	|0	|4,34	|1,93	|3,6	|3,45	|3,01	|2,22	|3,06	|1,24	|2,63	|2,79	|3,41	|2,34	|2,59	|2,62	|3,18	|19,28	|0	|14,94	|22,62	|19,49	|14,2	|18,94	|18,31	|19,56	|7,01	|11,79	|16,69	|14,26	|11,15	|16,58	|16,35	|18,7	|16,9	|19,23	|16,75	|16,57	|16,5	|17,64	|14,56	|17,16	|16,01	|16,87	|16,31	|100	|13,61	|13,63	|19,27	|14,77	|12,83	|18,57	|18,67	|26,5	|20,15	|13,33	|18,93	|17,01	|12,29	|16,54	|16,47	|16,25	|14,49	|16,82	|14,03	|15,69	|16,57	|18,12	|16,33	|16,54	|16,33	|16,87	|16,62	|
________________________________________________________
46	|2,4	|3,91	|14,85	|2,84	|3,53	|2,9	|2,32	|3,44	|2,54	|3,01	|2,93	|3,17	|2,35	|2,81	|2,99	|2,81	|0	|13,12	|0	|22,8	|19,18	|13,71	|18,7	|19,08	|12,78	|14,98	|11,97	|16,88	|14,79	|11,78	|16,48	|16,64	|18,24	|16,46	|19,31	|17,09	|16,19	|17,27	|17,71	|14,9	|17,27	|16,31	|16,65	|16,86	|19,87	|100	|11,2	|19,49	|14,98	|12,97	|19,09	|18,83	|17,46	|20,69	|10,98	|18,65	|16,95	|11,76	|16,51	|16,42	|16,8	|14,85	|17,04	|14,16	|16,81	|17,36	|18,32	|15,93	|17,76	|16,8	|17,17	|16,24	|
________________________________________________________
47	|0	|0	|1,76	|2,59	|3,48	|3,24	|2,28	|2,98	|2,08	|3,55	|2,76	|3,45	|2,67	|3,05	|3,96	|3,3	|26,57	|0	|10,8	|0	|21,09	|14,16	|18,11	|17,33	|16,79	|10,8	|13,24	|16,9	|15,76	|10,97	|16,53	|16,49	|23,01	|0	|0	|21,3	|18,13	|18,05	|17,73	|14,86	|17,48	|18,14	|16,59	|16,06	|20,22	|11,39	|100	|16,41	|16,08	|14,02	|17,61	|18,15	|22,77	|16,5	|14,75	|16,95	|18,32	|11,88	|16,68	|16,63	|20,11	|15,66	|16,34	|17,74	|18,52	|18,14	|18,25	|15,67	|14,92	|18,84	|16,74	|16,73	|
________________________________________________________
48	|3,86	|3,09	|1,85	|16,75	|0	|3,51	|2,69	|3,49	|1,83	|3,35	|2,36	|4,01	|1,88	|2,65	|3,44	|3,06	|24,58	|19,3	|0	|17,33	|0	|14,75	|19,21	|18,76	|16,45	|10,52	|11,96	|20,64	|11,15	|11,14	|16,4	|16,61	|18,74	|16,96	|18,81	|16,55	|16,4	|16,81	|17,24	|14,96	|16,69	|16,18	|16,09	|16,51	|19,33	|13,39	|11,09	|100	|15,92	|14,11	|18,8	|18,33	|23	|16,45	|12,22	|22,38	|20,32	|13,36	|15,98	|16,51	|16,58	|14,61	|16,75	|14,39	|16,81	|16,38	|18,28	|16,46	|16,54	|16,6	|16,89	|16,79	|
________________________________________________________
49	|3,82	|0	|2,14	|3,27	|2,27	|3,42	|15,85	|3,19	|1,99	|2,27	|2,41	|2,43	|3,49	|2,78	|3,31	|2,94	|23,91	|18,29	|14,44	|0	|12,99	|0	|19,12	|18,61	|16,59	|10,6	|13,52	|13,73	|20	|11,23	|17,01	|16,13	|17,78	|16,2	|19,46	|17,04	|15,87	|16,25	|17,58	|15,27	|17,14	|16,77	|16,97	|17,02	|18,7	|12,98	|13,72	|20,1	|100	|11,61	|19,31	|19,02	|22,7	|16,63	|11,79	|13,58	|19,94	|10,42	|16,75	|16,36	|16,1	|14,57	|16,59	|13,46	|16,73	|16,56	|18,52	|15,85	|17,51	|16,44	|17,05	|16,45	|
________________________________________________________
50	|3,38	|4,31	|1,81	|3,31	|0	|0	|2,08	|3,03	|2,1	|2,64	|2,42	|3,18	|2,85	|3,1	|3,68	|3,37	|24,56	|17,89	|13,59	|23,46	|0	|10,78	|0	|20,18	|16,29	|10,48	|12,28	|16,31	|14,69	|12,91	|16,66	|18,11	|19,82	|16,88	|19,41	|16,6	|16,73	|16,7	|22,25	|0	|0	|19,96	|18,79	|18,48	|18,57	|12,86	|13,69	|20,37	|13,28	|100	|16,77	|19,02	|22,81	|17,24	|12,41	|17,97	|16,89	|14,52	|15,43	|17,82	|18,51	|13,02	|17,07	|13,59	|16,1	|16,27	|21,58	|16,44	|17,64	|20,43	|18,9	|18,97	|
________________________________________________________
51	|3,69	|3,9	|1,89	|3,08	|3,81	|2,2	|2,18	|17,35	|1,81	|2,75	|2,42	|3,33	|2,51	|3,8	|2,69	|3,37	|24,99	|18,94	|13,39	|22,31	|19,8	|0	|13,59	|0	|16,64	|10,26	|11,63	|16,48	|14,84	|11,1	|21,68	|14,15	|17,86	|16,5	|19,49	|17,06	|16,85	|16,94	|17,88	|14,95	|17,41	|16,6	|16,21	|16,99	|18,59	|13,09	|11,88	|18,77	|15,27	|11,6	|100	|19,75	|22,98	|16,7	|12,34	|18,61	|17,02	|12,35	|18,98	|18,35	|16,37	|15,22	|16,94	|13,97	|16,13	|16,38	|18,54	|16,74	|17,35	|16,5	|16,94	|17,06	|
________________________________________________________
52	|3,84	|3,93	|1,8	|3,15	|3,97	|0	|2,69	|3,52	|1,86	|2,67	|2,3	|3,36	|2,82	|2,21	|2,82	|2,05	|24,49	|19,04	|13,58	|22,75	|19,95	|15,23	|0	|7,77	|16,43	|10,38	|12,16	|16,26	|15,14	|12,49	|14,22	|21,08	|18,33	|15,65	|19,84	|16,62	|16,07	|16,98	|17,5	|14,76	|17,67	|15,93	|16,18	|16,41	|18,86	|13,02	|12,35	|18,46	|15,18	|13,26	|19,92	|100	|22,05	|16,51	|12,65	|18,03	|17,28	|11,72	|11,98	|18,99	|17,03	|14,87	|16,75	|13,33	|16,64	|16,52	|17,39	|15,64	|16,78	|16,2	|16,47	|16,99	|
________________________________________________________
53	|2,74	|3,99	|1,2	|2,91	|3	|2,73	|2,08	|2,93	|0	|3,41	|2,72	|3,9	|2,89	|3,05	|3,18	|3,27	|23,88	|14,19	|12,84	|20,17	|17,26	|12,09	|16,12	|16,88	|14,06	|0	|14,75	|19,39	|16,37	|12,67	|18,91	|18,8	|18,66	|17,14	|19,37	|16,8	|16,31	|16,69	|17,35	|14,49	|17,05	|16,44	|16,55	|16,75	|19,55	|8,82	|11,32	|16,92	|13,23	|11,62	|16,93	|16,11	|100	|19,45	|13,37	|21,87	|18,99	|13,64	|18,72	|18,93	|16,65	|15,09	|17,04	|13,82	|16,53	|16,05	|18,47	|16,51	|16,27	|16,69	|16,86	|16,8	|
________________________________________________________
54	|3,98	|3,65	|2,18	|2,64	|3,2	|2,76	|2,12	|2,93	|1,24	|3,42	|13,98	|3,37	|2,83	|2,81	|3,27	|3,51	|19,28	|20,28	|12,24	|20,03	|17,29	|12,4	|16,47	|16,75	|0	|7,02	|0	|18,33	|16,17	|12,65	|18,43	|18,97	|18,57	|17,56	|19,32	|17	|16,46	|16,83	|17,78	|15,11	|17,4	|16,27	|16,79	|16,34	|20,15	|14,17	|11,12	|16,4	|13,13	|11,9	|16,68	|16,35	|26,36	|100	|12,45	|22,05	|19,76	|13,65	|18,86	|18,99	|16,14	|14,77	|17,18	|13,98	|16,6	|16,52	|18,16	|15,81	|17,18	|16,88	|16,96	|16,79	|
________________________________________________________
55	|4,11	|3,96	|1,86	|3,46	|2,88	|2,65	|2,02	|3,02	|0	|0	|2,15	|3,34	|3,16	|2,98	|3,48	|3,33	|23,09	|16,93	|13,27	|20,02	|16,82	|12,15	|16,31	|16,68	|20,18	|0	|10,59	|0	|17,64	|12,69	|18,61	|18,66	|19,72	|18,31	|23,8	|0	|0	|19,43	|18,02	|14,55	|17,73	|15,45	|17	|17,81	|18,24	|10,28	|13,59	|16,67	|12,74	|11,72	|16,86	|17,13	|24,79	|17,03	|100	|19,47	|21,11	|14,92	|18,66	|19,03	|18,1	|16,59	|20,71	|14,24	|16,38	|20,11	|18,26	|15,98	|17,47	|15,97	|15,52	|17,84	|
________________________________________________________
56	|3,05	|4,37	|1,49	|3,15	|2,75	|3,03	|1,56	|2,7	|2,38	|2,22	|2,54	|17,9	|0	|3,24	|3,68	|3,46	|22,02	|16,62	|11,85	|23,39	|14,49	|13,16	|16,37	|16,54	|19,35	|12,33	|0	|13,44	|0	|13,58	|19,62	|18,77	|18,47	|17,47	|18,32	|16,66	|16,73	|15,68	|17,87	|15,36	|17,26	|16,2	|16,45	|16,61	|16,87	|11,38	|10,18	|19,88	|9,56	|11,06	|16,57	|15,91	|26,41	|19,64	|12,68	|100	|21,49	|13,57	|18,87	|18,68	|16,86	|15,17	|16,25	|14,76	|17,9	|16,03	|18,2	|15,69	|16,57	|17,22	|16,56	|16,92	|
________________________________________________________
57	|3,07	|3,25	|1,88	|3,37	|3,82	|2,81	|2,39	|2,74	|2,28	|0	|2,95	|4,04	|1,74	|2,91	|17,18	|3,26	|22,02	|17,08	|11,83	|18,03	|21,09	|12,08	|16,18	|16,46	|19,31	|12,51	|14,29	|0	|10,04	|0	|19,14	|19,02	|17,79	|16,73	|19,5	|17,34	|16,21	|16,58	|17,68	|14,65	|17,71	|15,79	|16,72	|16,23	|16,49	|11,26	|11,97	|19,65	|15,28	|11,31	|16,48	|16,59	|24,96	|19,16	|14,97	|23,38	|100	|12,48	|19,09	|19,24	|16,71	|14,42	|17,39	|14,15	|16,2	|16,27	|18,17	|16,05	|17,53	|17,18	|17,5	|16,6	|
________________________________________________________
58	|3,28	|3,92	|1,74	|4,02	|3,96	|3,19	|2,29	|3,76	|2,4	|3,5	|2,47	|3,82	|0	|0	|2,98	|3,08	|22,17	|16,08	|11,51	|21,58	|17,12	|13,01	|17,33	|16,53	|18,59	|11,85	|14,18	|19,78	|0	|9,66	|0	|19,96	|18,12	|16,45	|20,73	|16,95	|17,14	|15,77	|20,03	|16,67	|20,93	|0	|0	|20,04	|17,11	|11,21	|11,15	|18,54	|11,46	|13,97	|17,18	|16,16	|25,74	|19,01	|15,2	|21,21	|17,92	|100	|17,7	|20,12	|16,55	|14,46	|17,8	|12,23	|15,38	|15,86	|21,23	|17,91	|21,08	|16,94	|17,41	|20,39	|
________________________________________________________
59	|3,14	|3,55	|1,61	|2,85	|3,06	|3,33	|1,87	|3,24	|2,13	|3,31	|2,69	|3,83	|3,16	|2,05	|3,02	|18,33	|21,83	|16,59	|12,23	|19,48	|17,84	|12,42	|20,99	|14,79	|19,05	|12,07	|12,83	|18,94	|16,88	|0	|12,35	|0	|18,32	|17,26	|19,26	|17,16	|16,93	|15,82	|17,96	|15,31	|16,9	|16,41	|16,76	|16,48	|16,63	|11,37	|11,31	|16,02	|13,31	|10,71	|19,07	|11,93	|25,51	|18,97	|13,72	|21,29	|19,8	|12,78	|100	|20,65	|16,48	|14,6	|17,23	|14,14	|16,06	|16,64	|18,59	|15,92	|16,91	|17,01	|18,33	|16,25	|
________________________________________________________
60	|3,11	|3,73	|1,6	|2,83	|3,04	|2,26	|2,16	|3,09	|2,13	|3,29	|2,52	|3,65	|3,02	|0	|3,7	|3,88	|22,23	|16,37	|11,69	|20,28	|17,08	|12,54	|14,13	|21,67	|18,88	|11,67	|13,58	|18,94	|16,36	|13,6	|0	|8,48	|18,53	|16,67	|19,53	|17,22	|17,24	|16,03	|16,9	|14,57	|17,43	|16,31	|16,39	|16,71	|16,59	|11,32	|11,29	|16,58	|13,02	|12,39	|18,46	|18,94	|25,84	|19,12	|14,01	|21,11	|19,99	|14,55	|20,68	|100	|17,19	|15,07	|16,9	|13,61	|15,8	|16,37	|17,95	|16,08	|17,04	|16,28	|16,33	|15,99	|
________________________________________________________
61	|4,08	|0	|1,85	|3,57	|3,06	|2,13	|2,42	|3,16	|1,9	|3,26	|2,41	|3,8	|2,47	|2,56	|2,77	|3,06	|21,52	|16,57	|14,34	|19,3	|16,92	|11,88	|16,17	|16,26	|16,34	|10,65	|14,11	|17,09	|14,37	|11,27	|16,2	|16,44	|16,36	|0	|22,12	|19,07	|18,72	|19,33	|23,55	|12,14	|17,61	|16,11	|16,64	|16,62	|16,3	|11,54	|13,6	|16,58	|12,76	|12,82	|16,41	|16,92	|22,65	|16,19	|13,28	|18,98	|17,29	|11,92	|16,45	|17,13	|100	|16,57	|19,41	|14,99	|18,37	|18,71	|21,38	|18,71	|16,78	|16,13	|17,05	|16,85	|
________________________________________________________
62	|3,93	|3,16	|11,34	|3,04	|3,02	|3,71	|2,22	|2,44	|2,08	|3,14	|2,65	|3,92	|2,62	|2,57	|2,73	|2,95	|21,92	|17,04	|0	|19,44	|17,47	|11,57	|16,78	|16,88	|16,93	|10,37	|13,83	|16,99	|14,85	|11,91	|16,65	|16,62	|0	|15,07	|21,86	|19	|18,71	|19,22	|14,14	|20,92	|17,54	|15,87	|16,66	|16,54	|16,16	|11,34	|11,77	|16,24	|12,84	|10,02	|16,95	|16,42	|22,81	|16,48	|13,53	|18,98	|16,58	|11,58	|16,19	|16,69	|18,42	|100	|20,4	|16,03	|18,81	|18,61	|12,66	|18,28	|17,69	|15,95	|16,55	|16,64	|
________________________________________________________
63	|2,76	|4,39	|1,8	|16,5	|3,6	|2,94	|1,83	|3,38	|2,19	|0	|2,69	|4	|2,79	|2,35	|3,47	|3,22	|21,58	|16,95	|0	|20,38	|16,67	|12,02	|16,31	|16,42	|16,89	|10,64	|15,07	|16,94	|15,61	|11,43	|16,5	|16,6	|20,17	|19,28	|17,61	|0	|17,72	|19,04	|17,16	|15,07	|22,07	|14,1	|16,76	|16,48	|16,61	|11,52	|10,88	|16,5	|12,94	|11,64	|16,72	|16,38	|22,81	|16,96	|14,95	|18,01	|17,71	|12,62	|16,92	|16,57	|19,1	|18,06	|100	|16,15	|18,35	|19,21	|18,33	|15,99	|20,04	|19,05	|16,76	|16,79	|
________________________________________________________
64	|0	|4,67	|2,17	|3,16	|2,76	|3,38	|1,92	|1,92	|2,07	|2,55	|16,64	|3,65	|2,38	|3,6	|3,5	|2,79	|21,59	|16,79	|14,36	|20,04	|17,24	|13,93	|16,79	|16,34	|17,03	|10,26	|0	|16,78	|13,82	|11,44	|16,7	|16,5	|20,79	|19,44	|0	|14,74	|18,7	|19,2	|17,68	|15,62	|14,33	|22,32	|16,46	|17,28	|16,7	|11,54	|14,23	|17,07	|12,66	|11,17	|16,61	|15,71	|22,3	|16,64	|12,4	|19,72	|17,37	|10,46	|16,74	|16,09	|17,78	|17,12	|19,47	|100	|18,7	|19,32	|18,14	|16,14	|11,12	|19,73	|16,85	|16,64	|
________________________________________________________
65	|3,66	|3,96	|1,97	|3,2	|3,21	|2,9	|2,11	|2,8	|1,72	|3,35	|2,49	|20,42	|3,56	|2,73	|2,96	|3,6	|22	|16,51	|13,31	|19,93	|17,44	|12,12	|16,74	|17,05	|16,56	|10,83	|0	|17,01	|14,75	|10,99	|16,47	|16,54	|21,27	|19,41	|21,54	|19,46	|15,35	|0	|17,69	|15,13	|17,67	|17,11	|22,42	|14,05	|15,95	|11,71	|12,69	|17,05	|13,44	|11,31	|16,38	|16,76	|22,78	|16,88	|12,18	|20,42	|16,98	|11,23	|16,24	|15,95	|18,62	|17,15	|18,89	|15,98	|100	|17,71	|18,23	|15,64	|16,86	|16,65	|19,73	|18,86	|
________________________________________________________
66	|3,54	|4,07	|1,97	|3,2	|2,88	|2,96	|2,04	|2,74	|0	|3,41	|2,93	|3,65	|2,07	|3,29	|2,69	|2,07	|21,93	|16,56	|13,6	|19,99	|17,24	|12,08	|16,93	|16,47	|16,68	|10,93	|15,2	|16,2	|14,27	|12,73	|16,92	|16,2	|20,76	|18,97	|21,56	|19,75	|0	|14,89	|18,07	|15,01	|17,32	|16,53	|13,78	|21,73	|16,65	|11,95	|12,29	|16,42	|13,15	|11,29	|16,45	|16,45	|21,87	|16,61	|14,78	|18,08	|16,87	|11,45	|16,63	|16,34	|18,75	|16,77	|19,56	|16,31	|17,5	|100	|18,08	|15,47	|16,87	|16,3	|11,58	|19,09	|
________________________________________________________
67	|3,44	|3,29	|1,22	|2,65	|3,75	|0	|2,4	|3,55	|1,95	|2,64	|2,22	|3,44	|3	|3,22	|3,3	|3,67	|22,55	|16,34	|13,29	|20,02	|17,79	|15,08	|15,98	|16,3	|16,97	|10,63	|12,08	|16,57	|14,62	|12,8	|16,82	|16,53	|23,16	|15,33	|19,15	|16,68	|16,67	|16,6	|16,58	|0	|19,58	|18,39	|18,58	|18,97	|16,5	|11,43	|11,2	|16,6	|13,32	|13,57	|16,87	|15,68	|22,8	|16,54	|12,16	|18,6	|17,06	|13,88	|16,83	|16,23	|19,41	|10,34	|16,9	|13,88	|16,33	|16,38	|100	|18,15	|19,72	|19,13	|18,93	|19,09	|
________________________________________________________
68	|3,18	|5	|1,94	|2,9	|3,67	|2,29	|12,98	|3,15	|1,91	|2,77	|2,11	|3,08	|2,86	|3	|3,21	|3,34	|22,59	|16,68	|12,53	|19,96	|16,75	|0	|16,63	|16,26	|16,93	|10,38	|12,43	|17,29	|14,6	|12,9	|16,33	|16,1	|15,51	|22,09	|19,34	|16,66	|16,92	|16,84	|0	|12,23	|19,83	|18,76	|19,09	|18,85	|16,92	|11,31	|10,95	|17,02	|12,98	|11,77	|17,34	|16,05	|23,2	|16,39	|12,12	|18,25	|17,16	|13,33	|16,41	|16,56	|19,33	|17	|16,79	|14,05	|15,95	|15,95	|20,66	|100	|19,32	|18,71	|19,04	|19,01	|
________________________________________________________
69	|4,22	|3,47	|1,53	|2,94	|2,7	|3,26	|2,14	|17,02	|2,17	|2,52	|1,65	|3,3	|3,19	|0	|3,52	|3,91	|21,35	|17,13	|11,72	|19,82	|17,35	|0	|16,53	|15,9	|17,03	|10,73	|13,07	|16,72	|14,78	|13,88	|16,23	|16,3	|18,76	|16,8	|24,05	|14,17	|16,57	|16,84	|20,88	|16,96	|15,26	|0	|18,76	|18,8	|16,24	|11,94	|9,87	|16,19	|13,58	|11,96	|17,02	|16,31	|21,66	|16,87	|12,54	|18,25	|17,75	|14,86	|16,51	|16,61	|16,42	|15,58	|19,92	|9,17	|16,28	|16,48	|21,26	|18,3	|100	|19,5	|19,19	|19,12	|
________________________________________________________
70	|2,79	|3,62	|1,97	|3,26	|0	|3,8	|2,72	|3,4	|1,77	|3,7	|2,79	|3,27	|2,98	|2,32	|17,7	|3,09	|21,18	|16,5	|12,23	|19,85	|17,34	|14,91	|16,74	|16,4	|16,94	|10,46	|12,35	|16,76	|14,07	|0	|16,54	|16,64	|17,75	|16,63	|16,49	|22,17	|16,16	|16,71	|19,73	|17,21	|0	|13,55	|19,31	|19,15	|16,32	|11,5	|12,69	|16,54	|12,98	|14,1	|16,47	|16,03	|22,61	|16,88	|11,67	|19,32	|17,7	|12,16	|16,91	|16,16	|16,07	|14,3	|19,28	|16,56	|16,37	|16,2	|21	|18,03	|19,85	|100	|19,55	|19,07	|
________________________________________________________
71	|3,2	|3,45	|1,7	|2,85	|3,53	|3,5	|2,38	|3,24	|2,39	|2,73	|2,12	|3,86	|2,13	|3,29	|3,12	|18,06	|21,16	|16,81	|12,12	|19,99	|17,21	|13,7	|17,52	|16,59	|17,06	|10,81	|11,59	|16,29	|13,8	|0	|16,89	|16,88	|18,31	|16,57	|19,34	|16,8	|21,85	|14,27	|20	|17,15	|19,64	|18,85	|14,08	|0	|16,72	|11,65	|11,18	|16,69	|13,35	|12,93	|16,77	|16,17	|22,65	|16,81	|11,25	|18,42	|17,88	|12,39	|18,06	|16,07	|16,85	|14,71	|16,82	|14,03	|19,24	|11,42	|20,61	|18,21	|19,37	|19,39	|100	|19,16	|
________________________________________________________
72	|3,24	|3,67	|1,6	|2,7	|3,54	|3,34	|2,26	|3,51	|1,54	|3	|2,61	|3,79	|0	|3,32	|3,67	|3,54	|21,98	|16,95	|11,78	|20,03	|17,8	|13,51	|16,7	|16,07	|16,6	|10,56	|11,91	|17,5	|14,97	|13,59	|16,76	|16,41	|17,88	|17,35	|19,28	|16,91	|14,26	|21,71	|20,07	|17,52	|19,86	|19,31	|0	|14,47	|16,55	|11,08	|11,23	|16,67	|12,95	|13,05	|16,97	|16,76	|22,68	|16,72	|12,99	|18,92	|17,05	|14,58	|16,09	|15,82	|16,73	|14,87	|16,93	|13,92	|18,48	|18,92	|20,87	|18,27	|19,39	|19	|19,26	|100	|
________________________________________________________
