0	|1	|2	|3	|4	|5	|6	|7	|8	|9	|10	|11	|12	|13	|14	|15	|16	|17	|18	|19	|20	|21	|22	|23	|24	|25	|26	|27	|28	|29	|30	|31	|32	|33	|34	|35	|36	|37	|38	|39	|40	|41	|42	|43	|44	|45	|46	|47	|48	|49	|50	|51	|52	|53	|54	|55	|56	|57	|58	|59	|60	|61	|62	|63	|64	|65	|66	|67	|68	|69	|70	|71	|72	|
1	|100	|3,43	|1,9	|3,4	|3,64	|2,85	|2,88	|5,11	|3,7	|2,33	|0	|3,89	|2,63	|2,48	|3,15	|3,06	|24,27	|100	|10,86	|20,04	|19,95	|11,66	|19,16	|18,45	|20,29	|15,94	|12,97	|15,18	|15,48	|11,05	|18,64	|16,95	|21,7	|17,32	|100	|18,24	|18,54	|18,57	|19,71	|13,77	|19,52	|11,9	|17,69	|16,37	|0	|9,49	|0	|21,14	|16,8	|13,71	|20,62	|19	|18,94	|19,31	|15,51	|17,84	|16,95	|12,61	|16,49	|16,86	|20,47	|17,9	|14,93	|0	|18,91	|17,93	|18,97	|16,65	|22,64	|15,27	|15,24	|16,8	|
________________________________________________________
2	|3,1	|100	|1,91	|2,88	|2,63	|3,26	|0	|3,13	|1,91	|3,87	|3,62	|4,26	|2,16	|2,74	|2,57	|3,32	|24,26	|16,68	|12,25	|100	|18,34	|14,16	|18,87	|19,56	|18,06	|8,52	|12,84	|17,81	|11,51	|10,04	|15,96	|16,85	|19,09	|100	|18,59	|20,55	|18,81	|18,7	|19,97	|16,68	|16,27	|16,79	|16,96	|17,18	|19,67	|12,48	|0	|13,47	|0	|14,33	|18,4	|17,54	|23,62	|17,1	|12,95	|21,05	|14,94	|12,42	|16,85	|18,37	|0	|13,61	|20,03	|17,81	|18,84	|18,64	|15,96	|23,18	|16,4	|16,74	|17,48	|16,38	|
________________________________________________________
3	|3,54	|3,94	|100	|2,8	|3,83	|3,83	|2,91	|2,68	|4,8	|3,88	|3,66	|3,94	|1,94	|3,54	|4,57	|2,91	|0	|13,08	|0	|24,96	|20,9	|13,54	|19,42	|18,85	|13,88	|16,5	|13,59	|16,05	|15,59	|12,85	|17,59	|16,85	|0	|15,19	|24,9	|21,7	|20,22	|20,22	|13,02	|20,16	|17,76	|17,42	|15,65	|17,08	|21,25	|100	|11,65	|17,36	|16,79	|13,31	|21,07	|18,5	|17,7	|19,07	|13,48	|18,05	|19,19	|13,59	|16,62	|17,08	|18,85	|100	|16,33	|17,59	|19,59	|17,7	|12,34	|18,96	|13,54	|19,3	|15,88	|17,13	|
________________________________________________________
4	|3,97	|3,72	|1,75	|100	|0	|3,97	|3,29	|4,76	|2,25	|0	|2,79	|5,47	|2,5	|2,86	|4,29	|3,94	|26,98	|19,68	|0	|16,17	|0	|15,28	|18,82	|19,61	|16,24	|11,7	|14,53	|21,4	|13,02	|10,45	|17,57	|16,6	|22,75	|19,75	|17,14	|0	|17,75	|17,53	|17,96	|17,64	|23,18	|14,31	|17,28	|17,17	|20,25	|11,06	|11,27	|100	|17,53	|14,45	|19,96	|19,46	|23,33	|17,28	|14,78	|21,18	|19,75	|17,21	|15,89	|16,42	|20,64	|16,03	|100	|15,67	|19,61	|19,79	|18,53	|15,53	|19,71	|19,96	|16,89	|18,96	|
________________________________________________________
5	|4,09	|3,26	|2,3	|0	|100	|2,27	|2,33	|4,09	|2,75	|3,43	|2,03	|3,19	|4,02	|3,23	|0	|4,12	|24,1	|17,13	|15,21	|21,28	|100	|11,81	|17,58	|20,87	|15,65	|10,47	|17,61	|19,22	|17,16	|14,04	|17,3	|15,72	|18,23	|15,83	|21,22	|18,54	|16,68	|15,93	|22,45	|15,35	|100	|18,02	|19,19	|18,19	|20,22	|14,73	|14,35	|0	|10,68	|0	|21,39	|20,39	|22,97	|18,64	|11,88	|17,2	|21,94	|13,66	|16,86	|17,03	|16,24	|14,93	|22,07	|12,8	|16,55	|15,35	|22,21	|19,19	|16,13	|0	|18,3	|19,6	|
________________________________________________________
6	|3,41	|4,33	|2,46	|4,07	|2,42	|100	|2,31	|3,08	|1,72	|3,67	|2,93	|3,45	|2,13	|3,63	|3,56	|4,29	|24,74	|19,43	|13,12	|22,32	|15,98	|11,84	|100	|19,02	|16,68	|9,46	|12,28	|17,63	|12,87	|11,22	|17,12	|12,17	|11,22	|18,4	|17,38	|18,73	|15,87	|17,12	|19,13	|100	|17,01	|20,38	|18,44	|19,17	|19,35	|13,31	|12,65	|20,38	|15,98	|0	|13,09	|0	|21,81	|16,72	|12,39	|19,57	|17,34	|13,31	|21,15	|15,43	|13,49	|19,5	|15,62	|15,18	|16,28	|15,87	|0	|13,49	|19,87	|20,09	|20,12	|20,53	|
________________________________________________________
7	|4,25	|0	|2,3	|4,16	|3,07	|2,85	|100	|2,66	|2,53	|1,81	|2,48	|2,39	|4,2	|3,07	|3,88	|3,25	|25,56	|19,74	|14,23	|0	|14,45	|0	|20,6	|19,47	|16,49	|11,07	|12,92	|13,69	|20,6	|11,83	|16,17	|17,43	|14,09	|19,83	|20,6	|16,85	|16,49	|15,04	|0	|12,51	|20,51	|18,2	|19,92	|19,15	|19,96	|12,33	|13,69	|19,65	|100	|10,89	|16,35	|20,55	|21,73	|16,26	|12,01	|13,55	|20,19	|13,78	|16,8	|17,84	|20,73	|18,34	|18,38	|13,73	|16,4	|16,12	|20,6	|100	|17,48	|20,78	|18,29	|17,89	|
________________________________________________________
8	|5,61	|3,79	|1,58	|4,47	|4	|2,82	|1,98	|100	|2,18	|2,32	|1,48	|3,59	|2,55	|0	|4,1	|4,16	|24,98	|19,71	|13,4	|24,45	|22,13	|0	|12,46	|0	|16,76	|10,44	|11,79	|18,6	|14,51	|12,59	|20,28	|14,2	|21,76	|15,41	|24,41	|14,2	|16,69	|16,22	|22,33	|16,76	|14,88	|0	|18,07	|20,28	|19,95	|13,7	|12,29	|20,45	|13,5	|11,95	|100	|20,18	|22,03	|16,35	|11,85	|18,2	|18,4	|14,74	|19,48	|19,01	|18,97	|12,76	|19,68	|8,97	|16,55	|14,88	|22,16	|16,29	|100	|19,58	|18,27	|18,3	|
________________________________________________________
9	|5,76	|3,28	|4	|3	|3,81	|2,24	|2,67	|3,09	|100	|2,52	|1,81	|4,28	|3,57	|3,09	|3,09	|4,62	|16,75	|22,37	|11,38	|16,9	|21,47	|13,42	|17,18	|16,28	|20,94	|100	|12,61	|16,37	|18,94	|10,9	|18,71	|19,66	|21,09	|19,04	|23,75	|16,71	|100	|15,66	|17,09	|13,47	|18,09	|15,23	|19,32	|11,19	|11,04	|18,13	|12,38	|15,75	|15,61	|12,52	|14,8	|15,85	|0	|11,61	|0	|21,7	|21,13	|13,8	|19,32	|19,32	|19,61	|17,99	|21,28	|14,14	|15,47	|0	|19,99	|15,94	|19,32	|17,47	|21,8	|14,75	|
________________________________________________________
10	|2,71	|4,99	|2,43	|0	|3,57	|3,57	|1,43	|2,46	|1,89	|100	|2,46	|3,21	|3,28	|3,71	|0	|3,39	|20,94	|16,2	|14,77	|21,44	|19,87	|17,27	|16,09	|16,16	|20,51	|10,24	|11,56	|100	|19,3	|14,16	|18,41	|19,55	|21,23	|19,37	|19,8	|100	|17,77	|20,55	|17,7	|14,81	|19,44	|17,84	|16,73	|17,27	|17,12	|11,13	|15,34	|19,87	|10,1	|11,92	|15,31	|16,63	|25,26	|19,84	|0	|14,56	|0	|13,56	|19,02	|18,87	|17,02	|17,23	|0	|12,45	|20,69	|21,66	|18,59	|15,41	|14,7	|23,12	|15,77	|16,8	|
________________________________________________________
11	|0	|5,59	|2,73	|3,33	|2,52	|3,41	|2,35	|1,88	|1,62	|2,94	|100	|3,33	|2,77	|4,14	|4,05	|2,86	|20,56	|20,26	|15,49	|20,31	|18,09	|14,59	|16,55	|17,75	|0	|6,78	|0	|19,97	|15,74	|13,18	|20,14	|18,52	|20,39	|20,61	|0	|14,08	|19,33	|19,75	|16,13	|15,4	|14,38	|22,14	|17,32	|18,43	|18,98	|13,87	|12,88	|16,94	|12,76	|10,49	|16,25	|16,13	|26,19	|100	|12,88	|19,41	|19,07	|12,16	|17,92	|19,33	|18,86	|17,11	|19,97	|100	|17,36	|19,16	|16,94	|15,53	|11,22	|18,6	|15,1	|18,6	|
________________________________________________________
12	|3,71	|4,5	|2,02	|4,47	|2,72	|2,75	|1,55	|3,13	|2,63	|2,63	|2,28	|100	|0	|2,98	|3,83	|3,98	|23,09	|16,66	|13,45	|22,01	|14,15	|13,12	|16,81	|16,92	|20,7	|12,25	|0	|13,5	|0	|13,45	|20,11	|18,56	|20,84	|18,3	|21,69	|21,92	|15,26	|0	|18,33	|15,52	|16,37	|15,76	|20,93	|13,97	|18,47	|10,23	|12,57	|21,25	|10,32	|11,63	|16,84	|15,49	|27,3	|16,4	|11,96	|100	|21,37	|13,59	|18,5	|19,88	|18,85	|18,71	|19,18	|15,87	|100	|17,42	|18,56	|14,94	|16,37	|16,4	|18,62	|18,53	|
________________________________________________________
13	|3,37	|3,06	|1,33	|2,74	|4,58	|2,27	|3,64	|2,98	|2,94	|3,61	|2,55	|0	|100	|2,43	|2,55	|3,41	|21,08	|15,6	|13,01	|15,28	|20,92	|12,89	|15,36	|18,38	|17,95	|11,13	|15,13	|20,26	|100	|10,7	|15,6	|21,83	|17,83	|15,87	|20,57	|16,73	|17,67	|18,89	|18,93	|16,97	|19,98	|15,32	|100	|20,57	|17,83	|10,42	|12,19	|13,56	|17,91	|13,4	|15,71	|17,91	|25,39	|18,97	|14,07	|0	|11,13	|0	|20,42	|18,81	|17,32	|15,01	|17,95	|13,17	|21,28	|12,62	|22,18	|18,06	|22,41	|20,81	|13,05	|0	|
________________________________________________________
14	|2,92	|3,57	|2,23	|2,88	|3,39	|3,57	|2,45	|0	|2,34	|3,75	|3,49	|3,67	|2,23	|100	|2,92	|3,21	|22,37	|17,33	|11,49	|20,86	|17,69	|15,78	|19,34	|18,41	|19,34	|12,72	|12,28	|20,43	|15,2	|11,31	|100	|21,61	|17,72	|17,72	|14,23	|19,56	|16,46	|19,34	|20,93	|17,07	|18,7	|100	|18,26	|19,6	|15,78	|10,91	|12,86	|18,7	|13,26	|14,81	|21,25	|14,27	|25,18	|17,83	|14,01	|21,15	|19,92	|0	|12,1	|0	|16,28	|15,85	|14,45	|18,73	|15,35	|20,46	|19,7	|17,15	|0	|13,87	|19,67	|19,81	|
________________________________________________________
15	|3,48	|3,14	|2,7	|4,05	|0	|3,27	|2,9	|4,12	|2,19	|0	|3,21	|4,42	|2,19	|2,73	|100	|3,11	|22,08	|17,93	|12,83	|18,43	|22,55	|15,94	|16,51	|17,93	|18,06	|12,9	|15,12	|0	|9,93	|0	|20,29	|20,05	|16,04	|16,37	|17,76	|20,16	|16,1	|16,58	|21,07	|18,16	|0	|12,76	|20,8	|21,13	|16,41	|11,41	|15,9	|19,95	|14,15	|13,98	|16,85	|16,1	|24,24	|18,13	|14,72	|23,4	|100	|12,29	|17,29	|21,17	|16,88	|13,88	|19,18	|16,91	|15,26	|15,29	|21,17	|17,25	|20,66	|100	|18,37	|20,76	|
________________________________________________________
16	|3,21	|3,85	|1,64	|3,53	|3,85	|3,76	|2,31	|3,98	|3,11	|3,05	|2,15	|4,37	|2,79	|2,86	|2,95	|100	|21,97	|15,99	|12,72	|20,71	|17,21	|14,26	|21,1	|14,64	|18,34	|12,56	|13,97	|20,46	|18,18	|0	|11,82	|0	|18,88	|15,83	|19,88	|16,83	|22,51	|14,23	|20,26	|17,73	|20,78	|19,85	|14,52	|0	|17,28	|11,37	|12,59	|17,31	|12,46	|13,01	|18,4	|10,6	|26,27	|18,4	|13,13	|20,46	|18,91	|12,81	|100	|20,71	|16,31	|14,13	|17,57	|12,81	|19,14	|10,4	|21,13	|17,89	|20,84	|16,57	|100	|19,27	|
________________________________________________________
17	|3,63	|4,01	|0	|3,45	|3,21	|3,09	|2,59	|3,4	|1,61	|2,68	|2,2	|3,61	|2,46	|2,84	|2,99	|3,13	|100	|18,32	|13,66	|22,94	|19,27	|14,03	|19,01	|19,24	|18,2	|8,72	|11,77	|16,71	|14,47	|11,18	|16,27	|16,67	|18,52	|17,06	|19,02	|16,45	|16,43	|16,69	|17,79	|14,86	|16,89	|16,26	|16,57	|17,09	|14,61	|0	|13,63	|19	|15,14	|13,07	|18,54	|19,23	|24,92	|14,72	|12,95	|18,46	|16,77	|12,02	|16,71	|16,64	|16,55	|15,35	|17	|14,23	|16,54	|16,27	|18,45	|16,24	|17,44	|17,04	|16,57	|16,2	|
________________________________________________________
18	|19,68	|3,63	|1,38	|3,31	|3,01	|3,19	|2,63	|3,54	|2,83	|2,73	|2,86	|3,43	|2,4	|2,9	|3,2	|3	|24,13	|100	|11,65	|22,85	|19	|13,44	|19,54	|18,78	|20,01	|14,73	|11,68	|16,8	|14,52	|10,87	|16,44	|16,64	|17,73	|16,86	|19,68	|16,79	|16,38	|16,5	|17,75	|15,1	|17,07	|16,1	|16,86	|16,3	|0	|8,86	|0	|19,15	|15,24	|12,68	|19,3	|18,51	|19,15	|20,19	|12,02	|18,35	|17,04	|11,73	|16,47	|17,19	|16,67	|15,21	|17,11	|13,82	|16,74	|16,16	|17,69	|15,77	|17,47	|16,97	|16,69	|16,48	|
________________________________________________________
19	|2,92	|3,65	|0	|0	|3,65	|2,95	|2,59	|3,28	|1,97	|3,41	|2,99	|3,79	|2,73	|2,63	|3,13	|3,26	|24,59	|15,92	|100	|20,1	|21,01	|14,76	|19,1	|18,81	|17,4	|8,59	|13,84	|16,59	|15,21	|10,91	|16,79	|16,64	|22,41	|16,73	|19,47	|20,82	|18,85	|18,61	|20,12	|12,73	|16,47	|16,38	|16,86	|16,53	|20,57	|0	|10,01	|0	|16,24	|12,76	|18,34	|18,36	|24,75	|17,04	|13,09	|18,1	|17,02	|11,31	|17,39	|16,21	|20,27	|0	|0	|17,76	|18,38	|18,22	|20,53	|15,88	|17,3	|16,73	|16,91	|16,35	|
________________________________________________________
20	|3,3	|18,19	|2,2	|2,27	|3,12	|3,06	|0	|3,66	|1,79	|3,02	|2,4	|3,79	|1,96	|2,91	|2,75	|3,25	|25,25	|19,09	|12,29	|100	|19,55	|14,52	|18,94	|19,22	|16,57	|10,17	|10,88	|18,47	|11,73	|11,09	|16,42	|16,66	|17,64	|18,19	|18,9	|17	|17,15	|16,86	|17,75	|15,17	|17,18	|16,49	|16,53	|16,94	|19,3	|13,02	|0	|14,24	|0	|14,06	|18,39	|18,41	|22,63	|16,51	|11,84	|21,5	|15,28	|12,61	|16,55	|17,05	|16,09	|15,08	|16,68	|14,28	|16,62	|16,47	|18,32	|16,2	|17,03	|17,16	|16,87	|16,89	|
________________________________________________________
21	|3,78	|3,85	|2,12	|0	|16,9	|2,53	|1,86	|3,82	|2,62	|3,23	|2,46	|2,81	|3,1	|2,85	|3,88	|3,11	|24,46	|18,31	|14,81	|22,54	|100	|12,2	|18,98	|19,19	|16,36	|11,13	|12,91	|19,31	|17,71	|11,37	|16,5	|16,67	|18,19	|16,09	|19,37	|16,71	|17,17	|16,54	|17,94	|14,9	|16,9	|15,83	|16,79	|16,37	|18,94	|13,44	|13,85	|0	|10,38	|0	|19,1	|18,96	|22,57	|17,04	|12,23	|15,82	|20,9	|11,76	|16,18	|17,28	|16,51	|14,87	|16,88	|14,32	|16,09	|15,77	|18,22	|16,34	|17,6	|16,99	|16,52	|16,91	|
________________________________________________________
22	|3,05	|4,1	|1,9	|3,42	|2,76	|2,59	|0	|0	|2,26	|3,88	|2,74	|3,6	|2,64	|3,51	|3,78	|3,56	|24,6	|17,88	|14,37	|23,13	|16,85	|100	|17,37	|20,51	|16,42	|10,56	|11,92	|18	|12,94	|13,33	|16,67	|16,49	|17,5	|16,86	|17,5	|18,88	|16,94	|16,92	|21,48	|14,96	|17,06	|19,17	|18,65	|18,17	|19,06	|12,82	|12,7	|20,2	|0	|10,16	|0	|19,65	|22,48	|16,11	|11,85	|20,37	|17,03	|13,15	|17,15	|16,4	|16,62	|15,13	|17,07	|15,69	|16,28	|16,54	|22,87	|0	|0	|20,59	|18,54	|18,44	|
________________________________________________________
23	|3,72	|4,06	|2,02	|3,13	|3,05	|16,23	|2,71	|2,21	|2,15	|2,68	|2,31	|3,42	|2,33	|3,19	|2,91	|3,91	|24,73	|19,31	|13,8	|22,39	|19,46	|12,89	|100	|19,69	|16,31	|10,63	|12,32	|16,58	|14,98	|9,82	|18,55	|12,17	|17,91	|16,77	|19,25	|16,89	|16,9	|16,47	|17,04	|16,23	|17,25	|16,13	|17,03	|17,13	|18,82	|13,29	|11,94	|18,76	|15,46	|0	|13,1	|0	|22,39	|16,52	|11,98	|18,49	|16,93	|11,79	|21,28	|14,81	|16,91	|15,24	|16,63	|14	|16,25	|15,97	|18,03	|16,17	|16,89	|16,77	|17,37	|17,47	|
________________________________________________________
24	|3,58	|4,2	|1,96	|3,26	|3,61	|3,08	|2,56	|0	|2,03	|2,69	|2,47	|3,44	|2,79	|3,04	|3,16	|2,71	|25	|18,53	|13,58	|22,69	|19,65	|15,21	|19,66	|100	|16,35	|10,69	|12,03	|16,92	|14,81	|12,23	|18,58	|18,71	|18,7	|16,74	|19,57	|16,72	|16,45	|17,04	|17,08	|14,54	|16,78	|15,86	|16,45	|16,8	|19,23	|13,19	|11,96	|18,87	|14,89	|13,97	|0	|8,38	|22,48	|16,57	|11,97	|18,61	|17,17	|11,91	|14,9	|21,91	|16,55	|14,78	|16,64	|14,65	|16,58	|16,37	|17,62	|16,22	|16,86	|16,98	|16,39	|16,3	|
________________________________________________________
25	|4,02	|3,96	|1,47	|2,75	|2,76	|2,76	|2,21	|3,02	|2,67	|3,48	|0	|4,29	|2,78	|3,25	|3,24	|3,46	|24,12	|20,13	|12,81	|19,95	|17,09	|12,42	|16,61	|16,67	|100	|14,61	|14,61	|19,27	|16,42	|12,46	|19,13	|18,82	|18,25	|16,78	|19,38	|17,24	|16,41	|16,65	|17,39	|15,44	|17,29	|16,6	|17,35	|16,81	|20,13	|8,95	|11,32	|16,68	|13,2	|11,95	|16,34	|16,64	|18,63	|0	|14,12	|21,75	|19,21	|13,32	|19,29	|19,43	|16,23	|15,34	|16,71	|14,11	|16,67	|15,79	|18,58	|15,98	|17,23	|16,91	|16,7	|16,55	|
________________________________________________________
26	|4,85	|2,87	|2,69	|3,04	|2,84	|2,4	|2,28	|2,89	|19,54	|2,67	|1,48	|3,9	|2,64	|3,28	|3,55	|3,64	|17,73	|22,74	|9,71	|18,79	|17,84	|12,25	|16,62	|16,73	|22,43	|100	|12,07	|18,87	|16,33	|11,93	|18,95	|19,16	|17,93	|17,11	|19,47	|16,5	|19,54	|15,37	|17,51	|14,87	|17,23	|16,89	|16,91	|16,48	|11,17	|16,83	|11,45	|17,05	|13,71	|11,63	|16,14	|16,65	|0	|11,26	|0	|20,96	|19,88	|13,8	|19,61	|19,24	|16,91	|14,89	|17,26	|13,78	|16,93	|16,06	|18,84	|16,12	|17,27	|17	|17,21	|16,35	|
________________________________________________________
27	|3,58	|3,92	|2,01	|3,43	|4,33	|2,83	|2,42	|2,96	|2,24	|2,74	|0	|0	|3,26	|2,88	|3,78	|3,67	|21,74	|16,38	|14,2	|18,26	|18,78	|12,56	|17,48	|17,09	|20,36	|10,95	|100	|17,04	|18,69	|12,76	|17,84	|18	|20,33	|19,54	|22,73	|16,94	|17,01	|20,98	|17,13	|14,87	|18,67	|14,63	|16,82	|16,97	|16,99	|11,17	|12,64	|16,36	|14,64	|11,94	|16,18	|16,44	|27,96	|0	|10,36	|0	|20,49	|13,77	|18,44	|18,53	|18,18	|16,3	|20,76	|0	|0	|20,65	|18,44	|16,4	|19,14	|17,81	|16,98	|17,09	|
________________________________________________________
28	|2,97	|3,85	|1,68	|3,58	|3,35	|2,88	|1,81	|3,32	|2,06	|16,78	|2,8	|2,77	|3,09	|3,39	|0	|3,81	|21,87	|16,69	|12,06	|21,96	|19,92	|13,44	|16,68	|17,05	|19,04	|12,15	|12,08	|100	|18,45	|13,71	|18,91	|18,83	|18,86	|16,53	|18,89	|16,78	|16,72	|17,01	|17,6	|14,92	|16,84	|15,45	|16,93	|17,01	|17,2	|11,42	|11,8	|20,53	|10,62	|11,88	|16,78	|16,72	|25,22	|18,7	|0	|15,07	|0	|14,34	|19,35	|18,96	|16,68	|15,17	|16,72	|14,32	|16,48	|16,53	|18,51	|16,07	|17,81	|16,77	|16,28	|16,58	|
________________________________________________________
29	|3,44	|2,83	|1,85	|2,47	|3,4	|2,38	|3,1	|2,93	|2,7	|3,68	|2,51	|0	|17,34	|2,87	|2	|3,85	|21,49	|16,38	|12,55	|15,84	|20,73	|10,97	|17,1	|16,93	|18,41	|11,93	|15,03	|20,94	|100	|11,01	|18,7	|19,58	|17,96	|16,07	|20,64	|16,93	|16,67	|16,27	|17,38	|15,16	|16,56	|15,96	|17,34	|17,02	|17,1	|11,25	|12,21	|13	|17,47	|11,95	|16,73	|17,33	|25,48	|18,86	|13,78	|0	|11,82	|0	|19,51	|19,03	|16,37	|15,31	|17,76	|12,64	|16,12	|15,76	|18,3	|15,94	|16,83	|16,98	|16,35	|16,91	|
________________________________________________________
30	|3,26	|3,27	|2,03	|2,63	|3,69	|2,76	|2,36	|3,38	|2,07	|3,58	|2,79	|4,15	|2,46	|2,83	|0	|0	|22,05	|16,28	|11,95	|19,87	|17,67	|15	|14,89	|18,57	|18,55	|11,56	|13,63	|20,67	|14,61	|100	|17,28	|20,3	|18,01	|16,82	|19,18	|17,12	|15,27	|18,86	|20,22	|16,55	|20,35	|16,46	|16,88	|20,18	|17,08	|11,35	|11,44	|16,41	|13	|13,42	|16,63	|19,03	|26,15	|19,12	|13,86	|22,52	|0	|10,9	|0	|20,3	|17,08	|15,33	|16,41	|14,15	|16,13	|19,2	|20,89	|17,81	|20,21	|0	|0	|19,97	|
________________________________________________________
31	|3,69	|3,49	|1,87	|2,97	|3,05	|2,83	|2,17	|3,66	|2,38	|3,12	|2,86	|4,17	|2,41	|16,81	|3,64	|2,23	|21,54	|16,53	|12,35	|19,75	|17,22	|12,6	|18,88	|18,94	|19,12	|12,34	|12,79	|19,13	|16,67	|11,6	|100	|21,33	|18,07	|17,06	|19,54	|17,43	|17,86	|16,67	|17,5	|15,07	|16,99	|16,81	|16,59	|16,21	|17	|11,35	|11,17	|17,19	|13,55	|11,52	|21,51	|14,42	|25,99	|18,68	|13,54	|21,2	|19,41	|0	|12,23	|0	|17,14	|15,31	|16,31	|14,25	|16,53	|15,82	|17,94	|15,81	|16,43	|17,2	|16,56	|16,55	|
________________________________________________________
32	|3,33	|3,66	|1,78	|2,79	|2,76	|2	|2,32	|2,55	|2,49	|3,3	|2,61	|3,82	|3,35	|3,61	|3,57	|0	|21,94	|16,63	|12,16	|19,92	|17,29	|12,38	|12,31	|18,95	|18,69	|12,4	|12,82	|18,93	|17,34	|13,55	|21,19	|100	|18,25	|17,13	|19,33	|16,94	|17,37	|17,22	|18,02	|14,93	|16,95	|16,45	|17,27	|15,96	|16,61	|11,27	|11,38	|16,55	|12,81	|12,46	|13,91	|21,56	|25,82	|18,62	|13,67	|20,95	|19,27	|14,34	|0	|8,35	|16,86	|15,04	|16,85	|14,34	|16,23	|16,22	|18,11	|16,05	|17,47	|17,49	|16,1	|16,08	|
________________________________________________________
33	|3,87	|3,76	|0	|3,47	|2,89	|1,67	|1,7	|3,53	|2,42	|3,24	|2,61	|3,89	|2,48	|2,68	|2,59	|3,21	|22,08	|16,05	|14,84	|19,11	|17,09	|11,9	|16,41	|17,16	|16,42	|10,51	|13,12	|17,18	|14,41	|10,89	|16,27	|16,53	|100	|18,09	|22,2	|18,63	|19,66	|18,63	|20,93	|9,87	|17,42	|16,16	|17,06	|16,63	|17,22	|11,78	|13,65	|16,75	|12,99	|13,36	|16,57	|16,39	|22,66	|16,38	|13,41	|19	|16,21	|11,54	|16,56	|16,71	|15,22	|0	|19,39	|15,8	|18,75	|18,14	|23,21	|13,71	|17,51	|16,88	|16,93	|16,65	|
________________________________________________________
34	|3,35	|21,42	|1,58	|3,27	|2,73	|2,97	|2,6	|2,72	|2,37	|3,22	|2,86	|3,71	|2,4	|2,92	|2,87	|2,92	|22,11	|16,59	|12,04	|21,42	|16,43	|12,47	|16,7	|16,7	|16,41	|10,9	|13,71	|16,37	|14,01	|11,05	|16,69	|16,87	|19,66	|100	|21,83	|19	|19,27	|18,85	|20,31	|16,68	|17,09	|16,22	|17,13	|16,24	|16,81	|11,17	|0	|16,75	|12,85	|11,67	|16,36	|15,98	|22,54	|16,69	|13,19	|18,86	|16,52	|12,33	|16,42	|16,52	|0	|13,29	|19,31	|15,81	|18,25	|18,68	|16,51	|21,23	|17,35	|16,62	|16,87	|16,68	|
________________________________________________________
35	|16,92	|3,48	|2,26	|2,48	|3,2	|2,45	|2,36	|3,76	|2,58	|2,87	|0	|3,84	|2,72	|2,05	|2,72	|3,21	|21,54	|16,92	|12,25	|19,44	|17,28	|11,3	|16,75	|17,05	|16,56	|10,84	|13,93	|16,34	|15,73	|11,01	|16,71	|16,64	|21,09	|19,07	|100	|18,37	|18,84	|18,69	|17,68	|14,77	|18,8	|11,76	|17,16	|16,25	|16,81	|11,99	|0	|16,77	|13,51	|11,71	|17,04	|17,05	|22,45	|16,27	|14,96	|17,57	|17,2	|12,81	|16,71	|16,73	|19,01	|16,75	|15,08	|0	|18,64	|18,35	|18,28	|16,17	|21,33	|14,61	|16,37	|16,08	|
________________________________________________________
36	|3,51	|4,38	|2,24	|0	|3,18	|3,01	|2,2	|2,49	|2,07	|16,53	|1,95	|4,42	|2,52	|3,2	|3,52	|3,09	|21,21	|16,43	|14,92	|19,92	|16,97	|13,89	|16,74	|16,59	|16,77	|10,46	|11,83	|16,53	|14,69	|11,19	|16,97	|16,6	|20,15	|18,91	|20,91	|100	|19,45	|19	|18,13	|14,9	|19,01	|18,71	|16,66	|17	|16,5	|11,53	|14,03	|16,83	|12,98	|11,66	|16,31	|16,49	|22,3	|16,64	|0	|18,77	|16,55	|11,65	|16,95	|16,83	|18,52	|17	|0	|12,29	|19,44	|19,42	|18,19	|16,12	|14,35	|22	|16,17	|16,53	|
________________________________________________________
37	|3,6	|4,04	|2,11	|2,95	|2,89	|2,58	|2,17	|2,96	|12,5	|2,96	|2,69	|3,1	|2,68	|2,72	|2,84	|4,17	|21,36	|16,18	|13,62	|20,27	|17,6	|12,57	|16,89	|16,46	|16,11	|12,5	|11,98	|16,61	|14,6	|10,07	|17,55	|17,17	|21,45	|19,34	|21,64	|19,62	|100	|18,06	|17,73	|14,45	|16,55	|17,15	|19,27	|11,19	|16,84	|11,6	|12,22	|16,34	|13,31	|11,71	|16,53	|17,22	|21,81	|16,29	|0	|18,4	|16,89	|11,91	|17,3	|16,78	|18,47	|17,18	|19,06	|15,88	|14,82	|0	|18,72	|15,82	|16,38	|16,65	|22,03	|14,11	|
________________________________________________________
38	|3,65	|4,07	|2,13	|2,95	|2,79	|2,81	|2	|2,91	|1,98	|3,47	|2,79	|0	|2,9	|3,23	|2,96	|2,67	|21,98	|16,49	|13,61	|20,16	|17,15	|12,71	|16,67	|17,26	|16,54	|9,94	|14,95	|17,11	|14,42	|12,59	|16,57	|17,22	|20,57	|19,15	|21,73	|19,4	|18,28	|100	|17,3	|15,26	|16,85	|17,01	|19,11	|19,11	|16,51	|11,76	|12,35	|16,74	|13,2	|11,5	|16,81	|16,7	|22,46	|16,32	|14,77	|17,87	|16,28	|11,48	|16,15	|16,42	|18,53	|16,9	|18,87	|15,94	|0	|15,22	|18,25	|15,82	|16,74	|17,12	|14,41	|21,7	|
________________________________________________________
39	|3,63	|4,07	|1,29	|2,83	|3,69	|2,94	|0	|3,75	|2,02	|2,8	|2,13	|3,54	|2,72	|3,28	|3,52	|3,56	|21,94	|16,62	|13,78	|19,88	|17,43	|15,11	|16,15	|16,21	|16,19	|10,61	|11,44	|16,58	|14,43	|12,64	|16,29	|16,89	|21,65	|19,33	|19,25	|17,34	|16,81	|16,21	|100	|16,29	|19,15	|18,27	|19,32	|19,13	|17,09	|11,32	|10,81	|17,32	|13,12	|14,23	|16,39	|16,13	|22,76	|17,03	|11,92	|19,03	|17,44	|13,59	|16,59	|16,74	|21,77	|12,15	|16,74	|13,46	|16,85	|16,35	|17,53	|0	|19,91	|19,76	|19,2	|19,06	|
________________________________________________________
40	|3,02	|4,04	|2,37	|3,31	|3	|18,3	|1,86	|3,35	|1,9	|2,78	|2,42	|3,56	|2,9	|3,18	|3,61	|3,7	|21,8	|16,82	|10,37	|20,21	|17,22	|12,52	|18,3	|16,41	|17,09	|10,72	|11,81	|16,71	|14,96	|12,31	|16,69	|16,64	|12,14	|18,88	|19,13	|16,95	|16,29	|17	|19,37	|100	|19,24	|18,17	|19,13	|18,85	|16,92	|11,31	|11,37	|17,02	|13,31	|0	|16,48	|16,46	|22,48	|16,36	|12,27	|18,03	|17,34	|13,59	|17,34	|16,4	|13,6	|20,88	|16,9	|14,34	|16,9	|15,91	|0	|13,31	|19,55	|19,93	|19,72	|19,31	|
________________________________________________________
41	|3,76	|3,46	|1,83	|3,82	|17,16	|2,73	|2,67	|2,61	|2,24	|3,21	|1,98	|3,3	|3	|3,06	|0	|3,81	|21,76	|16,69	|11,79	|20,1	|17,16	|12,54	|17,08	|16,63	|16,81	|10,91	|13,02	|16,57	|14,35	|13,29	|16,52	|16,59	|18,82	|16,99	|21,38	|18,99	|16,38	|16,49	|20	|16,9	|100	|18,56	|18,68	|18,94	|17,02	|11,53	|11,44	|17,57	|13,31	|0	|16,59	|15,99	|22,53	|16,89	|11,97	|19,01	|17,76	|14,23	|16,68	|16,76	|16,44	|15,12	|21,9	|12	|17,01	|16,64	|20,73	|18,18	|14,8	|0	|19,11	|19,61	|
________________________________________________________
42	|2,39	|3,73	|1,88	|2,46	|3,23	|3,42	|2,48	|0	|1,97	|3,07	|3,19	|3,31	|2,4	|17,07	|2,32	|3,8	|21,86	|16,44	|12,24	|20,15	|16,77	|14,71	|16,67	|16,41	|16,85	|11,17	|10,65	|15,87	|14,45	|11,22	|17,07	|16,81	|18,22	|16,83	|13,96	|19,52	|17,73	|17,38	|19,92	|16,66	|19,38	|100	|19,24	|18,62	|16,45	|11,2	|12,77	|17,47	|13,06	|14,5	|16,61	|16,15	|22,13	|16,66	|11,97	|18,58	|16,31	|0	|17,09	|16,47	|16,69	|15	|14,33	|19,07	|16,44	|16,66	|20,47	|17,58	|0	|14,07	|19,35	|18,99	|
________________________________________________________
43	|3,43	|3,63	|1,62	|2,86	|3,31	|2,98	|2,61	|3,19	|2,41	|2,78	|2,41	|4,24	|15,12	|3	|3,65	|2,68	|21,48	|16,59	|12,14	|19,46	|17,15	|13,79	|16,96	|16,41	|16,97	|10,77	|11,8	|16,77	|15,12	|11,09	|16,23	|17,01	|18,55	|17,13	|19,63	|16,75	|19,2	|18,82	|20,3	|16,91	|18,79	|18,55	|100	|19,36	|16,84	|11,46	|10,9	|16,87	|13,49	|12,97	|16,3	|15,84	|22,85	|16,9	|12,2	|18,03	|16,81	|0	|16,78	|16,6	|16,68	|15	|17,42	|14,55	|21,6	|14,07	|20,91	|18,34	|19,12	|19,91	|14,13	|0	|
________________________________________________________
44	|3,22	|3,73	|1,8	|2,89	|3,19	|3,14	|2,55	|3,63	|1,41	|2,91	|2,6	|2,87	|3,16	|3,27	|3,76	|0	|22,47	|16,27	|12,07	|20,23	|16,96	|13,63	|17,31	|17	|16,68	|10,65	|12,08	|17,08	|15,07	|13,45	|16,09	|15,94	|18,34	|16,48	|18,87	|17,33	|11,31	|19,09	|20,39	|16,89	|19,33	|18,2	|19,64	|100	|17,25	|11,55	|11,58	|17,05	|13,31	|13,48	|16,61	|16,2	|22,36	|16,45	|13,11	|18,49	|16,14	|14,82	|16,42	|16,68	|16,98	|14,79	|16,18	|13,83	|14,17	|21,5	|20,69	|18,49	|19,32	|19,87	|0	|14,35	|
________________________________________________________
45	|0	|4,24	|2,22	|3,38	|3,51	|3,15	|2,64	|3,54	|1,38	|2,86	|2,65	|3,77	|2,71	|2,61	|2,9	|3,21	|19,07	|0	|14,91	|22,87	|19,47	|14,19	|18,87	|19,3	|19,82	|7,16	|12	|17,14	|15,02	|11,3	|16,75	|16,46	|18,84	|16,92	|19,37	|16,69	|16,89	|16,36	|18,08	|15,05	|17,24	|15,96	|16,95	|17,12	|100	|14,25	|13,12	|18,8	|15,02	|13,41	|18,92	|19,58	|26,49	|19,7	|13,21	|18,33	|16,58	|12,06	|17,13	|17,1	|16,89	|15,27	|16,85	|13,91	|16,62	|16,19	|19,1	|15,92	|17,29	|16,96	|16,57	|16,98	|
________________________________________________________
46	|2,7	|3,93	|15,26	|2,69	|3,74	|3,16	|2,38	|3,56	|3,32	|2,72	|2,83	|3,05	|2,32	|2,64	|2,95	|3,08	|0	|12,82	|0	|22,55	|20,18	|13,94	|19,47	|19,34	|12,87	|15,76	|11,53	|16,62	|14,43	|10,96	|16,33	|16,32	|18,83	|16,43	|20,18	|17,04	|17	|17,03	|17,49	|14,7	|17,05	|15,87	|16,85	|16,74	|20,81	|100	|11,59	|19,17	|14,95	|13,44	|18,97	|18,87	|17,9	|19,48	|10,89	|19,21	|17,58	|12,11	|16,82	|17,13	|17,17	|15,26	|16,27	|13,92	|16,8	|16,81	|18,71	|15,75	|16,98	|17,06	|16,09	|16,7	|
________________________________________________________
47	|0	|0	|1,82	|2,81	|3,74	|3,08	|2,71	|3,27	|2,32	|3,84	|2,7	|3,84	|2,78	|3,19	|4,21	|3,5	|26,63	|0	|10,87	|0	|21,33	|14,16	|17,93	|17,99	|16,69	|11	|13,38	|17,61	|16,07	|11,33	|16,49	|16,9	|22,38	|0	|0	|21,27	|18,35	|18,34	|17,13	|15,15	|17,36	|18,56	|16,44	|17,22	|19,65	|11,88	|100	|17	|15,94	|14,3	|18,47	|18,27	|22,4	|16,74	|14	|17,01	|18,43	|12,27	|17,22	|16,81	|20,51	|15,29	|16,79	|17,58	|18,32	|17,96	|17,94	|15,59	|14,75	|19,39	|16,9	|16,55	|
________________________________________________________
48	|4,13	|2,91	|1,82	|16,72	|0	|3,33	|2,6	|3,64	|1,98	|3,33	|2,37	|4,35	|2,07	|3,1	|3,54	|3,22	|24,85	|19,02	|0	|16,92	|0	|15,07	|18,87	|18,99	|16,47	|10,96	|11,59	|20,52	|11,45	|10,88	|16,98	|16,45	|18,38	|16,9	|19,38	|17,07	|16,44	|16,64	|18,38	|15,18	|17,85	|16,99	|17,03	|16,96	|18,85	|13,16	|11,38	|100	|16,04	|14,45	|19,32	|19	|22,31	|16,58	|12,3	|22,32	|19,76	|13,29	|17,08	|16,83	|16,73	|15,22	|16,72	|13,96	|16,82	|16,43	|18,35	|15,56	|16,49	|17,01	|17,07	|16,54	|
________________________________________________________
49	|4,12	|0	|2,21	|3,68	|2,34	|3,27	|16,62	|3,02	|2,46	|2,12	|2,24	|2,65	|3,43	|2,76	|3,15	|2,91	|24,87	|19	|14,81	|0	|13,43	|0	|19,51	|18,81	|16,35	|11,07	|13,01	|13,32	|19,31	|10,82	|16,8	|15,98	|17,88	|16,29	|19,59	|16,53	|16,8	|16,47	|17,46	|14,9	|16,97	|15,95	|17,09	|16,62	|18,91	|12,88	|13,39	|20,13	|100	|11,5	|19,45	|18,92	|22,53	|16,94	|11,67	|13,78	|19,93	|10,71	|16,81	|16,64	|16,74	|15,38	|17,36	|13,82	|16,52	|15,71	|18,3	|16,62	|17,28	|16,86	|17,05	|16,77	|
________________________________________________________
50	|3,83	|4,43	|1,99	|3,46	|0	|0	|2,06	|3,04	|2,25	|2,86	|2,1	|3,4	|2,92	|3,51	|3,54	|3,46	|24,45	|18	|13,26	|23,89	|0	|10,84	|0	|20,11	|16,87	|10,69	|12,09	|16,98	|15,04	|12,73	|16,27	|17,7	|20,96	|16,84	|19,34	|16,91	|16,83	|16,34	|21,58	|0	|0	|20,17	|18,72	|19,17	|19,23	|13,19	|13,68	|20,66	|13,1	|100	|17,12	|20,28	|22,81	|16,57	|12,41	|18,46	|16,4	|14,5	|15,86	|18,33	|18,7	|13,44	|16,91	|13,33	|16,65	|16,69	|21,72	|15,83	|17,01	|20,58	|18,54	|18,72	|
________________________________________________________
51	|4,07	|4,02	|2,23	|3,37	|3,76	|2,16	|2,19	|17,99	|1,88	|2,59	|2,3	|3,48	|2,42	|3,56	|3,01	|3,46	|24,49	|19,36	|13,46	|22,08	|19,88	|0	|13,3	|0	|16,28	|10,48	|11,57	|16,94	|14,87	|11,14	|21,45	|13,96	|18,35	|16,68	|19,87	|16,71	|16,78	|16,87	|17,56	|14,85	|17,01	|16,32	|16,62	|16,69	|19,16	|13,15	|12,48	|19,5	|15,64	|12,09	|100	|20,62	|22,88	|16,46	|12,53	|18,3	|16,94	|11,61	|18,87	|18,77	|16,55	|15,92	|16,72	|13,78	|16,59	|15,82	|17,96	|16,28	|17,99	|16,79	|16,96	|16,55	|
________________________________________________________
52	|3,74	|3,82	|1,95	|3,28	|3,58	|0	|2,74	|3,62	|2,01	|2,81	|2,28	|3,19	|2,75	|2,39	|2,87	|1,99	|25,35	|18,52	|13,44	|22,04	|19,69	|14,77	|0	|8,5	|16,55	|10,79	|11,73	|16,83	|15,37	|12,72	|14,35	|21,59	|18,12	|16,25	|19,84	|16,86	|17,45	|16,72	|17,24	|14,79	|16,36	|15,83	|16,1	|16,24	|19,78	|13,05	|12,32	|19,15	|15,19	|14,29	|20,57	|100	|22,54	|16,36	|11,93	|17,94	|16,75	|11,76	|11,61	|18,72	|16,86	|15,39	|16,99	|13,98	|16,64	|16,58	|17,48	|15,78	|17,01	|16,78	|16,55	|16,39	|
________________________________________________________
53	|2,74	|3,79	|1,37	|2,89	|2,97	|2,64	|2,13	|2,91	|0	|3,14	|2,72	|4,14	|2,87	|3,1	|3,18	|3,63	|24,17	|14,1	|13,33	|19,94	|17,25	|12,43	|16,69	|16,78	|13,64	|0	|14,68	|18,68	|16,63	|12,85	|19,03	|19,02	|18,43	|16,86	|19,23	|16,77	|16,26	|16,55	|17,89	|14,86	|16,97	|15,96	|17,09	|16,5	|19,69	|9,11	|11,12	|16,54	|13,31	|11,83	|16,8	|16,58	|100	|19,28	|13,33	|21,34	|18,64	|13,6	|18,96	|19,04	|16,54	|14,92	|16,93	|14,47	|17,02	|16,47	|18,27	|15,86	|16,96	|16,63	|16,65	|16,28	|
________________________________________________________
54	|3,8	|3,72	|2,01	|2,91	|3,27	|2,74	|2,17	|2,93	|1,47	|3,35	|14,11	|3,38	|2,91	|2,98	|3,23	|3,45	|19,38	|20,18	|12,46	|19,74	|17,68	|12,1	|16,71	|16,78	|0	|7,28	|0	|18,8	|16,71	|12,76	|18,57	|18,62	|18,09	|16,96	|18,91	|16,99	|16,49	|16,32	|18,17	|14,69	|17,26	|16,31	|17,16	|16,47	|19,88	|13,45	|11,27	|16,68	|13,58	|11,66	|16,4	|16,34	|26,18	|100	|12,53	|20,96	|18,78	|13,25	|18,85	|19,54	|16,79	|14,93	|16,96	|14,11	|16,76	|15,96	|18,48	|15,79	|17,09	|16,82	|16,83	|16,56	|
________________________________________________________
55	|4,21	|3,88	|1,96	|3,43	|2,87	|2,8	|2,21	|2,93	|0	|0	|2,51	|3,39	|2,98	|3,23	|3,62	|3,39	|23,5	|16,56	|13,19	|19,52	|17,49	|12,27	|16,7	|16,72	|19,33	|0	|10,18	|0	|16,83	|12,75	|18,55	|18,85	|20,41	|18,47	|23,97	|0	|0	|20,36	|17,54	|15,19	|16,87	|16,16	|17,08	|18,09	|18,38	|10,37	|13	|17,07	|12,9	|12,04	|17,21	|16,43	|24,94	|17,28	|100	|18,84	|20,92	|14,22	|18,99	|18,88	|19,17	|17,04	|20,45	|14,3	|17,05	|19,15	|18,11	|15,79	|16,84	|16,84	|15,53	|17,96	|
________________________________________________________
56	|3,15	|4,11	|1,71	|3,19	|2,7	|2,88	|1,62	|2,92	|2,46	|2,2	|2,46	|18,46	|0	|3,17	|3,74	|3,44	|21,78	|16,44	|11,87	|23,06	|14,71	|13,71	|16,77	|16,9	|19,37	|12,16	|0	|13,59	|0	|13,47	|18,89	|18,79	|18,81	|17,17	|18,31	|17,18	|16,69	|16,02	|18,21	|14,51	|17,41	|16,31	|16,42	|16,59	|16,58	|11,9	|10,27	|20,13	|9,91	|11,65	|16,35	|16,06	|25,97	|18,79	|12,25	|100	|20,81	|13,37	|18,99	|19,32	|16,6	|15,42	|16,02	|15,24	|18,46	|15,51	|18,5	|15,91	|16,81	|16,82	|16,66	|16,71	|
________________________________________________________
57	|3,29	|3,2	|1,99	|3,27	|3,79	|2,81	|2,65	|3,25	|2,63	|0	|2,65	|4,34	|1,68	|3,28	|17,57	|3,49	|21,76	|16,78	|12,27	|18,01	|21,37	|12,61	|16,88	|17,14	|18,81	|12,68	|14,39	|0	|10,32	|0	|19,01	|19	|17,64	|16,54	|19,71	|16,65	|16,84	|16,04	|18,35	|15,33	|17,89	|15,73	|16,83	|15,92	|16,49	|11,97	|12,23	|19,6	|15,75	|11,38	|16,63	|16,49	|24,94	|18,51	|14,96	|22,87	|100	|12,46	|19,42	|19,59	|16,69	|15	|17,39	|14,07	|16,22	|16,01	|18,54	|15,9	|17,87	|17,57	|17,33	|16,67	|
________________________________________________________
58	|3,45	|3,76	|1,99	|4,03	|3,33	|3,04	|2,56	|3,68	|2,43	|3,18	|2,39	|3,9	|0	|0	|3,05	|3,34	|22,02	|16,32	|11,51	|20,99	|16,98	|13,75	|16,6	|16,79	|18,42	|12,42	|13,66	|20,07	|0	|10,12	|0	|19,96	|17,73	|17,42	|20,72	|16,55	|16,77	|15,98	|20,19	|16,98	|20,24	|0	|0	|20,65	|16,94	|11,64	|11,5	|18,61	|11,95	|14,21	|16,11	|16,34	|25,7	|18,45	|14,36	|20,75	|17,6	|100	|17,74	|20,52	|16,25	|14,87	|18,34	|12,4	|17,03	|16,14	|20,24	|18,06	|20,57	|16,88	|16,75	|20,56	|
________________________________________________________
59	|3,2	|3,62	|1,73	|2,64	|2,92	|3,43	|2,21	|3,44	|2,41	|3,17	|2,49	|3,76	|3,09	|2	|3,04	|18,49	|21,71	|16,24	|12,55	|19,53	|16,56	|12,71	|21,24	|14,89	|18,91	|12,52	|12,96	|19,2	|17,06	|0	|12	|0	|18,04	|16,46	|19,16	|17,07	|17,28	|15,93	|17,47	|15,35	|16,82	|16,51	|16,82	|16,22	|17,05	|11,46	|11,44	|16,96	|13,3	|11,01	|18,55	|11,44	|25,39	|18,6	|13,59	|20,91	|19,44	|12,58	|100	|21,31	|16,44	|14,7	|16,26	|14,11	|16,45	|15,89	|18,71	|16,32	|16,94	|17,36	|18,49	|16,44	|
________________________________________________________
60	|3,28	|3,96	|1,78	|2,74	|2,96	|2,51	|2,35	|3,37	|2,42	|3,15	|2,7	|4,05	|2,86	|0	|3,74	|3,84	|21,69	|17,01	|11,73	|20,18	|17,74	|12,19	|14,83	|21,97	|19,1	|12,32	|13,07	|18,87	|16,69	|13,41	|0	|8,27	|18,27	|16,61	|19,25	|17,01	|16,81	|16,26	|17,69	|14,58	|16,95	|15,96	|16,69	|16,54	|17,08	|11,72	|11,21	|16,77	|13,21	|12,77	|18,52	|18,51	|25,59	|19,35	|13,56	|21,33	|19,68	|14,6	|21,39	|100	|16,66	|15,34	|16,82	|14,41	|16,94	|16,29	|18,5	|16,25	|16,94	|16,52	|16,26	|16,27	|
________________________________________________________
61	|4,01	|0	|1,98	|3,45	|2,83	|2,2	|2,75	|3,38	|2,47	|2,86	|2,65	|3,86	|2,65	|2,71	|2,99	|3,04	|21,68	|16,57	|14,74	|19,14	|17,03	|12,42	|17,02	|16,68	|16,04	|10,89	|12,89	|16,69	|14,43	|11,33	|16,95	|16,78	|16,71	|0	|21,99	|18,81	|18,59	|18,43	|23,12	|12,14	|16,71	|16,25	|16,86	|16,91	|16,96	|11,8	|13,74	|16,75	|13,35	|13,1	|16,41	|16,75	|22,34	|16,7	|13,83	|18,42	|16,85	|11,62	|16,58	|16,74	|100	|16,57	|18,95	|15,79	|18,74	|18,77	|21,27	|18,6	|16,82	|16,71	|16,5	|16,28	|
________________________________________________________
62	|3,88	|3,26	|11,6	|2,97	|2,88	|3,52	|2,69	|2,52	|2,5	|3,2	|2,66	|4,24	|2,54	|2,91	|2,72	|2,91	|22,23	|16,73	|0	|19,85	|16,98	|12,5	|16,96	|16,47	|16,77	|10,61	|12,78	|16,79	|14,92	|11,25	|16,75	|16,55	|0	|14,86	|21,42	|19,1	|19,14	|18,6	|14,27	|20,63	|17,01	|16,16	|16,77	|16,3	|16,96	|11,6	|11,33	|16,85	|13,57	|10,41	|17,46	|16,92	|22,29	|16,43	|13,61	|18,93	|16,75	|11,76	|16,4	|17,05	|18,33	|100	|19,37	|15,94	|19,64	|18,51	|12,61	|18,94	|16,97	|16,63	|16,36	|16,92	|
________________________________________________________
63	|2,91	|4,32	|1,71	|16,67	|3,84	|2,54	|2,43	|3,5	|2,67	|0	|2,79	|3,91	|2,73	|2,39	|3,39	|3,26	|22,18	|16,95	|0	|19,77	|17,34	|12,7	|16,67	|16,71	|16,45	|11,06	|14,66	|16,66	|15,59	|10,85	|16,06	|16,7	|21,21	|19,43	|17,37	|0	|19,11	|18,7	|17,7	|15,03	|22,18	|13,9	|17,54	|16,05	|16,84	|11,14	|11,21	|16,67	|13,79	|11,79	|16,51	|16,82	|22,77	|16,8	|14,7	|17,71	|17,48	|13,06	|16,33	|16,84	|18,88	|17,44	|100	|15,96	|18,45	|18,65	|18,13	|16,4	|19,16	|19,43	|17,11	|17,06	|
________________________________________________________
64	|0	|4,58	|2,19	|3,11	|2,65	|2,94	|2,16	|1,9	|2,11	|2,48	|16,66	|3,86	|2,39	|3,7	|3,56	|2,84	|22,12	|16,31	|15,34	|20,17	|17,54	|13,92	|16,73	|17,52	|16,55	|10,53	|0	|17,01	|13,23	|11,15	|16,73	|16,94	|20,6	|18,97	|0	|14,82	|18,98	|18,83	|16,96	|15,2	|14,48	|22,05	|17,45	|16,36	|16,58	|11,36	|13,98	|16,59	|13,09	|11,08	|16,22	|16,49	|23,2	|16,66	|12,25	|20,08	|16,86	|10,52	|16,89	|17,19	|18,75	|17,11	|19,02	|100	|19,17	|18,96	|18,06	|15,44	|10,94	|19,7	|16,81	|16,19	|
________________________________________________________
65	|3,73	|4,11	|2,07	|3,31	|2,91	|2,68	|2,19	|2,98	|1,96	|3,5	|2,46	|20,65	|3,28	|2,57	|2,73	|3,6	|21,84	|16,78	|13,48	|19,93	|16,73	|12,26	|16,48	|16,84	|16,61	|10,98	|0	|16,62	|14,32	|10,79	|16,48	|16,28	|20,76	|18,59	|21,73	|19,9	|15,03	|0	|18,03	|15,21	|17,43	|16,13	|21,99	|14,23	|16,81	|11,64	|12,37	|16,97	|13,28	|11,75	|16,57	|16,67	|23,16	|16,81	|12,4	|20,65	|16,51	|12,27	|16,72	|17,16	|18,88	|17,89	|18,67	|16,27	|100	|17,54	|18,4	|15,69	|16,42	|16,68	|18,96	|18,56	|
________________________________________________________
66	|3,59	|4,13	|1,9	|3,38	|2,74	|2,65	|2,18	|2,71	|0	|3,72	|2,75	|3,65	|1,97	|3,48	|2,77	|1,98	|21,78	|16,43	|13,55	|20,03	|16,64	|12,63	|16,43	|16,86	|15,95	|10,56	|14,96	|16,9	|14,2	|13,03	|15,99	|16,5	|20,36	|19,29	|21,68	|20,16	|0	|15,48	|17,74	|14,52	|17,29	|16,59	|14,54	|21,89	|16,61	|11,81	|12,3	|16,81	|12,81	|11,95	|16,04	|16,84	|22,74	|16,22	|14,13	|17,59	|16,51	|11,79	|16,37	|16,73	|19,18	|17,11	|19,14	|16,32	|17,79	|100	|18,61	|16,34	|16,41	|16,9	|11,47	|19,38	|
________________________________________________________
67	|3,37	|3,14	|1,17	|2,81	|3,52	|0	|2,48	|3,59	|2,28	|2,83	|2,16	|3,45	|3,08	|2,97	|3,41	|3,58	|21,92	|15,96	|13,55	|19,78	|17,06	|15,5	|16,46	|16,11	|16,66	|11	|11,86	|16,8	|14,64	|12,58	|16,1	|16,35	|23,13	|15,14	|19,18	|16,77	|17,1	|16,47	|16,89	|0	|19,12	|18,09	|19,17	|18,7	|17,4	|11,67	|10,91	|16,66	|13,25	|13,8	|16,16	|15,76	|22,39	|16,69	|11,86	|18,63	|16,98	|13,13	|17,12	|16,86	|19,3	|10,35	|16,51	|13,8	|16,57	|16,52	|100	|18,48	|19,86	|19,1	|18,89	|18,73	|
________________________________________________________
68	|3,39	|5,22	|2,07	|2,7	|3,48	|2,29	|13,79	|3,02	|2,09	|2,69	|2,27	|3,18	|2,87	|2,96	|3,18	|3,47	|22,13	|16,31	|12,02	|20,04	|17,53	|0	|16,93	|17	|16,43	|10,79	|12,1	|16,72	|14,61	|12,3	|16,26	|16,62	|15,67	|22,31	|19,45	|17,04	|16,57	|16,37	|0	|12,36	|19,22	|17,81	|19,27	|19,16	|16,62	|11,26	|10,87	|16,21	|13,79	|11,53	|16,79	|16,31	|22,27	|16,34	|11,85	|18,37	|16,69	|13,43	|17,12	|16,99	|19,35	|17,81	|17,13	|13,53	|16,2	|16,63	|21,19	|100	|19,75	|18,48	|18,54	|18,81	|
________________________________________________________
69	|4,35	|3,48	|1,39	|3,24	|2,76	|3,18	|2,27	|17,49	|2,38	|2,42	|1,54	|3,29	|3,36	|0	|3,59	|3,81	|22,39	|17,03	|12,35	|19,87	|17,81	|0	|16,67	|16,67	|16,7	|10,9	|13,31	|17,47	|14,55	|13,16	|15,93	|17,05	|18,86	|17,2	|24,19	|14,29	|16,17	|16,34	|20,74	|17,12	|14,76	|0	|18,95	|18,88	|17,03	|11,45	|9,7	|16,19	|13,51	|11,68	|17,49	|16,57	|22,46	|16,68	|11,92	|18,29	|17,7	|14,42	|16,76	|16,69	|16,5	|15,05	|18,87	|9,04	|15,98	|15,75	|21,47	|18,62	|100	|19,6	|18,84	|18,48	|
________________________________________________________
70	|2,94	|3,56	|1,99	|3,29	|0	|3,23	|2,71	|3,43	|2,16	|3,82	|2,57	|3,31	|3,13	|2,27	|17,45	|3,04	|21,96	|16,6	|11,98	|20,08	|17,24	|15,13	|16,6	|16,84	|16,44	|10,77	|12,42	|16,51	|14,72	|0	|16,74	|17,12	|18,24	|16,52	|16,62	|21,99	|16,5	|16,76	|20,64	|17,51	|0	|13,48	|19,79	|19,48	|16,75	|11,54	|12,78	|16,76	|13,23	|14,17	|16,38	|16,4	|22,1	|16,47	|11,95	|18,36	|17,45	|11,87	|17,22	|16,33	|16,44	|14,79	|19,19	|16,32	|16,28	|16,27	|20,71	|17,48	|19,66	|100	|19,09	|18,87	|
________________________________________________________
71	|2,97	|3,77	|1,66	|2,82	|3,18	|3,28	|2,42	|3,25	|2,74	|2,64	|2,11	|3,8	|1,99	|3,26	|3,25	|18,6	|21,64	|16,55	|12,27	|20,02	|17	|13,81	|17,43	|16,48	|16,46	|11,05	|12	|16,24	|14,37	|0	|16,33	|15,98	|18,55	|17	|18,88	|16,38	|22,12	|14,3	|20,34	|17,56	|19,37	|18,79	|14,24	|0	|16,59	|11,03	|11,29	|17,04	|13,56	|12,95	|16,77	|16,41	|22,43	|16,7	|11,18	|18,44	|17,45	|11,94	|18,6	|16,29	|16,45	|14,75	|17,13	|14,12	|18,76	|11,19	|20,76	|17,78	|19,16	|19,35	|100	|19,25	|
________________________________________________________
72	|3,31	|3,57	|1,81	|3,19	|3,44	|3,38	|2,39	|3,28	|1,87	|2,84	|2,63	|3,82	|0	|3,31	|3,71	|3,62	|21,35	|16,5	|11,97	|20,23	|17,56	|13,86	|17,7	|16,53	|16,47	|10,6	|12,19	|16,69	|15	|13,34	|16,47	|16,11	|18,41	|16,97	|18,71	|16,89	|14,3	|21,73	|20,37	|17,35	|20,07	|18,62	|0	|14,39	|17,16	|11,55	|11,16	|16,66	|13,46	|13,19	|16,52	|16,39	|22,13	|16,58	|13,04	|18,67	|16,94	|14,79	|16,69	|16,46	|16,39	|15,39	|17,24	|13,72	|18,53	|19,08	|20,78	|18,2	|18,96	|19,3	|19,43	|100	|
________________________________________________________
