0	|1	|2	|3	|4	|5	|6	|7	|8	|9	|10	|11	|12	|13	|14	|15	|16	|17	|18	|19	|20	|21	|22	|23	|24	|25	|26	|27	|28	|29	|30	|31	|32	|33	|34	|35	|36	|37	|38	|39	|40	|41	|42	|43	|44	|45	|46	|47	|48	|49	|50	|51	|52	|53	|54	|55	|56	|57	|58	|59	|60	|61	|62	|63	|64	|65	|66	|67	|68	|69	|70	|71	|72	|
1	|3268	|112	|62	|111	|119	|93	|94	|167	|121	|76	|0	|127	|86	|81	|103	|100	|793	|3268	|355	|655	|652	|381	|626	|603	|663	|521	|424	|496	|506	|361	|609	|554	|709	|566	|3268	|596	|606	|607	|644	|450	|638	|389	|578	|535	|0	|310	|0	|691	|549	|448	|674	|621	|619	|631	|507	|583	|554	|412	|539	|551	|669	|585	|488	|0	|618	|586	|620	|544	|740	|499	|498	|549	|
________________________________________________________
2	|112	|3615	|69	|104	|95	|118	|0	|113	|69	|140	|131	|154	|78	|99	|93	|120	|877	|603	|443	|3615	|663	|512	|682	|707	|653	|308	|464	|644	|416	|363	|577	|609	|690	|3615	|672	|743	|680	|676	|722	|603	|588	|607	|613	|621	|711	|451	|0	|487	|0	|518	|665	|634	|854	|618	|468	|761	|540	|449	|609	|664	|0	|492	|724	|644	|681	|674	|577	|838	|593	|605	|632	|592	|
________________________________________________________
3	|62	|69	|1751	|49	|67	|67	|51	|47	|84	|68	|64	|69	|34	|62	|80	|51	|0	|229	|0	|437	|366	|237	|340	|330	|243	|289	|238	|281	|273	|225	|308	|295	|0	|266	|436	|380	|354	|354	|228	|353	|311	|305	|274	|299	|372	|1751	|204	|304	|294	|233	|369	|324	|310	|334	|236	|316	|336	|238	|291	|299	|330	|1751	|286	|308	|343	|310	|216	|332	|237	|338	|278	|300	|
________________________________________________________
4	|111	|104	|49	|2795	|0	|111	|92	|133	|63	|0	|78	|153	|70	|80	|120	|110	|754	|550	|0	|452	|0	|427	|526	|548	|454	|327	|406	|598	|364	|292	|491	|464	|636	|552	|479	|0	|496	|490	|502	|493	|648	|400	|483	|480	|566	|309	|315	|2795	|490	|404	|558	|544	|652	|483	|413	|592	|552	|481	|444	|459	|577	|448	|2795	|438	|548	|553	|518	|434	|551	|558	|472	|530	|
________________________________________________________
5	|119	|95	|67	|0	|2913	|66	|68	|119	|80	|100	|59	|93	|117	|94	|0	|120	|702	|499	|443	|620	|2913	|344	|512	|608	|456	|305	|513	|560	|500	|409	|504	|458	|531	|461	|618	|540	|486	|464	|654	|447	|2913	|525	|559	|530	|589	|429	|418	|0	|311	|0	|623	|594	|669	|543	|346	|501	|639	|398	|491	|496	|473	|435	|643	|373	|482	|447	|647	|559	|470	|0	|533	|571	|
________________________________________________________
6	|93	|118	|67	|111	|66	|2728	|63	|84	|47	|100	|80	|94	|58	|99	|97	|117	|675	|530	|358	|609	|436	|323	|2728	|519	|455	|258	|335	|481	|351	|306	|467	|332	|306	|502	|474	|511	|433	|467	|522	|2728	|464	|556	|503	|523	|528	|363	|345	|556	|436	|0	|357	|0	|595	|456	|338	|534	|473	|363	|577	|421	|368	|532	|426	|414	|444	|433	|0	|368	|542	|548	|549	|560	|
________________________________________________________
7	|94	|0	|51	|92	|68	|63	|2214	|59	|56	|40	|55	|53	|93	|68	|86	|72	|566	|437	|315	|0	|320	|0	|456	|431	|365	|245	|286	|303	|456	|262	|358	|386	|312	|439	|456	|373	|365	|333	|0	|277	|454	|403	|441	|424	|442	|273	|303	|435	|2214	|241	|362	|455	|481	|360	|266	|300	|447	|305	|372	|395	|459	|406	|407	|304	|363	|357	|456	|2214	|387	|460	|405	|396	|
________________________________________________________
8	|167	|113	|47	|133	|119	|84	|59	|2978	|65	|69	|44	|107	|76	|0	|122	|124	|744	|587	|399	|728	|659	|0	|371	|0	|499	|311	|351	|554	|432	|375	|604	|423	|648	|459	|727	|423	|497	|483	|665	|499	|443	|0	|538	|604	|594	|408	|366	|609	|402	|356	|2978	|601	|656	|487	|353	|542	|548	|439	|580	|566	|565	|380	|586	|267	|493	|443	|660	|485	|2978	|583	|544	|545	|
________________________________________________________
9	|121	|69	|84	|63	|80	|47	|56	|65	|2101	|53	|38	|90	|75	|65	|65	|97	|352	|470	|239	|355	|451	|282	|361	|342	|440	|2101	|265	|344	|398	|229	|393	|413	|443	|400	|499	|351	|2101	|329	|359	|283	|380	|320	|406	|235	|232	|381	|260	|331	|328	|263	|311	|333	|0	|244	|0	|456	|444	|290	|406	|406	|412	|378	|447	|297	|325	|0	|420	|335	|406	|367	|458	|310	|
________________________________________________________
10	|76	|140	|68	|0	|100	|100	|40	|69	|53	|2803	|69	|90	|92	|104	|0	|95	|587	|454	|414	|601	|557	|484	|451	|453	|575	|287	|324	|2803	|541	|397	|516	|548	|595	|543	|555	|2803	|498	|576	|496	|415	|545	|500	|469	|484	|480	|312	|430	|557	|283	|334	|429	|466	|708	|556	|0	|408	|0	|380	|533	|529	|477	|483	|0	|349	|580	|607	|521	|432	|412	|648	|442	|471	|
________________________________________________________
11	|0	|131	|64	|78	|59	|80	|55	|44	|38	|69	|2344	|78	|65	|97	|95	|67	|482	|475	|363	|476	|424	|342	|388	|416	|0	|159	|0	|468	|369	|309	|472	|434	|478	|483	|0	|330	|453	|463	|378	|361	|337	|519	|406	|432	|445	|325	|302	|397	|299	|246	|381	|378	|614	|2344	|302	|455	|447	|285	|420	|453	|442	|401	|468	|2344	|407	|449	|397	|364	|263	|436	|354	|436	|
________________________________________________________
12	|127	|154	|69	|153	|93	|94	|53	|107	|90	|90	|78	|3421	|0	|102	|131	|136	|790	|570	|460	|753	|484	|449	|575	|579	|708	|419	|0	|462	|0	|460	|688	|635	|713	|626	|742	|750	|522	|0	|627	|531	|560	|539	|716	|478	|632	|350	|430	|727	|353	|398	|576	|530	|934	|561	|409	|3421	|731	|465	|633	|680	|645	|640	|656	|543	|3421	|596	|635	|511	|560	|561	|637	|634	|
________________________________________________________
13	|86	|78	|34	|70	|117	|58	|93	|76	|75	|92	|65	|0	|2552	|62	|65	|87	|538	|398	|332	|390	|534	|329	|392	|469	|458	|284	|386	|517	|2552	|273	|398	|557	|455	|405	|525	|427	|451	|482	|483	|433	|510	|391	|2552	|525	|455	|266	|311	|346	|457	|342	|401	|457	|648	|484	|359	|0	|284	|0	|521	|480	|442	|383	|458	|336	|543	|322	|566	|461	|572	|531	|333	|0	|
________________________________________________________
14	|81	|99	|62	|80	|94	|99	|68	|0	|65	|104	|97	|102	|62	|2776	|81	|89	|621	|481	|319	|579	|491	|438	|537	|511	|537	|353	|341	|567	|422	|314	|2776	|600	|492	|492	|395	|543	|457	|537	|581	|474	|519	|2776	|507	|544	|438	|303	|357	|519	|368	|411	|590	|396	|699	|495	|389	|587	|553	|0	|336	|0	|452	|440	|401	|520	|426	|568	|547	|476	|0	|385	|546	|550	|
________________________________________________________
15	|103	|93	|80	|120	|0	|97	|86	|122	|65	|0	|95	|131	|65	|81	|2962	|92	|654	|531	|380	|546	|668	|472	|489	|531	|535	|382	|448	|0	|294	|0	|601	|594	|475	|485	|526	|597	|477	|491	|624	|538	|0	|378	|616	|626	|486	|338	|471	|591	|419	|414	|499	|477	|718	|537	|436	|693	|2962	|364	|512	|627	|500	|411	|568	|501	|452	|453	|627	|511	|612	|2962	|544	|615	|
________________________________________________________
16	|100	|120	|51	|110	|120	|117	|72	|124	|97	|95	|67	|136	|87	|89	|92	|3114	|684	|498	|396	|645	|536	|444	|657	|456	|571	|391	|435	|637	|566	|0	|368	|0	|588	|493	|619	|524	|701	|443	|631	|552	|647	|618	|452	|0	|538	|354	|392	|539	|388	|405	|573	|330	|818	|573	|409	|637	|589	|399	|3114	|645	|508	|440	|547	|399	|596	|324	|658	|557	|649	|516	|3114	|600	|
________________________________________________________
17	|793	|877	|0	|754	|702	|675	|566	|744	|352	|587	|482	|790	|538	|621	|654	|684	|21869	|4007	|2987	|5017	|4215	|3069	|4157	|4208	|3981	|1906	|2574	|3654	|3164	|2444	|3557	|3646	|4051	|3731	|4159	|3597	|3592	|3651	|3891	|3250	|3694	|3556	|3624	|3738	|3196	|0	|2980	|4155	|3312	|2859	|4054	|4206	|5450	|3219	|2832	|4036	|3668	|2629	|3655	|3639	|3620	|3356	|3718	|3111	|3618	|3558	|4035	|3552	|3813	|3727	|3623	|3543	|
________________________________________________________
18	|3268	|603	|229	|550	|499	|530	|437	|587	|470	|454	|475	|570	|398	|481	|531	|498	|4007	|16604	|1934	|3794	|3155	|2231	|3245	|3118	|3322	|2445	|1939	|2789	|2411	|1805	|2730	|2763	|2944	|2800	|3268	|2787	|2720	|2740	|2947	|2508	|2834	|2673	|2800	|2707	|0	|1471	|0	|3180	|2530	|2105	|3205	|3073	|3179	|3352	|1996	|3047	|2829	|1948	|2735	|2854	|2768	|2526	|2841	|2294	|2780	|2684	|2938	|2619	|2900	|2817	|2771	|2737	|
________________________________________________________
19	|355	|443	|0	|0	|443	|358	|315	|399	|239	|414	|363	|460	|332	|319	|380	|396	|2987	|1934	|12149	|2442	|2552	|1793	|2320	|2285	|2114	|1044	|1681	|2015	|1848	|1325	|2040	|2021	|2722	|2032	|2366	|2530	|2290	|2261	|2444	|1547	|2001	|1990	|2048	|2008	|2499	|0	|1216	|0	|1973	|1550	|2228	|2231	|3007	|2070	|1590	|2199	|2068	|1374	|2113	|1969	|2462	|0	|0	|2158	|2233	|2214	|2494	|1929	|2102	|2033	|2055	|1986	|
________________________________________________________
20	|655	|3615	|437	|452	|620	|609	|0	|728	|355	|601	|476	|753	|390	|579	|546	|645	|5017	|3794	|2442	|19870	|3884	|2886	|3764	|3819	|3292	|2020	|2162	|3669	|2331	|2203	|3262	|3311	|3505	|3615	|3755	|3378	|3408	|3350	|3526	|3014	|3413	|3277	|3284	|3365	|3834	|2588	|0	|2829	|0	|2793	|3655	|3658	|4496	|3280	|2352	|4273	|3036	|2506	|3289	|3387	|3197	|2996	|3315	|2837	|3303	|3273	|3640	|3218	|3384	|3409	|3352	|3356	|
________________________________________________________
21	|652	|663	|366	|0	|2913	|436	|320	|659	|451	|557	|424	|484	|534	|491	|668	|536	|4215	|3155	|2552	|3884	|17232	|2102	|3271	|3307	|2820	|1918	|2224	|3327	|3051	|1959	|2843	|2873	|3135	|2772	|3338	|2879	|2959	|2850	|3091	|2567	|2913	|2727	|2894	|2821	|3264	|2316	|2387	|0	|1789	|0	|3292	|3267	|3890	|2937	|2108	|2726	|3602	|2027	|2788	|2977	|2845	|2563	|2908	|2467	|2772	|2718	|3140	|2815	|3033	|2927	|2847	|2914	|
________________________________________________________
22	|381	|512	|237	|427	|344	|323	|0	|0	|282	|484	|342	|449	|329	|438	|472	|444	|3069	|2231	|1793	|2886	|2102	|12476	|2167	|2559	|2049	|1317	|1487	|2246	|1615	|1663	|2080	|2057	|2183	|2104	|2183	|2356	|2113	|2111	|2680	|1867	|2129	|2392	|2327	|2267	|2378	|1600	|1585	|2520	|0	|1268	|0	|2451	|2804	|2010	|1479	|2541	|2125	|1641	|2140	|2046	|2074	|1887	|2130	|1958	|2031	|2063	|2853	|0	|0	|2569	|2313	|2300	|
________________________________________________________
23	|626	|682	|340	|526	|512	|2728	|456	|371	|361	|451	|388	|575	|392	|537	|489	|657	|4157	|3245	|2320	|3764	|3271	|2167	|16808	|3309	|2741	|1787	|2070	|2786	|2517	|1651	|3118	|2045	|3010	|2818	|3235	|2839	|2840	|2769	|2864	|2728	|2900	|2711	|2862	|2880	|3164	|2234	|2007	|3154	|2599	|0	|2202	|0	|3764	|2777	|2013	|3107	|2846	|1982	|3577	|2489	|2842	|2561	|2795	|2353	|2731	|2685	|3030	|2718	|2839	|2818	|2919	|2936	|
________________________________________________________
24	|603	|707	|330	|548	|608	|519	|431	|0	|342	|453	|416	|579	|469	|511	|531	|456	|4208	|3118	|2285	|3819	|3307	|2559	|3309	|16829	|2751	|1799	|2024	|2848	|2492	|2059	|3127	|3149	|3147	|2818	|3293	|2814	|2768	|2868	|2875	|2447	|2824	|2669	|2769	|2827	|3236	|2219	|2013	|3175	|2505	|2351	|0	|1410	|3784	|2788	|2015	|3132	|2890	|2004	|2507	|3687	|2785	|2487	|2801	|2465	|2791	|2755	|2965	|2729	|2838	|2858	|2759	|2743	|
________________________________________________________
25	|663	|653	|243	|454	|456	|455	|365	|499	|440	|575	|0	|708	|458	|537	|535	|571	|3981	|3322	|2114	|3292	|2820	|2049	|2741	|2751	|16504	|2411	|2411	|3181	|2710	|2056	|3158	|3106	|3012	|2770	|3198	|2845	|2708	|2748	|2870	|2548	|2854	|2740	|2863	|2774	|3323	|1477	|1868	|2753	|2178	|1973	|2696	|2747	|3075	|0	|2330	|3590	|3170	|2199	|3184	|3206	|2679	|2532	|2758	|2328	|2752	|2606	|3067	|2637	|2844	|2791	|2756	|2732	|
________________________________________________________
26	|521	|308	|289	|327	|305	|258	|245	|311	|2101	|287	|159	|419	|284	|353	|382	|391	|1906	|2445	|1044	|2020	|1918	|1317	|1787	|1799	|2411	|10750	|1297	|2029	|1756	|1282	|2037	|2060	|1927	|1839	|2093	|1774	|2101	|1652	|1882	|1598	|1852	|1816	|1818	|1772	|1201	|1809	|1231	|1833	|1474	|1250	|1735	|1790	|0	|1210	|0	|2253	|2137	|1483	|2108	|2068	|1818	|1601	|1855	|1481	|1820	|1726	|2025	|1733	|1856	|1828	|1850	|1758	|
________________________________________________________
27	|424	|464	|238	|406	|513	|335	|286	|351	|265	|324	|0	|0	|386	|341	|448	|435	|2574	|1939	|1681	|2162	|2224	|1487	|2070	|2024	|2411	|1297	|11840	|2018	|2213	|1511	|2112	|2131	|2407	|2314	|2691	|2006	|2014	|2484	|2028	|1761	|2211	|1732	|1991	|2009	|2012	|1323	|1497	|1937	|1733	|1414	|1916	|1946	|3310	|0	|1227	|0	|2426	|1630	|2183	|2194	|2152	|1930	|2458	|0	|0	|2445	|2183	|1942	|2266	|2109	|2010	|2023	|
________________________________________________________
28	|496	|644	|281	|598	|560	|481	|303	|554	|344	|2803	|468	|462	|517	|567	|0	|637	|3654	|2789	|2015	|3669	|3327	|2246	|2786	|2848	|3181	|2029	|2018	|16706	|3083	|2291	|3159	|3145	|3151	|2762	|3155	|2803	|2793	|2842	|2940	|2492	|2813	|2581	|2829	|2841	|2873	|1907	|1971	|3430	|1774	|1985	|2804	|2793	|4213	|3124	|0	|2518	|0	|2396	|3233	|3167	|2787	|2534	|2793	|2392	|2753	|2761	|3092	|2685	|2975	|2802	|2719	|2770	|
________________________________________________________
29	|506	|416	|273	|364	|500	|351	|456	|432	|398	|541	|369	|0	|2552	|422	|294	|566	|3164	|2411	|1848	|2331	|3051	|1615	|2517	|2492	|2710	|1756	|2213	|3083	|14720	|1620	|2753	|2882	|2643	|2365	|3038	|2492	|2454	|2395	|2558	|2231	|2437	|2350	|2552	|2506	|2517	|1656	|1798	|1914	|2572	|1759	|2462	|2551	|3750	|2776	|2028	|0	|1740	|0	|2872	|2801	|2410	|2253	|2614	|1861	|2373	|2320	|2694	|2346	|2478	|2499	|2406	|2489	|
________________________________________________________
30	|361	|363	|225	|292	|409	|306	|262	|375	|229	|397	|309	|460	|273	|314	|0	|0	|2444	|1805	|1325	|2203	|1959	|1663	|1651	|2059	|2056	|1282	|1511	|2291	|1620	|11086	|1916	|2251	|1997	|1865	|2126	|1898	|1693	|2091	|2242	|1835	|2256	|1825	|1871	|2237	|1894	|1258	|1268	|1819	|1441	|1488	|1844	|2110	|2899	|2120	|1537	|2497	|0	|1208	|0	|2250	|1893	|1699	|1819	|1569	|1788	|2129	|2316	|1974	|2240	|0	|0	|2214	|
________________________________________________________
31	|609	|577	|308	|491	|504	|467	|358	|604	|393	|516	|472	|688	|398	|2776	|601	|368	|3557	|2730	|2040	|3262	|2843	|2080	|3118	|3127	|3158	|2037	|2112	|3159	|2753	|1916	|16513	|3522	|2984	|2817	|3227	|2879	|2950	|2753	|2889	|2489	|2805	|2776	|2739	|2676	|2807	|1874	|1845	|2839	|2237	|1903	|3552	|2382	|4291	|3085	|2236	|3500	|3205	|0	|2020	|0	|2831	|2528	|2693	|2353	|2730	|2612	|2963	|2610	|2713	|2841	|2735	|2733	|
________________________________________________________
32	|554	|609	|295	|464	|458	|332	|386	|423	|413	|548	|434	|635	|557	|600	|594	|0	|3646	|2763	|2021	|3311	|2873	|2057	|2045	|3149	|3106	|2060	|2131	|3145	|2882	|2251	|3522	|16618	|3032	|2847	|3213	|2815	|2887	|2861	|2995	|2481	|2817	|2734	|2870	|2652	|2760	|1873	|1891	|2750	|2129	|2070	|2312	|3583	|4290	|3094	|2272	|3482	|3203	|2383	|0	|1388	|2802	|2499	|2800	|2383	|2697	|2696	|3009	|2668	|2903	|2906	|2676	|2673	|
________________________________________________________
33	|709	|690	|0	|636	|531	|306	|312	|648	|443	|595	|478	|713	|455	|492	|475	|588	|4051	|2944	|2722	|3505	|3135	|2183	|3010	|3147	|3012	|1927	|2407	|3151	|2643	|1997	|2984	|3032	|18343	|3318	|4072	|3418	|3607	|3417	|3839	|1810	|3195	|2964	|3130	|3051	|3158	|2161	|2504	|3073	|2382	|2451	|3039	|3007	|4157	|3005	|2460	|3485	|2973	|2117	|3037	|3066	|2791	|0	|3556	|2898	|3439	|3327	|4257	|2515	|3212	|3096	|3106	|3055	|
________________________________________________________
34	|566	|3615	|266	|552	|461	|502	|439	|459	|400	|543	|483	|626	|405	|492	|485	|493	|3731	|2800	|2032	|3615	|2772	|2104	|2818	|2818	|2770	|1839	|2314	|2762	|2365	|1865	|2817	|2847	|3318	|16875	|3683	|3207	|3252	|3181	|3428	|2815	|2884	|2737	|2891	|2741	|2837	|1885	|0	|2826	|2169	|1969	|2761	|2697	|3803	|2817	|2226	|3182	|2788	|2080	|2771	|2787	|0	|2243	|3258	|2668	|3080	|3152	|2786	|3582	|2928	|2804	|2847	|2815	|
________________________________________________________
35	|3268	|672	|436	|479	|618	|474	|456	|727	|499	|555	|0	|742	|525	|395	|526	|619	|4159	|3268	|2366	|3755	|3338	|2183	|3235	|3293	|3198	|2093	|2691	|3155	|3038	|2126	|3227	|3213	|4072	|3683	|19312	|3547	|3639	|3610	|3414	|2853	|3630	|2271	|3313	|3139	|3247	|2316	|0	|3239	|2609	|2261	|3290	|3293	|4336	|3142	|2889	|3394	|3322	|2473	|3227	|3230	|3672	|3234	|2912	|0	|3600	|3543	|3530	|3123	|4119	|2821	|3162	|3105	|
________________________________________________________
36	|596	|743	|380	|0	|540	|511	|373	|423	|351	|2803	|330	|750	|427	|543	|597	|524	|3597	|2787	|2530	|3378	|2879	|2356	|2839	|2814	|2845	|1774	|2006	|2803	|2492	|1898	|2879	|2815	|3418	|3207	|3547	|16962	|3299	|3223	|3075	|2528	|3224	|3174	|2826	|2883	|2798	|1956	|2380	|2854	|2202	|1977	|2766	|2797	|3783	|2822	|0	|3183	|2807	|1976	|2875	|2855	|3141	|2884	|0	|2084	|3298	|3294	|3086	|2735	|2434	|3732	|2742	|2803	|
________________________________________________________
37	|606	|680	|354	|496	|486	|433	|365	|497	|2101	|498	|453	|522	|451	|457	|477	|701	|3592	|2720	|2290	|3408	|2959	|2113	|2840	|2768	|2708	|2101	|2014	|2793	|2454	|1693	|2950	|2887	|3607	|3252	|3639	|3299	|16813	|3037	|2981	|2429	|2782	|2884	|3240	|1882	|2831	|1951	|2054	|2748	|2237	|1968	|2779	|2896	|3667	|2739	|0	|3093	|2839	|2002	|2909	|2821	|3105	|2889	|3204	|2670	|2491	|0	|3148	|2660	|2754	|2800	|3704	|2373	|
________________________________________________________
38	|607	|676	|354	|490	|464	|467	|333	|483	|329	|576	|463	|0	|482	|537	|491	|443	|3651	|2740	|2261	|3350	|2850	|2111	|2769	|2868	|2748	|1652	|2484	|2842	|2395	|2091	|2753	|2861	|3417	|3181	|3610	|3223	|3037	|16614	|2874	|2535	|2799	|2826	|3175	|3175	|2743	|1954	|2052	|2781	|2193	|1911	|2793	|2774	|3732	|2712	|2454	|2969	|2704	|1907	|2683	|2728	|3078	|2808	|3135	|2649	|0	|2529	|3032	|2628	|2782	|2844	|2394	|3606	|
________________________________________________________
39	|644	|722	|228	|502	|654	|522	|0	|665	|359	|496	|378	|627	|483	|581	|624	|631	|3891	|2947	|2444	|3526	|3091	|2680	|2864	|2875	|2870	|1882	|2028	|2940	|2558	|2242	|2889	|2995	|3839	|3428	|3414	|3075	|2981	|2874	|17732	|2889	|3396	|3240	|3426	|3392	|3030	|2007	|1917	|3072	|2326	|2523	|2907	|2860	|4035	|3019	|2114	|3374	|3093	|2410	|2942	|2968	|3861	|2154	|2968	|2386	|2987	|2899	|3109	|0	|3531	|3504	|3405	|3379	|
________________________________________________________
40	|450	|603	|353	|493	|447	|2728	|277	|499	|283	|415	|361	|531	|433	|474	|538	|552	|3250	|2508	|1547	|3014	|2567	|1867	|2728	|2447	|2548	|1598	|1761	|2492	|2231	|1835	|2489	|2481	|1810	|2815	|2853	|2528	|2429	|2535	|2889	|14911	|2869	|2709	|2853	|2810	|2523	|1687	|1695	|2538	|1985	|0	|2458	|2454	|3352	|2440	|1830	|2689	|2585	|2027	|2585	|2446	|2028	|3114	|2520	|2138	|2520	|2372	|0	|1984	|2915	|2972	|2941	|2879	|
________________________________________________________
41	|638	|588	|311	|648	|2913	|464	|454	|443	|380	|545	|337	|560	|510	|519	|0	|647	|3694	|2834	|2001	|3413	|2913	|2129	|2900	|2824	|2854	|1852	|2211	|2813	|2437	|2256	|2805	|2817	|3195	|2884	|3630	|3224	|2782	|2799	|3396	|2869	|16979	|3152	|3171	|3215	|2890	|1957	|1943	|2984	|2260	|0	|2816	|2715	|3826	|2867	|2033	|3227	|3015	|2416	|2832	|2845	|2791	|2568	|3718	|2037	|2888	|2825	|3519	|3086	|2513	|0	|3244	|3330	|
________________________________________________________
42	|389	|607	|305	|400	|525	|556	|403	|0	|320	|500	|519	|539	|391	|2776	|378	|618	|3556	|2673	|1990	|3277	|2727	|2392	|2711	|2669	|2740	|1816	|1732	|2581	|2350	|1825	|2776	|2734	|2964	|2737	|2271	|3174	|2884	|2826	|3240	|2709	|3152	|16264	|3130	|3028	|2675	|1821	|2077	|2841	|2124	|2359	|2702	|2627	|3599	|2710	|1947	|3022	|2652	|0	|2780	|2679	|2714	|2439	|2331	|3101	|2673	|2710	|3329	|2859	|0	|2288	|3147	|3089	|
________________________________________________________
43	|578	|613	|274	|483	|559	|503	|441	|538	|406	|469	|406	|716	|2552	|507	|616	|452	|3624	|2800	|2048	|3284	|2894	|2327	|2862	|2769	|2863	|1818	|1991	|2829	|2552	|1871	|2739	|2870	|3130	|2891	|3313	|2826	|3240	|3175	|3426	|2853	|3171	|3130	|16874	|3267	|2842	|1934	|1840	|2847	|2276	|2189	|2751	|2672	|3855	|2851	|2058	|3043	|2837	|0	|2832	|2801	|2815	|2531	|2940	|2455	|3644	|2375	|3528	|3094	|3227	|3360	|2385	|0	|
________________________________________________________
44	|535	|621	|299	|480	|530	|523	|424	|604	|235	|484	|432	|478	|525	|544	|626	|0	|3738	|2707	|2008	|3365	|2821	|2267	|2880	|2827	|2774	|1772	|2009	|2841	|2506	|2237	|2676	|2652	|3051	|2741	|3139	|2883	|1882	|3175	|3392	|2810	|3215	|3028	|3267	|16634	|2870	|1921	|1927	|2836	|2214	|2242	|2763	|2695	|3720	|2737	|2180	|3075	|2684	|2465	|2731	|2775	|2824	|2460	|2691	|2301	|2357	|3576	|3441	|3076	|3214	|3306	|0	|2387	|
________________________________________________________
45	|0	|711	|372	|566	|589	|528	|442	|594	|232	|480	|445	|632	|455	|438	|486	|538	|3196	|0	|2499	|3834	|3264	|2378	|3164	|3236	|3323	|1201	|2012	|2873	|2517	|1894	|2807	|2760	|3158	|2837	|3247	|2798	|2831	|2743	|3030	|2523	|2890	|2675	|2842	|2870	|16763	|2388	|2199	|3151	|2518	|2248	|3172	|3283	|4441	|3303	|2215	|3072	|2780	|2022	|2871	|2866	|2832	|2560	|2824	|2332	|2786	|2714	|3202	|2668	|2899	|2843	|2778	|2847	|
________________________________________________________
46	|310	|451	|1751	|309	|429	|363	|273	|408	|381	|312	|325	|350	|266	|303	|338	|354	|0	|1471	|0	|2588	|2316	|1600	|2234	|2219	|1477	|1809	|1323	|1907	|1656	|1258	|1874	|1873	|2161	|1885	|2316	|1956	|1951	|1954	|2007	|1687	|1957	|1821	|1934	|1921	|2388	|11476	|1330	|2200	|1716	|1542	|2177	|2165	|2054	|2235	|1250	|2205	|2018	|1390	|1930	|1966	|1970	|1751	|1867	|1598	|1928	|1929	|2147	|1807	|1949	|1958	|1847	|1917	|
________________________________________________________
47	|0	|0	|204	|315	|418	|345	|303	|366	|260	|430	|302	|430	|311	|357	|471	|392	|2980	|0	|1216	|0	|2387	|1585	|2007	|2013	|1868	|1231	|1497	|1971	|1798	|1268	|1845	|1891	|2504	|0	|0	|2380	|2054	|2052	|1917	|1695	|1943	|2077	|1840	|1927	|2199	|1330	|11191	|1902	|1784	|1600	|2067	|2045	|2507	|1873	|1567	|1904	|2062	|1373	|1927	|1881	|2295	|1711	|1879	|1967	|2050	|2010	|2008	|1745	|1651	|2170	|1891	|1852	|
________________________________________________________
48	|691	|487	|304	|2795	|0	|556	|435	|609	|331	|557	|397	|727	|346	|519	|591	|539	|4155	|3180	|0	|2829	|0	|2520	|3154	|3175	|2753	|1833	|1937	|3430	|1914	|1819	|2839	|2750	|3073	|2826	|3239	|2854	|2748	|2781	|3072	|2538	|2984	|2841	|2847	|2836	|3151	|2200	|1902	|16717	|2681	|2416	|3229	|3177	|3730	|2772	|2057	|3731	|3304	|2221	|2856	|2814	|2797	|2544	|2795	|2333	|2812	|2746	|3067	|2602	|2756	|2844	|2854	|2765	|
________________________________________________________
49	|549	|0	|294	|490	|311	|436	|2214	|402	|328	|283	|299	|353	|457	|368	|419	|388	|3312	|2530	|1973	|0	|1789	|0	|2599	|2505	|2178	|1474	|1733	|1774	|2572	|1441	|2237	|2129	|2382	|2169	|2609	|2202	|2237	|2193	|2326	|1985	|2260	|2124	|2276	|2214	|2518	|1716	|1784	|2681	|13319	|1532	|2590	|2520	|3001	|2256	|1554	|1836	|2655	|1427	|2239	|2216	|2230	|2049	|2312	|1841	|2200	|2093	|2438	|2214	|2301	|2246	|2271	|2234	|
________________________________________________________
50	|448	|518	|233	|404	|0	|0	|241	|356	|263	|334	|246	|398	|342	|411	|414	|405	|2859	|2105	|1550	|2793	|0	|1268	|0	|2351	|1973	|1250	|1414	|1985	|1759	|1488	|1903	|2070	|2451	|1969	|2261	|1977	|1968	|1911	|2523	|0	|0	|2359	|2189	|2242	|2248	|1542	|1600	|2416	|1532	|11693	|2002	|2371	|2667	|1937	|1451	|2159	|1918	|1696	|1854	|2143	|2187	|1571	|1977	|1559	|1947	|1952	|2540	|1851	|1989	|2406	|2168	|2189	|
________________________________________________________
51	|674	|665	|369	|558	|623	|357	|362	|2978	|311	|429	|381	|576	|401	|590	|499	|573	|4054	|3205	|2228	|3655	|3292	|0	|2202	|0	|2696	|1735	|1916	|2804	|2462	|1844	|3552	|2312	|3039	|2761	|3290	|2766	|2779	|2793	|2907	|2458	|2816	|2702	|2751	|2763	|3172	|2177	|2067	|3229	|2590	|2002	|16557	|3414	|3788	|2725	|2074	|3030	|2804	|1923	|3124	|3108	|2741	|2636	|2768	|2281	|2746	|2620	|2974	|2695	|2978	|2780	|2808	|2741	|
________________________________________________________
52	|621	|634	|324	|544	|594	|0	|455	|601	|333	|466	|378	|530	|457	|396	|477	|330	|4206	|3073	|2231	|3658	|3267	|2451	|0	|1410	|2747	|1790	|1946	|2793	|2551	|2110	|2382	|3583	|3007	|2697	|3293	|2797	|2896	|2774	|2860	|2454	|2715	|2627	|2672	|2695	|3283	|2165	|2045	|3177	|2520	|2371	|3414	|16594	|3740	|2715	|1980	|2977	|2780	|1951	|1927	|3107	|2798	|2554	|2820	|2320	|2762	|2751	|2901	|2619	|2822	|2784	|2747	|2720	|
________________________________________________________
53	|619	|854	|310	|652	|669	|595	|481	|656	|0	|708	|614	|934	|648	|699	|718	|818	|5450	|3179	|3007	|4496	|3890	|2804	|3764	|3784	|3075	|0	|3310	|4213	|3750	|2899	|4291	|4290	|4157	|3803	|4336	|3783	|3667	|3732	|4035	|3352	|3826	|3599	|3855	|3720	|4441	|2054	|2507	|3730	|3001	|2667	|3788	|3740	|22552	|4349	|3006	|4812	|4204	|3068	|4275	|4294	|3731	|3365	|3817	|3264	|3838	|3715	|4120	|3576	|3825	|3751	|3756	|3671	|
________________________________________________________
54	|631	|618	|334	|483	|543	|456	|360	|487	|244	|556	|2344	|561	|484	|495	|537	|573	|3219	|3352	|2070	|3280	|2937	|2010	|2777	|2788	|0	|1210	|0	|3124	|2776	|2120	|3085	|3094	|3005	|2817	|3142	|2822	|2739	|2712	|3019	|2440	|2867	|2710	|2851	|2737	|3303	|2235	|1873	|2772	|2256	|1937	|2725	|2715	|4349	|16614	|2082	|3482	|3120	|2202	|3132	|3247	|2789	|2481	|2817	|2344	|2785	|2651	|3071	|2623	|2840	|2795	|2796	|2751	|
________________________________________________________
55	|507	|468	|236	|413	|346	|338	|266	|353	|0	|0	|302	|409	|359	|389	|436	|409	|2832	|1996	|1590	|2352	|2108	|1479	|2013	|2015	|2330	|0	|1227	|0	|2028	|1537	|2236	|2272	|2460	|2226	|2889	|0	|0	|2454	|2114	|1830	|2033	|1947	|2058	|2180	|2215	|1250	|1567	|2057	|1554	|1451	|2074	|1980	|3006	|2082	|12051	|2270	|2521	|1714	|2288	|2275	|2310	|2054	|2464	|1723	|2055	|2308	|2182	|1903	|2029	|2029	|1872	|2164	|
________________________________________________________
56	|583	|761	|316	|592	|501	|534	|300	|542	|456	|408	|455	|3421	|0	|587	|693	|637	|4036	|3047	|2199	|4273	|2726	|2541	|3107	|3132	|3590	|2253	|0	|2518	|0	|2497	|3500	|3482	|3485	|3182	|3394	|3183	|3093	|2969	|3374	|2689	|3227	|3022	|3043	|3075	|3072	|2205	|1904	|3731	|1836	|2159	|3030	|2977	|4812	|3482	|2270	|18532	|3856	|2477	|3520	|3580	|3076	|2857	|2969	|2824	|3421	|2874	|3429	|2949	|3115	|3117	|3087	|3097	|
________________________________________________________
57	|554	|540	|336	|552	|639	|473	|447	|548	|444	|0	|447	|731	|284	|553	|2962	|589	|3668	|2829	|2068	|3036	|3602	|2125	|2846	|2890	|3170	|2137	|2426	|0	|1740	|0	|3205	|3203	|2973	|2788	|3322	|2807	|2839	|2704	|3093	|2585	|3015	|2652	|2837	|2684	|2780	|2018	|2062	|3304	|2655	|1918	|2804	|2780	|4204	|3120	|2521	|3856	|16857	|2101	|3273	|3302	|2814	|2528	|2931	|2371	|2735	|2698	|3125	|2680	|3013	|2962	|2921	|2810	|
________________________________________________________
58	|412	|449	|238	|481	|398	|363	|305	|439	|290	|380	|285	|465	|0	|0	|364	|399	|2629	|1948	|1374	|2506	|2027	|1641	|1982	|2004	|2199	|1483	|1630	|2396	|0	|1208	|0	|2383	|2117	|2080	|2473	|1976	|2002	|1907	|2410	|2027	|2416	|0	|0	|2465	|2022	|1390	|1373	|2221	|1427	|1696	|1923	|1951	|3068	|2202	|1714	|2477	|2101	|11937	|2118	|2450	|1940	|1775	|2189	|1480	|2033	|1927	|2416	|2156	|2455	|2015	|1999	|2454	|
________________________________________________________
59	|539	|609	|291	|444	|491	|577	|372	|580	|406	|533	|420	|633	|521	|336	|512	|3114	|3655	|2735	|2113	|3289	|2788	|2140	|3577	|2507	|3184	|2108	|2183	|3233	|2872	|0	|2020	|0	|3037	|2771	|3227	|2875	|2909	|2683	|2942	|2585	|2832	|2780	|2832	|2731	|2871	|1930	|1927	|2856	|2239	|1854	|3124	|1927	|4275	|3132	|2288	|3520	|3273	|2118	|16838	|3589	|2769	|2475	|2738	|2376	|2770	|2675	|3151	|2748	|2853	|2923	|3114	|2769	|
________________________________________________________
60	|551	|664	|299	|459	|496	|421	|395	|566	|406	|529	|453	|680	|480	|0	|627	|645	|3639	|2854	|1969	|3387	|2977	|2046	|2489	|3687	|3206	|2068	|2194	|3167	|2801	|2250	|0	|1388	|3066	|2787	|3230	|2855	|2821	|2728	|2968	|2446	|2845	|2679	|2801	|2775	|2866	|1966	|1881	|2814	|2216	|2143	|3108	|3107	|4294	|3247	|2275	|3580	|3302	|2450	|3589	|16781	|2795	|2574	|2823	|2418	|2843	|2734	|3104	|2727	|2842	|2772	|2728	|2731	|
________________________________________________________
61	|669	|0	|330	|577	|473	|368	|459	|565	|412	|477	|442	|645	|442	|452	|500	|508	|3620	|2768	|2462	|3197	|2845	|2074	|2842	|2785	|2679	|1818	|2152	|2787	|2410	|1893	|2831	|2802	|2791	|0	|3672	|3141	|3105	|3078	|3861	|2028	|2791	|2714	|2815	|2824	|2832	|1970	|2295	|2797	|2230	|2187	|2741	|2798	|3731	|2789	|2310	|3076	|2814	|1940	|2769	|2795	|16701	|2767	|3165	|2637	|3129	|3134	|3552	|3107	|2809	|2791	|2755	|2719	|
________________________________________________________
62	|585	|492	|1751	|448	|435	|532	|406	|380	|378	|483	|401	|640	|383	|440	|411	|440	|3356	|2526	|0	|2996	|2563	|1887	|2561	|2487	|2532	|1601	|1930	|2534	|2253	|1699	|2528	|2499	|0	|2243	|3234	|2884	|2889	|2808	|2154	|3114	|2568	|2439	|2531	|2460	|2560	|1751	|1711	|2544	|2049	|1571	|2636	|2554	|3365	|2481	|2054	|2857	|2528	|1775	|2475	|2574	|2767	|15096	|2924	|2406	|2965	|2795	|1904	|2859	|2562	|2510	|2469	|2554	|
________________________________________________________
63	|488	|724	|286	|2795	|643	|426	|407	|586	|447	|0	|468	|656	|458	|401	|568	|547	|3718	|2841	|0	|3315	|2908	|2130	|2795	|2801	|2758	|1855	|2458	|2793	|2614	|1819	|2693	|2800	|3556	|3258	|2912	|0	|3204	|3135	|2968	|2520	|3718	|2331	|2940	|2691	|2824	|1867	|1879	|2795	|2312	|1977	|2768	|2820	|3817	|2817	|2464	|2969	|2931	|2189	|2738	|2823	|3165	|2924	|16766	|2676	|3094	|3127	|3039	|2750	|3213	|3257	|2868	|2861	|
________________________________________________________
64	|0	|644	|308	|438	|373	|414	|304	|267	|297	|349	|2344	|543	|336	|520	|501	|399	|3111	|2294	|2158	|2837	|2467	|1958	|2353	|2465	|2328	|1481	|0	|2392	|1861	|1569	|2353	|2383	|2898	|2668	|0	|2084	|2670	|2649	|2386	|2138	|2037	|3101	|2455	|2301	|2332	|1598	|1967	|2333	|1841	|1559	|2281	|2320	|3264	|2344	|1723	|2824	|2371	|1480	|2376	|2418	|2637	|2406	|2676	|14066	|2696	|2667	|2540	|2172	|1539	|2771	|2364	|2277	|
________________________________________________________
65	|618	|681	|343	|548	|482	|444	|363	|493	|325	|580	|407	|3421	|543	|426	|452	|596	|3618	|2780	|2233	|3303	|2772	|2031	|2731	|2791	|2752	|1820	|0	|2753	|2373	|1788	|2730	|2697	|3439	|3080	|3600	|3298	|2491	|0	|2987	|2520	|2888	|2673	|3644	|2357	|2786	|1928	|2050	|2812	|2200	|1947	|2746	|2762	|3838	|2785	|2055	|3421	|2735	|2033	|2770	|2843	|3129	|2965	|3094	|2696	|16569	|2906	|3049	|2600	|2721	|2764	|3142	|3075	|
________________________________________________________
66	|586	|674	|310	|553	|447	|433	|357	|443	|0	|607	|449	|596	|322	|568	|453	|324	|3558	|2684	|2214	|3273	|2718	|2063	|2685	|2755	|2606	|1726	|2445	|2761	|2320	|2129	|2612	|2696	|3327	|3152	|3543	|3294	|0	|2529	|2899	|2372	|2825	|2710	|2375	|3576	|2714	|1929	|2010	|2746	|2093	|1952	|2620	|2751	|3715	|2651	|2308	|2874	|2698	|1927	|2675	|2734	|3134	|2795	|3127	|2667	|2906	|16339	|3040	|2670	|2681	|2762	|1874	|3166	|
________________________________________________________
67	|620	|577	|216	|518	|647	|0	|456	|660	|420	|521	|397	|635	|566	|547	|627	|658	|4035	|2938	|2494	|3640	|3140	|2853	|3030	|2965	|3067	|2025	|2183	|3092	|2694	|2316	|2963	|3009	|4257	|2786	|3530	|3086	|3148	|3032	|3109	|0	|3519	|3329	|3528	|3441	|3202	|2147	|2008	|3067	|2438	|2540	|2974	|2901	|4120	|3071	|2182	|3429	|3125	|2416	|3151	|3104	|3552	|1904	|3039	|2540	|3049	|3040	|18405	|3402	|3655	|3516	|3476	|3447	|
________________________________________________________
68	|544	|838	|332	|434	|559	|368	|2214	|485	|335	|432	|364	|511	|461	|476	|511	|557	|3552	|2619	|1929	|3218	|2815	|0	|2718	|2729	|2637	|1733	|1942	|2685	|2346	|1974	|2610	|2668	|2515	|3582	|3123	|2735	|2660	|2628	|0	|1984	|3086	|2859	|3094	|3076	|2668	|1807	|1745	|2602	|2214	|1851	|2695	|2619	|3576	|2623	|1903	|2949	|2680	|2156	|2748	|2727	|3107	|2859	|2750	|2172	|2600	|2670	|3402	|16054	|3170	|2967	|2977	|3020	|
________________________________________________________
69	|740	|593	|237	|551	|470	|542	|387	|2978	|406	|412	|263	|560	|572	|0	|612	|649	|3813	|2900	|2102	|3384	|3033	|0	|2839	|2838	|2844	|1856	|2266	|2975	|2478	|2240	|2713	|2903	|3212	|2928	|4119	|2434	|2754	|2782	|3531	|2915	|2513	|0	|3227	|3214	|2899	|1949	|1651	|2756	|2301	|1989	|2978	|2822	|3825	|2840	|2029	|3115	|3013	|2455	|2853	|2842	|2809	|2562	|3213	|1539	|2721	|2681	|3655	|3170	|17027	|3337	|3208	|3146	|
________________________________________________________
70	|499	|605	|338	|558	|0	|548	|460	|583	|367	|648	|436	|561	|531	|385	|2962	|516	|3727	|2817	|2033	|3409	|2927	|2569	|2818	|2858	|2791	|1828	|2109	|2802	|2499	|0	|2841	|2906	|3096	|2804	|2821	|3732	|2800	|2844	|3504	|2972	|0	|2288	|3360	|3306	|2843	|1958	|2170	|2844	|2246	|2406	|2780	|2784	|3751	|2795	|2029	|3117	|2962	|2015	|2923	|2772	|2791	|2510	|3257	|2771	|2764	|2762	|3516	|2967	|3337	|16974	|3240	|3203	|
________________________________________________________
71	|498	|632	|278	|472	|533	|549	|405	|544	|458	|442	|354	|637	|333	|546	|544	|3114	|3623	|2771	|2055	|3352	|2847	|2313	|2919	|2759	|2756	|1850	|2010	|2719	|2406	|0	|2735	|2676	|3106	|2847	|3162	|2742	|3704	|2394	|3405	|2941	|3244	|3147	|2385	|0	|2778	|1847	|1891	|2854	|2271	|2168	|2808	|2747	|3756	|2796	|1872	|3087	|2921	|1999	|3114	|2728	|2755	|2469	|2868	|2364	|3142	|1874	|3476	|2977	|3208	|3240	|16744	|3224	|
________________________________________________________
72	|549	|592	|300	|530	|571	|560	|396	|545	|310	|471	|436	|634	|0	|550	|615	|600	|3543	|2737	|1986	|3356	|2914	|2300	|2936	|2743	|2732	|1758	|2023	|2770	|2489	|2214	|2733	|2673	|3055	|2815	|3105	|2803	|2373	|3606	|3379	|2879	|3330	|3089	|0	|2387	|2847	|1917	|1852	|2765	|2234	|2189	|2741	|2720	|3671	|2751	|2164	|3097	|2810	|2454	|2769	|2731	|2719	|2554	|2861	|2277	|3075	|3166	|3447	|3020	|3146	|3203	|3224	|16592	|
________________________________________________________
