0	|1	|2	|3	|4	|5	|6	|7	|8	|9	|10	|11	|12	|13	|14	|15	|16	|17	|18	|19	|20	|21	|22	|23	|24	|25	|26	|27	|28	|29	|30	|31	|32	|33	|34	|35	|36	|37	|38	|39	|40	|41	|42	|43	|44	|45	|46	|47	|48	|49	|50	|51	|52	|53	|54	|55	|56	|57	|58	|59	|60	|61	|62	|63	|64	|65	|66	|67	|68	|69	|70	|71	|72	|
1	|3191	|107	|56	|100	|116	|90	|88	|148	|107	|95	|0	|123	|81	|56	|80	|95	|796	|3191	|401	|668	|659	|454	|630	|598	|685	|451	|416	|526	|509	|339	|522	|528	|677	|558	|3191	|569	|610	|604	|610	|408	|583	|365	|575	|543	|0	|297	|0	|626	|537	|423	|602	|576	|612	|640	|475	|563	|541	|425	|508	|509	|667	|568	|495	|0	|600	|598	|674	|513	|681	|462	|538	|524	|
________________________________________________________
2	|107	|3703	|64	|114	|124	|115	|0	|143	|73	|153	|111	|174	|55	|84	|101	|112	|940	|671	|455	|3703	|722	|533	|674	|716	|679	|334	|505	|717	|391	|392	|577	|613	|724	|3703	|716	|785	|681	|669	|765	|607	|644	|555	|600	|603	|741	|498	|0	|543	|0	|487	|673	|661	|893	|607	|498	|793	|549	|493	|630	|639	|0	|454	|749	|656	|709	|667	|617	|778	|659	|638	|618	|636	|
________________________________________________________
3	|56	|64	|1741	|40	|54	|62	|58	|49	|49	|57	|71	|51	|49	|42	|81	|56	|0	|215	|0	|434	|347	|265	|303	|338	|220	|278	|245	|280	|268	|197	|260	|278	|0	|272	|391	|344	|317	|325	|228	|342	|311	|322	|308	|308	|364	|1741	|203	|298	|288	|208	|300	|308	|331	|374	|247	|298	|340	|220	|268	|296	|329	|1741	|279	|312	|327	|334	|219	|344	|277	|318	|317	|279	|
________________________________________________________
4	|100	|114	|40	|2866	|0	|100	|87	|111	|50	|0	|88	|148	|60	|60	|106	|137	|779	|549	|0	|500	|0	|444	|582	|547	|447	|296	|410	|629	|333	|295	|475	|486	|640	|589	|509	|0	|481	|521	|464	|438	|610	|390	|467	|449	|582	|351	|333	|2866	|460	|379	|521	|546	|671	|497	|426	|592	|544	|510	|472	|483	|571	|459	|2866	|476	|584	|568	|517	|479	|528	|570	|486	|484	|
________________________________________________________
5	|116	|124	|54	|0	|2970	|76	|56	|123	|84	|112	|76	|95	|116	|88	|0	|105	|736	|563	|410	|682	|2970	|360	|480	|629	|491	|321	|511	|619	|515	|404	|498	|477	|512	|490	|634	|565	|457	|486	|696	|439	|2970	|555	|572	|556	|548	|385	|385	|0	|313	|0	|590	|595	|670	|517	|358	|488	|645	|431	|481	|485	|470	|497	|633	|374	|492	|451	|654	|522	|473	|0	|599	|613	|
________________________________________________________
6	|90	|115	|62	|100	|76	|2664	|76	|73	|53	|108	|81	|96	|52	|85	|105	|110	|673	|511	|377	|570	|455	|319	|2664	|510	|472	|291	|322	|470	|323	|351	|515	|296	|357	|519	|469	|517	|463	|427	|502	|2664	|479	|519	|481	|534	|471	|322	|338	|540	|422	|0	|365	|0	|601	|453	|308	|574	|453	|347	|572	|375	|363	|509	|437	|427	|416	|439	|0	|355	|572	|537	|486	|524	|
________________________________________________________
7	|88	|0	|58	|87	|56	|76	|2247	|62	|46	|54	|65	|58	|78	|84	|94	|83	|533	|447	|335	|0	|297	|0	|469	|453	|396	|243	|311	|309	|437	|274	|383	|388	|313	|508	|419	|366	|354	|387	|0	|288	|409	|420	|420	|430	|430	|310	|290	|456	|2247	|266	|394	|442	|479	|387	|260	|322	|471	|289	|365	|390	|446	|400	|382	|332	|337	|384	|467	|2247	|390	|458	|413	|425	|
________________________________________________________
8	|148	|143	|49	|111	|123	|73	|62	|2983	|72	|86	|34	|117	|76	|0	|97	|141	|777	|576	|439	|761	|628	|0	|410	|0	|531	|331	|419	|500	|434	|406	|646	|399	|644	|518	|746	|450	|516	|504	|646	|501	|467	|0	|549	|541	|557	|419	|342	|586	|395	|345	|2983	|593	|669	|502	|354	|563	|477	|429	|603	|593	|561	|408	|578	|238	|473	|482	|686	|522	|2983	|573	|568	|553	|
________________________________________________________
9	|107	|73	|49	|50	|84	|53	|46	|72	|1990	|46	|32	|78	|75	|49	|78	|90	|328	|442	|252	|353	|366	|254	|307	|339	|444	|1990	|241	|343	|345	|223	|370	|391	|425	|389	|470	|327	|1990	|367	|348	|301	|378	|282	|389	|273	|225	|324	|238	|321	|306	|221	|322	|323	|0	|213	|0	|472	|433	|289	|398	|395	|381	|328	|413	|294	|292	|0	|367	|332	|375	|341	|427	|299	|
________________________________________________________
10	|95	|153	|57	|0	|112	|108	|54	|86	|46	|2812	|49	|89	|81	|106	|0	|109	|572	|445	|392	|678	|562	|479	|448	|443	|581	|292	|351	|2812	|492	|401	|560	|552	|576	|558	|604	|2812	|452	|580	|510	|451	|526	|484	|470	|450	|463	|344	|373	|559	|300	|351	|453	|481	|751	|546	|0	|442	|0	|430	|571	|549	|510	|475	|0	|322	|511	|562	|485	|468	|441	|635	|426	|450	|
________________________________________________________
11	|0	|111	|71	|88	|76	|81	|65	|34	|32	|49	|2376	|72	|58	|99	|111	|78	|464	|469	|346	|522	|406	|307	|379	|381	|0	|170	|0	|429	|361	|297	|457	|421	|486	|439	|0	|346	|414	|475	|398	|377	|362	|506	|414	|449	|498	|344	|318	|402	|314	|299	|394	|404	|669	|2376	|276	|482	|485	|327	|472	|436	|443	|393	|455	|2376	|397	|500	|428	|390	|280	|477	|355	|437	|
________________________________________________________
12	|123	|174	|51	|148	|95	|96	|58	|117	|78	|89	|72	|3403	|0	|103	|113	|129	|783	|543	|499	|846	|524	|449	|546	|564	|684	|410	|0	|440	|0	|477	|626	|654	|713	|649	|709	|710	|495	|0	|603	|491	|583	|555	|721	|482	|632	|354	|392	|666	|324	|378	|561	|581	|891	|586	|445	|3403	|701	|446	|614	|668	|642	|589	|664	|519	|3403	|624	|605	|573	|572	|534	|604	|672	|
________________________________________________________
13	|81	|55	|49	|60	|116	|52	|78	|76	|75	|81	|58	|0	|2422	|53	|70	|101	|527	|393	|313	|377	|521	|311	|366	|429	|480	|291	|361	|469	|2422	|271	|411	|510	|422	|404	|493	|426	|480	|459	|513	|406	|493	|384	|2422	|504	|431	|284	|259	|301	|411	|337	|402	|432	|564	|435	|360	|0	|310	|0	|486	|542	|379	|366	|410	|301	|513	|323	|484	|461	|507	|516	|345	|0	|
________________________________________________________
14	|56	|84	|42	|60	|88	|85	|84	|0	|49	|106	|99	|103	|53	|2720	|79	|67	|577	|470	|340	|531	|451	|377	|513	|506	|488	|343	|336	|550	|431	|319	|2720	|551	|497	|460	|357	|547	|421	|495	|569	|471	|555	|2720	|465	|590	|462	|307	|351	|409	|363	|387	|564	|395	|671	|523	|375	|584	|532	|0	|326	|0	|449	|389	|353	|495	|437	|519	|545	|516	|0	|367	|513	|574	|
________________________________________________________
15	|80	|101	|81	|106	|0	|105	|94	|97	|78	|0	|111	|113	|70	|79	|2900	|102	|606	|458	|386	|532	|612	|400	|511	|480	|541	|371	|404	|0	|305	|0	|567	|593	|494	|439	|471	|638	|460	|448	|532	|454	|0	|371	|625	|544	|510	|333	|491	|615	|451	|457	|471	|482	|737	|558	|421	|661	|2900	|358	|464	|606	|462	|422	|545	|472	|479	|495	|625	|528	|581	|2900	|513	|606	|
________________________________________________________
16	|95	|112	|56	|137	|105	|110	|83	|141	|90	|109	|78	|129	|101	|67	|102	|3092	|696	|511	|369	|645	|480	|417	|661	|452	|558	|367	|399	|640	|562	|0	|377	|0	|592	|532	|609	|518	|717	|455	|605	|524	|611	|568	|461	|0	|548	|339	|347	|573	|404	|381	|589	|348	|790	|609	|423	|657	|540	|377	|3092	|701	|563	|440	|586	|439	|587	|338	|653	|576	|651	|571	|3092	|567	|
________________________________________________________
17	|796	|940	|0	|779	|736	|673	|533	|777	|328	|572	|464	|783	|527	|577	|606	|696	|21664	|4020	|3054	|5060	|4200	|2943	|4194	|4045	|4074	|1784	|2626	|3602	|3191	|2333	|3668	|3621	|3939	|3611	|4108	|3643	|3560	|3529	|3896	|3290	|3686	|3413	|3676	|3591	|3271	|0	|2958	|4138	|3255	|2754	|4103	|3997	|5471	|3204	|2867	|3987	|3733	|2528	|3734	|3530	|3612	|3311	|3634	|3058	|3554	|3567	|3975	|3526	|3764	|3647	|3540	|3591	|
________________________________________________________
18	|3191	|671	|215	|549	|563	|511	|447	|576	|442	|445	|469	|543	|393	|470	|458	|511	|4020	|16513	|2060	|3924	|3209	|2274	|3154	|3123	|3387	|2379	|1948	|2743	|2458	|1830	|2811	|2708	|2926	|2930	|3191	|2687	|2761	|2734	|2909	|2510	|2747	|2669	|2888	|2776	|0	|1506	|0	|3098	|2444	|2165	|3133	|3103	|3235	|3276	|1977	|3024	|2818	|1948	|2729	|2673	|2652	|2515	|2709	|2327	|2729	|2715	|2969	|2675	|2834	|2786	|2696	|2750	|
________________________________________________________
19	|401	|455	|0	|0	|410	|377	|335	|439	|252	|392	|346	|499	|313	|340	|386	|369	|3054	|2060	|12468	|2580	|2546	|1771	|2267	|2340	|2323	|1076	|1755	|2072	|1826	|1412	|2149	|2070	|2788	|2116	|2392	|2552	|2290	|2310	|2447	|1632	|2107	|1966	|2074	|2093	|2482	|0	|1225	|0	|2008	|1723	|2334	|2325	|3036	|2119	|1679	|2357	|2093	|1455	|2059	|2109	|2616	|0	|0	|2187	|2338	|2321	|2557	|2061	|2073	|2130	|2037	|2110	|
________________________________________________________
20	|668	|3703	|434	|500	|682	|570	|0	|761	|353	|678	|522	|846	|377	|531	|532	|645	|5060	|3924	|2580	|20158	|3827	|2758	|3691	|3787	|3414	|2145	|2240	|3889	|2314	|2221	|3272	|3353	|3549	|3703	|3859	|3453	|3347	|3363	|3620	|2993	|3470	|3220	|3301	|3275	|3850	|2663	|0	|2976	|0	|2848	|3778	|3801	|4609	|3367	|2428	|4388	|3036	|2691	|3415	|3391	|3211	|2981	|3330	|2924	|3412	|3330	|3680	|3198	|3531	|3473	|3392	|3374	|
________________________________________________________
21	|659	|722	|347	|0	|2970	|455	|297	|628	|366	|562	|406	|524	|521	|451	|612	|480	|4200	|3209	|2546	|3827	|17065	|2063	|3256	|3222	|2873	|1832	|2223	|3344	|3011	|1960	|2799	|2774	|2995	|2841	|3266	|2983	|2806	|2814	|3106	|2498	|2970	|2676	|2923	|2797	|3234	|2210	|2328	|0	|1772	|0	|3261	|3281	|3880	|2871	|2005	|2759	|3498	|2067	|2823	|2825	|2780	|2651	|2802	|2463	|2832	|2760	|3178	|2735	|2933	|2868	|2817	|2860	|
________________________________________________________
22	|454	|533	|265	|444	|360	|319	|0	|0	|254	|479	|307	|449	|311	|377	|400	|417	|2943	|2274	|1771	|2758	|2063	|12248	|2170	|2480	|2073	|1299	|1518	|2232	|1615	|1610	|2019	|2021	|2165	|2075	|2259	|2269	|2016	|2005	|2679	|1757	|2112	|2407	|2190	|2308	|2317	|1625	|1541	|2496	|0	|1250	|0	|2464	|2672	|1979	|1474	|2531	|2104	|1653	|2043	|2086	|1997	|1872	|2115	|1904	|2078	|2016	|2820	|0	|0	|2490	|2323	|2330	|
________________________________________________________
23	|630	|674	|303	|582	|480	|2664	|469	|410	|307	|448	|379	|546	|366	|513	|511	|661	|4194	|3154	|2267	|3691	|3256	|2170	|16788	|3260	|2858	|1725	|2027	|2747	|2445	|1713	|3197	|2062	|3056	|2835	|3235	|2826	|2856	|2828	|2959	|2664	|2895	|2698	|2896	|2896	|3258	|2184	|2032	|3240	|2605	|0	|2175	|0	|3877	|2843	|2127	|3100	|2787	|2036	|3513	|2359	|2857	|2565	|2811	|2346	|2723	|2734	|3079	|2755	|2930	|2831	|2839	|2825	|
________________________________________________________
24	|598	|716	|338	|547	|629	|510	|453	|0	|339	|443	|381	|564	|429	|506	|480	|452	|4045	|3123	|2340	|3787	|3222	|2480	|3260	|16551	|2680	|1756	|1999	|2697	|2459	|2022	|3179	|3141	|2972	|2841	|3267	|2824	|2807	|2753	|2868	|2414	|2869	|2626	|2763	|2741	|3165	|2174	|2024	|3056	|2497	|2321	|0	|1418	|3736	|2739	|2014	|3043	|2841	|2037	|2369	|3587	|2712	|2532	|2764	|2293	|2806	|2694	|3039	|2646	|2800	|2799	|2758	|2694	|
________________________________________________________
25	|685	|679	|220	|447	|491	|472	|396	|531	|444	|581	|0	|684	|480	|488	|541	|558	|4074	|3387	|2323	|3414	|2873	|2073	|2858	|2680	|16859	|2429	|2523	|3222	|2895	|2144	|3236	|3258	|3084	|2852	|3263	|2859	|2729	|2715	|3018	|2474	|2925	|2667	|2859	|2847	|3350	|1498	|1927	|2763	|2242	|1925	|2816	|2822	|3134	|0	|2450	|3559	|3179	|2300	|3225	|3174	|2831	|2576	|2767	|2431	|2796	|2763	|3147	|2737	|2927	|2830	|2684	|2794	|
________________________________________________________
26	|451	|334	|278	|296	|321	|291	|243	|331	|1990	|292	|170	|410	|291	|343	|371	|367	|1784	|2379	|1076	|2145	|1832	|1299	|1725	|1756	|2429	|10634	|1268	|2011	|1801	|1391	|2056	|2016	|1951	|1792	|2030	|1803	|1990	|1729	|1875	|1644	|1788	|1745	|1785	|1800	|1171	|1764	|1193	|1739	|1406	|1232	|1826	|1789	|0	|1178	|0	|2294	|2073	|1494	|2034	|2026	|1776	|1650	|1798	|1465	|1711	|1719	|1884	|1747	|1809	|1771	|1746	|1800	|
________________________________________________________
27	|416	|505	|245	|410	|511	|322	|311	|419	|241	|351	|0	|0	|361	|336	|404	|399	|2626	|1948	|1755	|2240	|2223	|1518	|2027	|1999	|2523	|1268	|11922	|2054	|2153	|1553	|2201	|2150	|2421	|2285	|2742	|2026	|2017	|2594	|2173	|1763	|2309	|1673	|2028	|2038	|1980	|1358	|1509	|1950	|1780	|1349	|2040	|1995	|3352	|0	|1206	|0	|2417	|1735	|2159	|2208	|2225	|2055	|2485	|0	|0	|2444	|2182	|1928	|2303	|2041	|1925	|1948	|
________________________________________________________
28	|526	|717	|280	|629	|619	|470	|309	|500	|343	|2812	|429	|440	|469	|550	|0	|640	|3602	|2743	|2072	|3889	|3344	|2232	|2747	|2697	|3222	|2011	|2054	|16691	|3043	|2313	|3167	|3188	|3100	|2863	|3219	|2812	|2755	|2780	|2898	|2508	|2833	|2607	|2733	|2750	|2851	|1942	|1857	|3397	|1803	|2016	|2744	|2815	|4301	|3133	|0	|2528	|0	|2483	|3187	|3154	|2756	|2491	|2789	|2339	|2728	|2715	|3042	|2712	|2851	|2781	|2714	|2779	|
________________________________________________________
29	|509	|391	|268	|333	|515	|323	|437	|434	|345	|492	|361	|0	|2422	|431	|305	|562	|3191	|2458	|1826	|2314	|3011	|1615	|2445	|2459	|2895	|1801	|2153	|3043	|14695	|1671	|2888	|2885	|2585	|2454	|2933	|2528	|2436	|2412	|2685	|2256	|2404	|2367	|2422	|2542	|2402	|1675	|1718	|1924	|2552	|1730	|2368	|2394	|3729	|2782	|2067	|0	|1750	|0	|2789	|2934	|2343	|2165	|2529	|1945	|2346	|2408	|2653	|2393	|2586	|2482	|2430	|2445	|
________________________________________________________
30	|339	|392	|197	|295	|404	|351	|274	|406	|223	|401	|297	|477	|271	|319	|0	|0	|2333	|1830	|1412	|2221	|1960	|1610	|1713	|2022	|2144	|1391	|1553	|2313	|1671	|11118	|1989	|2175	|2005	|1832	|2144	|1853	|1596	|1998	|2178	|1852	|2308	|1782	|1871	|2245	|1876	|1308	|1224	|1792	|1494	|1434	|1815	|2059	|2848	|2140	|1568	|2526	|0	|1133	|0	|2222	|1830	|1646	|1795	|1537	|1813	|2076	|2323	|2012	|2274	|0	|0	|2205	|
________________________________________________________
31	|522	|577	|260	|475	|498	|515	|383	|646	|370	|560	|457	|626	|411	|2720	|567	|377	|3668	|2811	|2149	|3272	|2799	|2019	|3197	|3179	|3236	|2056	|2201	|3167	|2888	|1989	|16740	|3476	|3124	|2808	|3188	|2891	|2895	|2694	|3031	|2511	|2889	|2720	|2903	|2774	|2792	|1905	|1889	|2785	|2270	|1983	|3599	|2394	|4440	|3189	|2227	|3587	|3132	|0	|2140	|0	|2801	|2478	|2713	|2345	|2708	|2750	|3097	|2684	|2936	|2799	|2736	|2727	|
________________________________________________________
32	|528	|613	|278	|486	|477	|296	|388	|399	|391	|552	|421	|654	|510	|551	|593	|0	|3621	|2708	|2070	|3353	|2774	|2021	|2062	|3141	|3258	|2016	|2150	|3188	|2885	|2175	|3476	|16564	|3048	|2758	|3240	|2857	|2789	|2753	|2859	|2360	|2799	|2583	|2760	|2755	|2812	|1942	|1839	|2824	|2176	|2153	|2219	|3487	|4308	|3110	|2262	|3530	|3251	|2407	|0	|1481	|2746	|2481	|2753	|2323	|2705	|2730	|3035	|2687	|2903	|2745	|2673	|2696	|
________________________________________________________
33	|677	|724	|0	|640	|512	|357	|313	|644	|425	|576	|486	|713	|422	|497	|494	|592	|3939	|2926	|2788	|3549	|2995	|2165	|3056	|2972	|3084	|1951	|2421	|3100	|2585	|2005	|3124	|3048	|18162	|3291	|3991	|3483	|3454	|3462	|3650	|1830	|3121	|2864	|3076	|2941	|3071	|2042	|2509	|3060	|2304	|2331	|3019	|2986	|4097	|3006	|2352	|3434	|3056	|2185	|3098	|3045	|2752	|0	|3501	|2871	|3400	|3428	|4197	|2518	|3084	|3059	|3047	|3002	|
________________________________________________________
34	|558	|3703	|272	|589	|490	|519	|508	|518	|389	|558	|439	|649	|404	|460	|439	|532	|3611	|2930	|2116	|3703	|2841	|2075	|2835	|2841	|2852	|1792	|2285	|2863	|2454	|1832	|2808	|2758	|3291	|16861	|3760	|3236	|3181	|3201	|3483	|2838	|2947	|2660	|2792	|2765	|2811	|2047	|0	|2831	|2200	|1856	|2683	|2727	|3824	|2787	|2322	|3159	|2763	|2082	|2815	|2952	|0	|2225	|3226	|2640	|3104	|3132	|2765	|3618	|2904	|2758	|2898	|2817	|
________________________________________________________
35	|3191	|716	|391	|509	|634	|469	|419	|746	|470	|604	|0	|709	|493	|357	|471	|609	|4108	|3191	|2392	|3859	|3266	|2259	|3235	|3267	|3263	|2030	|2742	|3219	|2933	|2144	|3188	|3240	|3991	|3760	|19208	|3493	|3643	|3609	|3341	|2868	|3710	|2191	|3266	|3191	|3208	|2233	|0	|3185	|2583	|2194	|3126	|3177	|4349	|3211	|2898	|3359	|3285	|2535	|3193	|3256	|3679	|3280	|2928	|0	|3584	|3611	|3595	|3090	|4155	|2814	|3158	|3169	|
________________________________________________________
36	|569	|785	|344	|0	|565	|517	|366	|450	|327	|2812	|346	|710	|426	|547	|638	|518	|3643	|2687	|2552	|3453	|2983	|2269	|2826	|2824	|2859	|1803	|2026	|2812	|2528	|1853	|2891	|2857	|3483	|3236	|3493	|17015	|3241	|3177	|2984	|2536	|3342	|3145	|2924	|2859	|2861	|1932	|2370	|2765	|2232	|1942	|2743	|2895	|3799	|2852	|0	|3159	|2851	|2007	|2961	|2902	|3136	|2906	|0	|2089	|3298	|3212	|3186	|2794	|2536	|3756	|2798	|2824	|
________________________________________________________
37	|610	|681	|317	|481	|457	|463	|354	|516	|1990	|452	|414	|495	|480	|421	|460	|717	|3560	|2761	|2290	|3347	|2806	|2016	|2856	|2807	|2729	|1990	|2017	|2755	|2436	|1596	|2895	|2789	|3454	|3181	|3643	|3241	|16586	|3055	|2857	|2417	|2753	|2749	|3198	|1955	|2770	|1954	|2028	|2727	|2247	|1943	|2763	|2738	|3705	|2683	|0	|3031	|2767	|2002	|2992	|2927	|3157	|2874	|3047	|2577	|2500	|0	|3117	|2688	|2825	|2815	|3631	|2401	|
________________________________________________________
38	|604	|669	|325	|521	|486	|427	|387	|504	|367	|580	|475	|0	|459	|495	|448	|455	|3529	|2734	|2310	|3363	|2814	|2005	|2828	|2753	|2715	|1729	|2594	|2780	|2412	|1998	|2694	|2753	|3462	|3201	|3609	|3177	|3055	|16485	|2911	|2352	|2796	|2655	|3159	|3197	|2765	|1930	|2023	|2718	|2177	|1919	|2668	|2736	|3656	|2784	|2358	|2904	|2780	|1944	|2828	|2708	|3114	|2820	|3090	|2568	|0	|2347	|3068	|2748	|2771	|2792	|2354	|3591	|
________________________________________________________
39	|610	|765	|228	|464	|696	|502	|0	|646	|348	|510	|398	|603	|513	|569	|532	|605	|3896	|2909	|2447	|3620	|3106	|2679	|2959	|2868	|3018	|1875	|2173	|2898	|2685	|2178	|3031	|2859	|3650	|3483	|3341	|2984	|2857	|2911	|17659	|2788	|3456	|3224	|3398	|3298	|3023	|2044	|1874	|2849	|2374	|2420	|2899	|2872	|4033	|2921	|2241	|3233	|2924	|2449	|3063	|2875	|3799	|2185	|2928	|2472	|2954	|2946	|3120	|0	|3397	|3413	|3364	|3363	|
________________________________________________________
40	|408	|607	|342	|438	|439	|2664	|288	|501	|301	|451	|377	|491	|406	|471	|454	|524	|3290	|2510	|1632	|2993	|2498	|1757	|2664	|2414	|2474	|1644	|1763	|2508	|2256	|1852	|2511	|2360	|1830	|2838	|2868	|2536	|2417	|2352	|2788	|14760	|2841	|2670	|2754	|2883	|2419	|1680	|1602	|2495	|1931	|0	|2459	|2449	|3368	|2450	|1801	|2757	|2480	|1999	|2619	|2448	|1906	|2989	|2363	|2099	|2430	|2458	|0	|2060	|2905	|2783	|2708	|2767	|
________________________________________________________
41	|583	|644	|311	|610	|2970	|479	|409	|467	|378	|526	|362	|583	|493	|555	|0	|611	|3686	|2747	|2107	|3470	|2970	|2112	|2895	|2869	|2925	|1788	|2309	|2833	|2404	|2308	|2889	|2799	|3121	|2947	|3710	|3342	|2753	|2796	|3456	|2841	|17018	|3198	|3097	|3282	|2864	|2007	|1853	|2814	|2222	|0	|2764	|2814	|3896	|2829	|1979	|3136	|2963	|2509	|2860	|2796	|2775	|2608	|3706	|2089	|2820	|2853	|3583	|3114	|2563	|0	|3196	|3310	|
________________________________________________________
42	|365	|555	|322	|390	|555	|519	|420	|0	|282	|484	|506	|555	|384	|2720	|371	|568	|3413	|2669	|1966	|3220	|2676	|2407	|2698	|2626	|2667	|1745	|1673	|2607	|2367	|1782	|2720	|2583	|2864	|2660	|2191	|3145	|2749	|2655	|3224	|2670	|3198	|16036	|3041	|3104	|2641	|1807	|2036	|2679	|2097	|2228	|2567	|2649	|3619	|2719	|1960	|2963	|2649	|0	|2673	|2657	|2640	|2453	|2236	|3048	|2715	|2670	|3250	|2960	|0	|2217	|3018	|3098	|
________________________________________________________
43	|575	|600	|308	|467	|572	|481	|420	|549	|389	|470	|414	|721	|2422	|465	|625	|461	|3676	|2888	|2074	|3301	|2923	|2190	|2896	|2763	|2859	|1785	|2028	|2733	|2422	|1871	|2903	|2760	|3076	|2792	|3266	|2924	|3198	|3159	|3398	|2754	|3097	|3041	|16637	|3203	|2803	|1931	|1832	|2746	|2237	|2202	|2764	|2679	|3749	|2814	|2035	|3031	|2818	|0	|2771	|2719	|2806	|2539	|2727	|2315	|3580	|2306	|3482	|3088	|3297	|3305	|2408	|0	|
________________________________________________________
44	|543	|603	|308	|449	|556	|534	|430	|541	|273	|450	|449	|482	|504	|590	|544	|0	|3591	|2776	|2093	|3275	|2797	|2308	|2896	|2741	|2847	|1800	|2038	|2750	|2542	|2245	|2774	|2755	|2941	|2765	|3191	|2859	|1955	|3197	|3298	|2883	|3282	|3104	|3203	|16708	|2796	|1938	|1837	|2801	|2192	|2205	|2683	|2802	|3710	|2733	|2196	|3060	|2769	|2466	|2670	|2702	|2771	|2572	|2752	|2364	|2374	|3566	|3488	|3172	|3234	|3193	|0	|2397	|
________________________________________________________
45	|0	|741	|364	|582	|548	|471	|430	|557	|225	|463	|498	|632	|431	|462	|510	|548	|3271	|0	|2482	|3850	|3234	|2317	|3258	|3165	|3350	|1171	|1980	|2851	|2402	|1876	|2792	|2812	|3071	|2811	|3208	|2861	|2770	|2765	|3023	|2419	|2864	|2641	|2803	|2796	|16794	|2373	|2228	|3252	|2528	|2188	|3099	|3153	|4416	|3364	|2275	|3182	|2834	|2092	|2832	|2878	|2889	|2573	|2819	|2435	|2761	|2715	|3115	|2709	|2909	|2878	|2855	|2740	|
________________________________________________________
46	|297	|498	|1741	|351	|385	|322	|310	|419	|324	|344	|344	|354	|284	|307	|333	|339	|0	|1506	|0	|2663	|2210	|1625	|2184	|2174	|1498	|1764	|1358	|1942	|1675	|1308	|1905	|1942	|2042	|2047	|2233	|1932	|1954	|1930	|2044	|1680	|2007	|1807	|1931	|1938	|2373	|11542	|1250	|2215	|1701	|1522	|2170	|2143	|2141	|2359	|1252	|2160	|1997	|1424	|1879	|1935	|1879	|1741	|1886	|1659	|1960	|1944	|2099	|1920	|2037	|1926	|1970	|1920	|
________________________________________________________
47	|0	|0	|203	|333	|385	|338	|290	|342	|238	|373	|318	|392	|259	|351	|491	|347	|2958	|0	|1225	|0	|2328	|1541	|2032	|2024	|1927	|1193	|1509	|1857	|1718	|1224	|1889	|1839	|2509	|0	|0	|2370	|2028	|2023	|1874	|1602	|1853	|2036	|1832	|1837	|2228	|1250	|11122	|1877	|1833	|1533	|2011	|2088	|2478	|1822	|1540	|1927	|2111	|1374	|1814	|1822	|2257	|1729	|1916	|1969	|2045	|2026	|2074	|1812	|1700	|2156	|1871	|1868	|
________________________________________________________
48	|626	|543	|298	|2866	|0	|540	|456	|586	|321	|559	|402	|666	|301	|409	|615	|573	|4138	|3098	|0	|2976	|0	|2496	|3240	|3056	|2763	|1739	|1950	|3397	|1924	|1792	|2785	|2824	|3060	|2831	|3185	|2765	|2727	|2718	|2849	|2495	|2814	|2679	|2746	|2801	|3252	|2215	|1877	|16667	|2599	|2378	|3036	|3122	|3737	|2740	|2066	|3597	|3250	|2161	|2780	|2718	|2694	|2591	|2866	|2320	|2800	|2758	|3087	|2730	|2816	|2872	|2820	|2761	|
________________________________________________________
49	|537	|0	|288	|460	|313	|422	|2247	|395	|306	|300	|314	|324	|411	|363	|451	|404	|3255	|2444	|2008	|0	|1772	|0	|2605	|2497	|2242	|1406	|1780	|1803	|2552	|1494	|2270	|2176	|2304	|2200	|2583	|2232	|2247	|2177	|2374	|1931	|2222	|2097	|2237	|2192	|2528	|1701	|1833	|2599	|13281	|1564	|2519	|2543	|2964	|2197	|1550	|1785	|2617	|1465	|2256	|2196	|2161	|2054	|2237	|1884	|2137	|2181	|2480	|2247	|2263	|2250	|2184	|2201	|
________________________________________________________
50	|423	|487	|208	|379	|0	|0	|266	|345	|221	|351	|299	|378	|337	|387	|457	|381	|2754	|2165	|1723	|2848	|0	|1250	|0	|2321	|1925	|1232	|1349	|2016	|1730	|1434	|1983	|2153	|2331	|1856	|2194	|1942	|1943	|1919	|2420	|0	|0	|2228	|2202	|2205	|2188	|1522	|1533	|2378	|1564	|11623	|1946	|2353	|2625	|1967	|1450	|2141	|2023	|1689	|1705	|2166	|2188	|1523	|1884	|1634	|1904	|1919	|2564	|1899	|1995	|2487	|2177	|2161	|
________________________________________________________
51	|602	|673	|300	|521	|590	|365	|394	|2983	|322	|453	|394	|561	|402	|564	|471	|589	|4103	|3133	|2334	|3778	|3261	|0	|2175	|0	|2816	|1826	|2040	|2744	|2368	|1815	|3599	|2219	|3019	|2683	|3126	|2743	|2763	|2668	|2899	|2459	|2764	|2567	|2764	|2683	|3099	|2170	|2011	|3036	|2519	|1946	|16399	|3384	|3701	|2806	|1973	|3038	|2712	|1932	|3192	|3064	|2687	|2526	|2678	|2265	|2723	|2783	|2930	|2747	|2983	|2768	|2744	|2660	|
________________________________________________________
52	|576	|661	|308	|546	|595	|0	|442	|593	|323	|481	|404	|581	|432	|395	|482	|348	|3997	|3103	|2325	|3801	|3281	|2464	|0	|1418	|2822	|1789	|1995	|2815	|2394	|2059	|2394	|3487	|2986	|2727	|3177	|2895	|2738	|2736	|2872	|2449	|2814	|2649	|2679	|2802	|3153	|2143	|2088	|3122	|2543	|2353	|3384	|16656	|3746	|2755	|1906	|3062	|2799	|2012	|1986	|3185	|2728	|2554	|2745	|2314	|2833	|2818	|2943	|2615	|2817	|2858	|2710	|2797	|
________________________________________________________
53	|612	|893	|331	|671	|670	|601	|479	|669	|0	|751	|669	|891	|564	|671	|737	|790	|5471	|3235	|3036	|4609	|3880	|2672	|3877	|3736	|3134	|0	|3352	|4301	|3729	|2848	|4440	|4308	|4097	|3824	|4349	|3799	|3705	|3656	|4033	|3368	|3896	|3619	|3749	|3710	|4416	|2141	|2478	|3737	|2964	|2625	|3701	|3746	|22774	|4455	|3113	|4885	|4280	|3057	|4315	|4245	|3775	|3422	|3762	|3255	|3771	|3684	|4272	|3692	|3808	|3862	|3784	|3748	|
________________________________________________________
54	|640	|607	|374	|497	|517	|453	|387	|502	|213	|546	|2376	|586	|435	|523	|558	|609	|3204	|3276	|2119	|3367	|2871	|1979	|2843	|2739	|0	|1178	|0	|3133	|2782	|2140	|3189	|3110	|3006	|2787	|3211	|2852	|2683	|2784	|2921	|2450	|2829	|2719	|2814	|2733	|3364	|2359	|1822	|2740	|2197	|1967	|2806	|2755	|4455	|16648	|2067	|3544	|3148	|2241	|3136	|3196	|2756	|2488	|2774	|2376	|2711	|2751	|3154	|2776	|2860	|2840	|2847	|2804	|
________________________________________________________
55	|475	|498	|247	|426	|358	|308	|260	|354	|0	|0	|276	|445	|360	|375	|421	|423	|2867	|1977	|1679	|2428	|2005	|1474	|2127	|2014	|2450	|0	|1206	|0	|2067	|1568	|2227	|2262	|2352	|2322	|2898	|0	|0	|2358	|2241	|1801	|1979	|1960	|2035	|2196	|2275	|1252	|1540	|2066	|1550	|1450	|1973	|1906	|3113	|2067	|12145	|2349	|2559	|1769	|2268	|2294	|2240	|2052	|2408	|1753	|2075	|2386	|2236	|1942	|2143	|2027	|1870	|2175	|
________________________________________________________
56	|563	|793	|298	|592	|488	|574	|322	|563	|472	|442	|482	|3403	|0	|584	|661	|657	|3987	|3024	|2357	|4388	|2759	|2531	|3100	|3043	|3559	|2294	|0	|2528	|0	|2526	|3587	|3530	|3434	|3159	|3359	|3159	|3031	|2904	|3233	|2757	|3136	|2963	|3031	|3060	|3182	|2160	|1927	|3597	|1785	|2141	|3038	|3062	|4885	|3544	|2349	|18514	|3810	|2481	|3493	|3506	|3107	|2883	|2935	|2734	|3403	|2929	|3422	|3082	|3088	|3218	|2990	|3144	|
________________________________________________________
57	|541	|549	|340	|544	|645	|453	|471	|477	|433	|0	|485	|701	|310	|532	|2900	|540	|3733	|2818	|2093	|3036	|3498	|2104	|2787	|2841	|3179	|2073	|2417	|0	|1750	|0	|3132	|3251	|3056	|2763	|3285	|2851	|2767	|2780	|2924	|2480	|2963	|2649	|2818	|2769	|2834	|1997	|2111	|3250	|2617	|2023	|2712	|2799	|4280	|3148	|2559	|3810	|16893	|2142	|3253	|3152	|2751	|2560	|2871	|2319	|2693	|2816	|3176	|2756	|2948	|2900	|2759	|2867	|
________________________________________________________
58	|425	|493	|220	|510	|431	|347	|289	|429	|289	|430	|327	|446	|0	|0	|358	|377	|2528	|1948	|1455	|2691	|2067	|1653	|2036	|2037	|2300	|1494	|1735	|2483	|0	|1133	|0	|2407	|2185	|2082	|2535	|2007	|2002	|1944	|2449	|1999	|2509	|0	|0	|2466	|2092	|1424	|1374	|2161	|1465	|1689	|1932	|2012	|3057	|2241	|1769	|2481	|2142	|12167	|2170	|2427	|1954	|1859	|2260	|1565	|1975	|1962	|2481	|2154	|2462	|2109	|2039	|2507	|
________________________________________________________
59	|508	|630	|268	|472	|481	|572	|365	|603	|398	|571	|472	|614	|486	|326	|464	|3092	|3734	|2729	|2059	|3415	|2823	|2043	|3513	|2369	|3225	|2034	|2159	|3187	|2789	|0	|2140	|0	|3098	|2815	|3193	|2961	|2992	|2828	|3063	|2619	|2860	|2673	|2771	|2670	|2832	|1879	|1814	|2780	|2256	|1705	|3192	|1986	|4315	|3136	|2268	|3493	|3253	|2170	|16808	|3524	|2873	|2527	|2778	|2523	|2733	|2691	|3061	|2827	|2959	|2866	|3092	|2759	|
________________________________________________________
60	|509	|639	|296	|483	|485	|375	|390	|593	|395	|549	|436	|668	|542	|0	|606	|701	|3530	|2673	|2109	|3391	|2825	|2086	|2359	|3587	|3174	|2026	|2208	|3154	|2934	|2222	|0	|1481	|3045	|2952	|3256	|2902	|2927	|2708	|2875	|2448	|2796	|2657	|2719	|2702	|2878	|1935	|1822	|2718	|2196	|2166	|3064	|3185	|4245	|3196	|2294	|3506	|3152	|2427	|3524	|16768	|2705	|2582	|2820	|2362	|2702	|2778	|3037	|2642	|2951	|2878	|2739	|2708	|
________________________________________________________
61	|667	|0	|329	|571	|470	|363	|446	|561	|381	|510	|443	|642	|379	|449	|462	|563	|3612	|2652	|2616	|3211	|2780	|1997	|2857	|2712	|2831	|1776	|2225	|2756	|2343	|1830	|2801	|2746	|2752	|0	|3679	|3136	|3157	|3114	|3799	|1906	|2775	|2640	|2806	|2771	|2889	|1879	|2257	|2694	|2161	|2188	|2687	|2728	|3775	|2756	|2240	|3107	|2751	|1954	|2873	|2705	|16655	|2882	|3162	|2675	|3187	|3237	|3601	|3218	|2894	|2753	|2799	|2721	|
________________________________________________________
62	|568	|454	|1741	|459	|497	|509	|400	|408	|328	|475	|393	|589	|366	|389	|422	|440	|3311	|2515	|0	|2981	|2651	|1872	|2565	|2532	|2576	|1650	|2055	|2491	|2165	|1646	|2478	|2481	|0	|2225	|3280	|2906	|2874	|2820	|2185	|2989	|2608	|2453	|2539	|2572	|2573	|1741	|1729	|2591	|2054	|1523	|2526	|2554	|3422	|2488	|2052	|2883	|2560	|1859	|2527	|2582	|2882	|15210	|2937	|2442	|2852	|2822	|1936	|2884	|2627	|2512	|2500	|2480	|
________________________________________________________
63	|495	|749	|279	|2866	|633	|437	|382	|578	|413	|0	|455	|664	|410	|353	|545	|586	|3634	|2709	|0	|3330	|2802	|2115	|2811	|2764	|2767	|1798	|2485	|2789	|2529	|1795	|2713	|2753	|3501	|3226	|2928	|0	|3047	|3090	|2928	|2363	|3706	|2236	|2727	|2752	|2819	|1886	|1916	|2866	|2237	|1884	|2678	|2745	|3762	|2774	|2408	|2935	|2871	|2260	|2778	|2820	|3162	|2937	|16600	|2713	|3122	|3082	|3069	|2687	|3220	|3292	|2818	|2839	|
________________________________________________________
64	|0	|656	|312	|476	|374	|427	|332	|238	|294	|322	|2376	|519	|301	|495	|472	|439	|3058	|2327	|2187	|2924	|2463	|1904	|2346	|2293	|2431	|1465	|0	|2339	|1945	|1537	|2345	|2323	|2871	|2640	|0	|2089	|2577	|2568	|2472	|2099	|2089	|3048	|2315	|2364	|2435	|1659	|1969	|2320	|1884	|1634	|2265	|2314	|3255	|2376	|1753	|2734	|2319	|1565	|2523	|2362	|2675	|2442	|2713	|14208	|2739	|2697	|2595	|2334	|1567	|2836	|2426	|2461	|
________________________________________________________
65	|600	|709	|327	|584	|492	|416	|337	|473	|292	|511	|397	|3403	|513	|437	|479	|587	|3554	|2729	|2338	|3412	|2832	|2078	|2723	|2806	|2796	|1711	|0	|2728	|2346	|1813	|2708	|2705	|3400	|3104	|3584	|3298	|2500	|0	|2954	|2430	|2820	|2715	|3580	|2374	|2761	|1960	|2045	|2800	|2137	|1904	|2723	|2833	|3771	|2711	|2075	|3403	|2693	|1975	|2733	|2702	|3187	|2852	|3122	|2739	|16644	|3101	|3078	|2657	|2760	|2808	|3161	|3263	|
________________________________________________________
66	|598	|667	|334	|568	|451	|439	|384	|482	|0	|562	|500	|624	|323	|519	|495	|338	|3567	|2715	|2321	|3330	|2760	|2016	|2734	|2694	|2763	|1719	|2444	|2715	|2408	|2076	|2750	|2730	|3428	|3132	|3611	|3212	|0	|2347	|2946	|2458	|2853	|2670	|2306	|3566	|2715	|1944	|2026	|2758	|2181	|1919	|2783	|2818	|3684	|2751	|2386	|2929	|2816	|1962	|2691	|2778	|3237	|2822	|3082	|2697	|3101	|16556	|2946	|2716	|2816	|2781	|1909	|3193	|
________________________________________________________
67	|674	|617	|219	|517	|654	|0	|467	|686	|367	|485	|428	|605	|484	|545	|625	|653	|3975	|2969	|2557	|3680	|3178	|2820	|3079	|3039	|3147	|1884	|2182	|3042	|2653	|2323	|3097	|3035	|4197	|2765	|3595	|3186	|3117	|3068	|3120	|0	|3583	|3250	|3482	|3488	|3115	|2099	|2074	|3087	|2480	|2564	|2930	|2943	|4272	|3154	|2236	|3422	|3176	|2481	|3061	|3037	|3601	|1936	|3069	|2595	|3078	|2946	|18498	|3510	|3739	|3487	|3598	|3614	|
________________________________________________________
68	|513	|778	|344	|479	|522	|355	|2247	|522	|332	|468	|390	|573	|461	|516	|528	|576	|3526	|2675	|2061	|3198	|2735	|0	|2755	|2646	|2737	|1747	|1928	|2712	|2393	|2012	|2684	|2687	|2518	|3618	|3090	|2794	|2688	|2748	|0	|2060	|3114	|2960	|3088	|3172	|2709	|1920	|1812	|2730	|2247	|1899	|2747	|2615	|3692	|2776	|1942	|3082	|2756	|2154	|2827	|2642	|3218	|2884	|2687	|2334	|2657	|2716	|3510	|16308	|3212	|3116	|3045	|3084	|
________________________________________________________
69	|681	|659	|277	|528	|473	|572	|390	|2983	|375	|441	|280	|572	|507	|0	|581	|651	|3764	|2834	|2073	|3531	|2933	|0	|2930	|2800	|2927	|1809	|2303	|2851	|2586	|2274	|2936	|2903	|3084	|2904	|4155	|2536	|2825	|2771	|3397	|2905	|2563	|0	|3297	|3234	|2909	|2037	|1700	|2816	|2263	|1995	|2983	|2817	|3808	|2860	|2143	|3088	|2948	|2462	|2959	|2951	|2894	|2627	|3220	|1567	|2760	|2816	|3739	|3212	|17161	|3299	|3201	|3190	|
________________________________________________________
70	|462	|638	|318	|570	|0	|537	|458	|573	|341	|635	|477	|534	|516	|367	|2900	|571	|3647	|2786	|2130	|3473	|2868	|2490	|2831	|2799	|2830	|1771	|2041	|2781	|2482	|0	|2799	|2745	|3059	|2758	|2814	|3756	|2815	|2792	|3413	|2783	|0	|2217	|3305	|3193	|2878	|1926	|2156	|2872	|2250	|2487	|2768	|2858	|3862	|2840	|2027	|3218	|2900	|2109	|2866	|2878	|2753	|2512	|3292	|2836	|2808	|2781	|3487	|3116	|3299	|16928	|3226	|3230	|
________________________________________________________
71	|538	|618	|317	|486	|599	|486	|413	|568	|427	|426	|355	|604	|345	|513	|513	|3092	|3540	|2696	|2037	|3392	|2817	|2323	|2839	|2758	|2684	|1746	|1925	|2714	|2430	|0	|2736	|2673	|3047	|2898	|3158	|2798	|3631	|2354	|3364	|2708	|3196	|3018	|2408	|0	|2855	|1970	|1871	|2820	|2184	|2177	|2744	|2710	|3784	|2847	|1870	|2990	|2759	|2039	|3092	|2739	|2799	|2500	|2818	|2426	|3161	|1909	|3598	|3045	|3201	|3226	|16581	|3159	|
________________________________________________________
72	|524	|636	|279	|484	|613	|524	|425	|553	|299	|450	|437	|672	|0	|574	|606	|567	|3591	|2750	|2110	|3374	|2860	|2330	|2825	|2694	|2794	|1800	|1948	|2779	|2445	|2205	|2727	|2696	|3002	|2817	|3169	|2824	|2401	|3591	|3363	|2767	|3310	|3098	|0	|2397	|2740	|1920	|1868	|2761	|2201	|2161	|2660	|2797	|3748	|2804	|2175	|3144	|2867	|2507	|2759	|2708	|2721	|2480	|2839	|2461	|3263	|3193	|3614	|3084	|3190	|3230	|3159	|16657	|
________________________________________________________
