0	|1	|2	|3	|4	|5	|6	|7	|8	|9	|10	|11	|12	|13	|14	|15	|16	|17	|18	|19	|20	|21	|22	|23	|24	|25	|26	|27	|28	|29	|30	|31	|32	|33	|34	|35	|36	|37	|38	|39	|40	|41	|42	|43	|44	|45	|46	|47	|48	|49	|50	|51	|52	|53	|54	|55	|56	|57	|58	|59	|60	|61	|62	|63	|64	|65	|66	|67	|68	|69	|70	|71	|72	|
1	|100	|3,35	|1,75	|3,13	|3,64	|2,82	|2,76	|4,64	|3,35	|2,98	|0	|3,85	|2,54	|1,75	|2,51	|2,98	|24,95	|100	|12,57	|20,93	|20,65	|14,23	|19,74	|18,74	|21,47	|14,13	|13,04	|16,48	|15,95	|10,62	|16,36	|16,55	|21,22	|17,49	|100	|17,83	|19,12	|18,93	|19,12	|12,79	|18,27	|11,44	|18,02	|17,02	|0	|9,31	|0	|19,62	|16,83	|13,26	|18,87	|18,05	|19,18	|20,06	|14,89	|17,64	|16,95	|13,32	|15,92	|15,95	|20,9	|17,8	|15,51	|0	|18,8	|18,74	|21,12	|16,08	|21,34	|14,48	|16,86	|16,42	|
________________________________________________________
2	|2,89	|100	|1,73	|3,08	|3,35	|3,11	|0	|3,86	|1,97	|4,13	|3	|4,7	|1,49	|2,27	|2,73	|3,02	|25,38	|18,12	|12,29	|100	|19,5	|14,39	|18,2	|19,34	|18,34	|9,02	|13,64	|19,36	|10,56	|10,59	|15,58	|16,55	|19,55	|100	|19,34	|21,2	|18,39	|18,07	|20,66	|16,39	|17,39	|14,99	|16,2	|16,28	|20,01	|13,45	|0	|14,66	|0	|13,15	|18,17	|17,85	|24,12	|16,39	|13,45	|21,42	|14,83	|13,31	|17,01	|17,26	|0	|12,26	|20,23	|17,72	|19,15	|18,01	|16,66	|21,01	|17,8	|17,23	|16,69	|17,18	|
________________________________________________________
3	|3,22	|3,68	|100	|2,3	|3,1	|3,56	|3,33	|2,81	|2,81	|3,27	|4,08	|2,93	|2,81	|2,41	|4,65	|3,22	|0	|12,35	|0	|24,93	|19,93	|15,22	|17,4	|19,41	|12,64	|15,97	|14,07	|16,08	|15,39	|11,32	|14,93	|15,97	|0	|15,62	|22,46	|19,76	|18,21	|18,67	|13,1	|19,64	|17,86	|18,5	|17,69	|17,69	|20,91	|100	|11,66	|17,12	|16,54	|11,95	|17,23	|17,69	|19,01	|21,48	|14,19	|17,12	|19,53	|12,64	|15,39	|17	|18,9	|100	|16,03	|17,92	|18,78	|19,18	|12,58	|19,76	|15,91	|18,27	|18,21	|16,03	|
________________________________________________________
4	|3,49	|3,98	|1,4	|100	|0	|3,49	|3,04	|3,87	|1,74	|0	|3,07	|5,16	|2,09	|2,09	|3,7	|4,78	|27,18	|19,16	|0	|17,45	|0	|15,49	|20,31	|19,09	|15,6	|10,33	|14,31	|21,95	|11,62	|10,29	|16,57	|16,96	|22,33	|20,55	|17,76	|0	|16,78	|18,18	|16,19	|15,28	|21,28	|13,61	|16,29	|15,67	|20,31	|12,25	|11,62	|100	|16,05	|13,22	|18,18	|19,05	|23,41	|17,34	|14,86	|20,66	|18,98	|17,79	|16,47	|16,85	|19,92	|16,02	|100	|16,61	|20,38	|19,82	|18,04	|16,71	|18,42	|19,89	|16,96	|16,89	|
________________________________________________________
5	|3,91	|4,18	|1,82	|0	|100	|2,56	|1,89	|4,14	|2,83	|3,77	|2,56	|3,2	|3,91	|2,96	|0	|3,54	|24,78	|18,96	|13,8	|22,96	|100	|12,12	|16,16	|21,18	|16,53	|10,81	|17,21	|20,84	|17,34	|13,6	|16,77	|16,06	|17,24	|16,5	|21,35	|19,02	|15,39	|16,36	|23,43	|14,78	|100	|18,69	|19,26	|18,72	|18,45	|12,96	|12,96	|0	|10,54	|0	|19,87	|20,03	|22,56	|17,41	|12,05	|16,43	|21,72	|14,51	|16,2	|16,33	|15,82	|16,73	|21,31	|12,59	|16,57	|15,19	|22,02	|17,58	|15,93	|0	|20,17	|20,64	|
________________________________________________________
6	|3,38	|4,32	|2,33	|3,75	|2,85	|100	|2,85	|2,74	|1,99	|4,05	|3,04	|3,6	|1,95	|3,19	|3,94	|4,13	|25,26	|19,18	|14,15	|21,4	|17,08	|11,97	|100	|19,14	|17,72	|10,92	|12,09	|17,64	|12,12	|13,18	|19,33	|11,11	|13,4	|19,48	|17,61	|19,41	|17,38	|16,03	|18,84	|100	|17,98	|19,48	|18,06	|20,05	|17,68	|12,09	|12,69	|20,27	|15,84	|0	|13,7	|0	|22,56	|17	|11,56	|21,55	|17	|13,03	|21,47	|14,08	|13,63	|19,11	|16,4	|16,03	|15,62	|16,48	|0	|13,33	|21,47	|20,16	|18,24	|19,67	|
________________________________________________________
7	|3,92	|0	|2,58	|3,87	|2,49	|3,38	|100	|2,76	|2,05	|2,4	|2,89	|2,58	|3,47	|3,74	|4,18	|3,69	|23,72	|19,89	|14,91	|0	|13,22	|0	|20,87	|20,16	|17,62	|10,81	|13,84	|13,75	|19,45	|12,19	|17,04	|17,27	|13,93	|22,61	|18,65	|16,29	|15,75	|17,22	|0	|12,82	|18,2	|18,69	|18,69	|19,14	|19,14	|13,8	|12,91	|20,29	|100	|11,84	|17,53	|19,67	|21,32	|17,22	|11,57	|14,33	|20,96	|12,86	|16,24	|17,36	|19,85	|17,8	|17	|14,78	|15	|17,09	|20,78	|100	|17,36	|20,38	|18,38	|18,91	|
________________________________________________________
8	|4,96	|4,79	|1,64	|3,72	|4,12	|2,45	|2,08	|100	|2,41	|2,88	|1,14	|3,92	|2,55	|0	|3,25	|4,73	|26,05	|19,31	|14,72	|25,51	|21,05	|0	|13,74	|0	|17,8	|11,1	|14,05	|16,76	|14,55	|13,61	|21,66	|13,38	|21,59	|17,37	|25,01	|15,09	|17,3	|16,9	|21,66	|16,8	|15,66	|0	|18,4	|18,14	|18,67	|14,05	|11,46	|19,64	|13,24	|11,57	|100	|19,88	|22,43	|16,83	|11,87	|18,87	|15,99	|14,38	|20,21	|19,88	|18,81	|13,68	|19,38	|7,98	|15,86	|16,16	|23	|17,5	|100	|19,21	|19,04	|18,54	|
________________________________________________________
9	|5,38	|3,67	|2,46	|2,51	|4,22	|2,66	|2,31	|3,62	|100	|2,31	|1,61	|3,92	|3,77	|2,46	|3,92	|4,52	|16,48	|22,21	|12,66	|17,74	|18,39	|12,76	|15,43	|17,04	|22,31	|100	|12,11	|17,24	|17,34	|11,21	|18,59	|19,65	|21,36	|19,55	|23,62	|16,43	|100	|18,44	|17,49	|15,13	|18,99	|14,17	|19,55	|13,72	|11,31	|16,28	|11,96	|16,13	|15,38	|11,11	|16,18	|16,23	|0	|10,7	|0	|23,72	|21,76	|14,52	|20	|19,85	|19,15	|16,48	|20,75	|14,77	|14,67	|0	|18,44	|16,68	|18,84	|17,14	|21,46	|15,03	|
________________________________________________________
10	|3,38	|5,44	|2,03	|0	|3,98	|3,84	|1,92	|3,06	|1,64	|100	|1,74	|3,17	|2,88	|3,77	|0	|3,88	|20,34	|15,83	|13,94	|24,11	|19,99	|17,03	|15,93	|15,75	|20,66	|10,38	|12,48	|100	|17,5	|14,26	|19,91	|19,63	|20,48	|19,84	|21,48	|100	|16,07	|20,63	|18,14	|16,04	|18,71	|17,21	|16,71	|16	|16,47	|12,23	|13,26	|19,88	|10,67	|12,48	|16,11	|17,11	|26,71	|19,42	|0	|15,72	|0	|15,29	|20,31	|19,52	|18,14	|16,89	|0	|11,45	|18,17	|19,99	|17,25	|16,64	|15,68	|22,58	|15,15	|16	|
________________________________________________________
11	|0	|4,67	|2,99	|3,7	|3,2	|3,41	|2,74	|1,43	|1,35	|2,06	|100	|3,03	|2,44	|4,17	|4,67	|3,28	|19,53	|19,74	|14,56	|21,97	|17,09	|12,92	|15,95	|16,04	|0	|7,15	|0	|18,06	|15,19	|12,5	|19,23	|17,72	|20,45	|18,48	|0	|14,56	|17,42	|19,99	|16,75	|15,87	|15,24	|21,3	|17,42	|18,9	|20,96	|14,48	|13,38	|16,92	|13,22	|12,58	|16,58	|17	|28,16	|100	|11,62	|20,29	|20,41	|13,76	|19,87	|18,35	|18,64	|16,54	|19,15	|100	|16,71	|21,04	|18,01	|16,41	|11,78	|20,08	|14,94	|18,39	|
________________________________________________________
12	|3,61	|5,11	|1,5	|4,35	|2,79	|2,82	|1,7	|3,44	|2,29	|2,62	|2,12	|100	|0	|3,03	|3,32	|3,79	|23,01	|15,96	|14,66	|24,86	|15,4	|13,19	|16,04	|16,57	|20,1	|12,05	|0	|12,93	|0	|14,02	|18,4	|19,22	|20,95	|19,07	|20,83	|20,86	|14,55	|0	|17,72	|14,43	|17,13	|16,31	|21,19	|14,16	|18,57	|10,4	|11,52	|19,57	|9,52	|11,11	|16,49	|17,07	|26,18	|17,22	|13,08	|100	|20,6	|13,11	|18,04	|19,63	|18,87	|17,31	|19,51	|15,25	|100	|18,34	|17,78	|16,84	|16,81	|15,69	|17,75	|19,75	|
________________________________________________________
13	|3,34	|2,27	|2,02	|2,48	|4,79	|2,15	|3,22	|3,14	|3,1	|3,34	|2,39	|0	|100	|2,19	|2,89	|4,17	|21,76	|16,23	|12,92	|15,57	|21,51	|12,84	|15,11	|17,71	|19,82	|12,01	|14,91	|19,36	|100	|11,19	|16,97	|21,06	|17,42	|16,68	|20,36	|17,59	|19,82	|18,95	|21,18	|16,76	|20,36	|15,85	|100	|20,81	|17,8	|11,73	|10,69	|12,43	|16,97	|13,91	|16,6	|17,84	|23,29	|17,96	|14,86	|0	|12,8	|0	|20,07	|22,38	|15,65	|15,11	|16,93	|12,43	|21,18	|13,34	|19,98	|19,03	|20,93	|21,3	|14,24	|0	|
________________________________________________________
14	|2,06	|3,09	|1,54	|2,21	|3,24	|3,12	|3,09	|0	|1,8	|3,9	|3,64	|3,79	|1,95	|100	|2,9	|2,46	|21,21	|17,28	|12,5	|19,52	|16,58	|13,86	|18,86	|18,6	|17,94	|12,61	|12,35	|20,22	|15,85	|11,73	|100	|20,26	|18,27	|16,91	|13,12	|20,11	|15,48	|18,2	|20,92	|17,32	|20,4	|100	|17,1	|21,69	|16,99	|11,29	|12,9	|15,04	|13,35	|14,23	|20,74	|14,52	|24,67	|19,23	|13,79	|21,47	|19,56	|0	|11,99	|0	|16,51	|14,3	|12,98	|18,2	|16,07	|19,08	|20,04	|18,97	|0	|13,49	|18,86	|21,1	|
________________________________________________________
15	|2,76	|3,48	|2,79	|3,66	|0	|3,62	|3,24	|3,34	|2,69	|0	|3,83	|3,9	|2,41	|2,72	|100	|3,52	|20,9	|15,79	|13,31	|18,34	|21,1	|13,79	|17,62	|16,55	|18,66	|12,79	|13,93	|0	|10,52	|0	|19,55	|20,45	|17,03	|15,14	|16,24	|22	|15,86	|15,45	|18,34	|15,66	|0	|12,79	|21,55	|18,76	|17,59	|11,48	|16,93	|21,21	|15,55	|15,76	|16,24	|16,62	|25,41	|19,24	|14,52	|22,79	|100	|12,34	|16	|20,9	|15,93	|14,55	|18,79	|16,28	|16,52	|17,07	|21,55	|18,21	|20,03	|100	|17,69	|20,9	|
________________________________________________________
16	|3,07	|3,62	|1,81	|4,43	|3,4	|3,56	|2,68	|4,56	|2,91	|3,53	|2,52	|4,17	|3,27	|2,17	|3,3	|100	|22,51	|16,53	|11,93	|20,86	|15,52	|13,49	|21,38	|14,62	|18,05	|11,87	|12,9	|20,7	|18,18	|0	|12,19	|0	|19,15	|17,21	|19,7	|16,75	|23,19	|14,72	|19,57	|16,95	|19,76	|18,37	|14,91	|0	|17,72	|10,96	|11,22	|18,53	|13,07	|12,32	|19,05	|11,25	|25,55	|19,7	|13,68	|21,25	|17,46	|12,19	|100	|22,67	|18,21	|14,23	|18,95	|14,2	|18,98	|10,93	|21,12	|18,63	|21,05	|18,47	|100	|18,34	|
________________________________________________________
17	|3,67	|4,34	|0	|3,6	|3,4	|3,11	|2,46	|3,59	|1,51	|2,64	|2,14	|3,61	|2,43	|2,66	|2,8	|3,21	|100	|18,56	|14,1	|23,36	|19,39	|13,58	|19,36	|18,67	|18,81	|8,23	|12,12	|16,63	|14,73	|10,77	|16,93	|16,71	|18,18	|16,67	|18,96	|16,82	|16,43	|16,29	|17,98	|15,19	|17,01	|15,75	|16,97	|16,58	|15,1	|0	|13,65	|19,1	|15,02	|12,71	|18,94	|18,45	|25,25	|14,79	|13,23	|18,4	|17,23	|11,67	|17,24	|16,29	|16,67	|15,28	|16,77	|14,12	|16,41	|16,47	|18,35	|16,28	|17,37	|16,83	|16,34	|16,58	|
________________________________________________________
18	|19,32	|4,06	|1,3	|3,32	|3,41	|3,09	|2,71	|3,49	|2,68	|2,69	|2,84	|3,29	|2,38	|2,85	|2,77	|3,09	|24,34	|100	|12,48	|23,76	|19,43	|13,77	|19,1	|18,91	|20,51	|14,41	|11,8	|16,61	|14,89	|11,08	|17,02	|16,4	|17,72	|17,74	|19,32	|16,27	|16,72	|16,56	|17,62	|15,2	|16,64	|16,16	|17,49	|16,81	|0	|9,12	|0	|18,76	|14,8	|13,11	|18,97	|18,79	|19,59	|19,84	|11,97	|18,31	|17,07	|11,8	|16,53	|16,19	|16,06	|15,23	|16,41	|14,09	|16,53	|16,44	|17,98	|16,2	|17,16	|16,87	|16,33	|16,65	|
________________________________________________________
19	|3,22	|3,65	|0	|0	|3,29	|3,02	|2,69	|3,52	|2,02	|3,14	|2,78	|4	|2,51	|2,73	|3,1	|2,96	|24,49	|16,52	|100	|20,69	|20,42	|14,2	|18,18	|18,77	|18,63	|8,63	|14,08	|16,62	|14,65	|11,32	|17,24	|16,6	|22,36	|16,97	|19,19	|20,47	|18,37	|18,53	|19,63	|13,09	|16,9	|15,77	|16,63	|16,79	|19,91	|0	|9,83	|0	|16,11	|13,82	|18,72	|18,65	|24,35	|17	|13,47	|18,9	|16,79	|11,67	|16,51	|16,92	|20,98	|0	|0	|17,54	|18,75	|18,62	|20,51	|16,53	|16,63	|17,08	|16,34	|16,92	|
________________________________________________________
20	|3,31	|18,37	|2,15	|2,48	|3,38	|2,83	|0	|3,78	|1,75	|3,36	|2,59	|4,2	|1,87	|2,63	|2,64	|3,2	|25,1	|19,47	|12,8	|100	|18,99	|13,68	|18,31	|18,79	|16,94	|10,64	|11,11	|19,29	|11,48	|11,02	|16,23	|16,63	|17,61	|18,37	|19,14	|17,13	|16,6	|16,68	|17,96	|14,85	|17,21	|15,97	|16,38	|16,25	|19,1	|13,21	|0	|14,76	|0	|14,13	|18,74	|18,86	|22,86	|16,7	|12,04	|21,77	|15,06	|13,35	|16,94	|16,82	|15,93	|14,79	|16,52	|14,51	|16,93	|16,52	|18,26	|15,86	|17,52	|17,23	|16,83	|16,74	|
________________________________________________________
21	|3,86	|4,23	|2,03	|0	|17,4	|2,67	|1,74	|3,68	|2,14	|3,29	|2,38	|3,07	|3,05	|2,64	|3,59	|2,81	|24,61	|18,8	|14,92	|22,43	|100	|12,09	|19,08	|18,88	|16,84	|10,74	|13,03	|19,6	|17,64	|11,49	|16,4	|16,26	|17,55	|16,65	|19,14	|17,48	|16,44	|16,49	|18,2	|14,64	|17,4	|15,68	|17,13	|16,39	|18,95	|12,95	|13,64	|0	|10,38	|0	|19,11	|19,23	|22,74	|16,82	|11,75	|16,17	|20,5	|12,11	|16,54	|16,55	|16,29	|15,53	|16,42	|14,43	|16,6	|16,17	|18,62	|16,03	|17,19	|16,81	|16,51	|16,76	|
________________________________________________________
22	|3,71	|4,35	|2,16	|3,63	|2,94	|2,6	|0	|0	|2,07	|3,91	|2,51	|3,67	|2,54	|3,08	|3,27	|3,4	|24,03	|18,57	|14,46	|22,52	|16,84	|100	|17,72	|20,25	|16,93	|10,61	|12,39	|18,22	|13,19	|13,15	|16,48	|16,5	|17,68	|16,94	|18,44	|18,53	|16,46	|16,37	|21,87	|14,35	|17,24	|19,65	|17,88	|18,84	|18,92	|13,27	|12,58	|20,38	|0	|10,21	|0	|20,12	|21,82	|16,16	|12,03	|20,66	|17,18	|13,5	|16,68	|17,03	|16,3	|15,28	|17,27	|15,55	|16,97	|16,46	|23,02	|0	|0	|20,33	|18,97	|19,02	|
________________________________________________________
23	|3,75	|4,01	|1,8	|3,47	|2,86	|15,87	|2,79	|2,44	|1,83	|2,67	|2,26	|3,25	|2,18	|3,06	|3,04	|3,94	|24,98	|18,79	|13,5	|21,99	|19,39	|12,93	|100	|19,42	|17,02	|10,28	|12,07	|16,36	|14,56	|10,2	|19,04	|12,28	|18,2	|16,89	|19,27	|16,83	|17,01	|16,85	|17,63	|15,87	|17,24	|16,07	|17,25	|17,25	|19,41	|13,01	|12,1	|19,3	|15,52	|0	|12,96	|0	|23,09	|16,93	|12,67	|18,47	|16,6	|12,13	|20,93	|14,05	|17,02	|15,28	|16,74	|13,97	|16,22	|16,29	|18,34	|16,41	|17,45	|16,86	|16,91	|16,83	|
________________________________________________________
24	|3,61	|4,33	|2,04	|3,3	|3,8	|3,08	|2,74	|0	|2,05	|2,68	|2,3	|3,41	|2,59	|3,06	|2,9	|2,73	|24,44	|18,87	|14,14	|22,88	|19,47	|14,98	|19,7	|100	|16,19	|10,61	|12,08	|16,3	|14,86	|12,22	|19,21	|18,98	|17,96	|17,17	|19,74	|17,06	|16,96	|16,63	|17,33	|14,59	|17,33	|15,87	|16,69	|16,56	|19,12	|13,14	|12,23	|18,46	|15,09	|14,02	|0	|8,57	|22,57	|16,55	|12,17	|18,39	|17,17	|12,31	|14,31	|21,67	|16,39	|15,3	|16,7	|13,85	|16,95	|16,28	|18,36	|15,99	|16,92	|16,91	|16,66	|16,28	|
________________________________________________________
25	|4,06	|4,03	|1,3	|2,65	|2,91	|2,8	|2,35	|3,15	|2,63	|3,45	|0	|4,06	|2,85	|2,89	|3,21	|3,31	|24,17	|20,09	|13,78	|20,25	|17,04	|12,3	|16,95	|15,9	|100	|14,41	|14,97	|19,11	|17,17	|12,72	|19,19	|19,32	|18,29	|16,92	|19,35	|16,96	|16,19	|16,1	|17,9	|14,67	|17,35	|15,82	|16,96	|16,89	|19,87	|8,89	|11,43	|16,39	|13,3	|11,42	|16,7	|16,74	|18,59	|0	|14,53	|21,11	|18,86	|13,64	|19,13	|18,83	|16,79	|15,28	|16,41	|14,42	|16,58	|16,39	|18,67	|16,23	|17,36	|16,79	|15,92	|16,57	|
________________________________________________________
26	|4,24	|3,14	|2,61	|2,78	|3,02	|2,74	|2,29	|3,11	|18,71	|2,75	|1,6	|3,86	|2,74	|3,23	|3,49	|3,45	|16,78	|22,37	|10,12	|20,17	|17,23	|12,22	|16,22	|16,51	|22,84	|100	|11,92	|18,91	|16,94	|13,08	|19,33	|18,96	|18,35	|16,85	|19,09	|16,96	|18,71	|16,26	|17,63	|15,46	|16,81	|16,41	|16,79	|16,93	|11,01	|16,59	|11,22	|16,35	|13,22	|11,59	|17,17	|16,82	|0	|11,08	|0	|21,57	|19,49	|14,05	|19,13	|19,05	|16,7	|15,52	|16,91	|13,78	|16,09	|16,17	|17,72	|16,43	|17,01	|16,65	|16,42	|16,93	|
________________________________________________________
27	|3,49	|4,24	|2,06	|3,44	|4,29	|2,7	|2,61	|3,51	|2,02	|2,94	|0	|0	|3,03	|2,82	|3,39	|3,35	|22,03	|16,34	|14,72	|18,79	|18,65	|12,73	|17	|16,77	|21,16	|10,64	|100	|17,23	|18,06	|13,03	|18,46	|18,03	|20,31	|19,17	|23	|16,99	|16,92	|21,76	|18,23	|14,79	|19,37	|14,03	|17,01	|17,09	|16,61	|11,39	|12,66	|16,36	|14,93	|11,32	|17,11	|16,73	|28,12	|0	|10,12	|0	|20,27	|14,55	|18,11	|18,52	|18,66	|17,24	|20,84	|0	|0	|20,5	|18,3	|16,17	|19,32	|17,12	|16,15	|16,34	|
________________________________________________________
28	|3,15	|4,3	|1,68	|3,77	|3,71	|2,82	|1,85	|3	|2,05	|16,85	|2,57	|2,64	|2,81	|3,3	|0	|3,83	|21,58	|16,43	|12,41	|23,3	|20,03	|13,37	|16,46	|16,16	|19,3	|12,05	|12,31	|100	|18,23	|13,86	|18,97	|19,1	|18,57	|17,15	|19,29	|16,85	|16,51	|16,66	|17,36	|15,03	|16,97	|15,62	|16,37	|16,48	|17,08	|11,64	|11,13	|20,35	|10,8	|12,08	|16,44	|16,87	|25,77	|18,77	|0	|15,15	|0	|14,88	|19,09	|18,9	|16,51	|14,92	|16,71	|14,01	|16,34	|16,27	|18,23	|16,25	|17,08	|16,66	|16,26	|16,65	|
________________________________________________________
29	|3,46	|2,66	|1,82	|2,27	|3,5	|2,2	|2,97	|2,95	|2,35	|3,35	|2,46	|0	|16,48	|2,93	|2,08	|3,82	|21,71	|16,73	|12,43	|15,75	|20,49	|10,99	|16,64	|16,73	|19,7	|12,26	|14,65	|20,71	|100	|11,37	|19,65	|19,63	|17,59	|16,7	|19,96	|17,2	|16,58	|16,41	|18,27	|15,35	|16,36	|16,11	|16,48	|17,3	|16,35	|11,4	|11,69	|13,09	|17,37	|11,77	|16,11	|16,29	|25,38	|18,93	|14,07	|0	|11,91	|0	|18,98	|19,97	|15,94	|14,73	|17,21	|13,24	|15,96	|16,39	|18,05	|16,28	|17,6	|16,89	|16,54	|16,64	|
________________________________________________________
30	|3,05	|3,53	|1,77	|2,65	|3,63	|3,16	|2,46	|3,65	|2,01	|3,61	|2,67	|4,29	|2,44	|2,87	|0	|0	|20,98	|16,46	|12,7	|19,98	|17,63	|14,48	|15,41	|18,19	|19,28	|12,51	|13,97	|20,8	|15,03	|100	|17,89	|19,56	|18,03	|16,48	|19,28	|16,67	|14,36	|17,97	|19,59	|16,66	|20,76	|16,03	|16,83	|20,19	|16,87	|11,76	|11,01	|16,12	|13,44	|12,9	|16,32	|18,52	|25,62	|19,25	|14,1	|22,72	|0	|10,19	|0	|19,99	|16,46	|14,8	|16,14	|13,82	|16,31	|18,67	|20,89	|18,1	|20,45	|0	|0	|19,83	|
________________________________________________________
31	|3,12	|3,45	|1,55	|2,84	|2,97	|3,08	|2,29	|3,86	|2,21	|3,35	|2,73	|3,74	|2,46	|16,25	|3,39	|2,25	|21,91	|16,79	|12,84	|19,55	|16,72	|12,06	|19,1	|18,99	|19,33	|12,28	|13,15	|18,92	|17,25	|11,88	|100	|20,76	|18,66	|16,77	|19,04	|17,27	|17,29	|16,09	|18,11	|15	|17,26	|16,25	|17,34	|16,57	|16,68	|11,38	|11,28	|16,64	|13,56	|11,85	|21,5	|14,3	|26,52	|19,05	|13,3	|21,43	|18,71	|0	|12,78	|0	|16,73	|14,8	|16,21	|14,01	|16,18	|16,43	|18,5	|16,03	|17,54	|16,72	|16,34	|16,29	|
________________________________________________________
32	|3,19	|3,7	|1,68	|2,93	|2,88	|1,79	|2,34	|2,41	|2,36	|3,33	|2,54	|3,95	|3,08	|3,33	|3,58	|0	|21,86	|16,35	|12,5	|20,24	|16,75	|12,2	|12,45	|18,96	|19,67	|12,17	|12,98	|19,25	|17,42	|13,13	|20,99	|100	|18,4	|16,65	|19,56	|17,25	|16,84	|16,62	|17,26	|14,25	|16,9	|15,59	|16,66	|16,63	|16,98	|11,72	|11,1	|17,05	|13,14	|13	|13,4	|21,05	|26,01	|18,78	|13,66	|21,31	|19,63	|14,53	|0	|8,94	|16,58	|14,98	|16,62	|14,02	|16,33	|16,48	|18,32	|16,22	|17,53	|16,57	|16,14	|16,28	|
________________________________________________________
33	|3,73	|3,99	|0	|3,52	|2,82	|1,97	|1,72	|3,55	|2,34	|3,17	|2,68	|3,93	|2,32	|2,74	|2,72	|3,26	|21,69	|16,11	|15,35	|19,54	|16,49	|11,92	|16,83	|16,36	|16,98	|10,74	|13,33	|17,07	|14,23	|11,04	|17,2	|16,78	|100	|18,12	|21,97	|19,18	|19,02	|19,06	|20,1	|10,08	|17,18	|15,77	|16,94	|16,19	|16,91	|11,24	|13,81	|16,85	|12,69	|12,83	|16,62	|16,44	|22,56	|16,55	|12,95	|18,91	|16,83	|12,03	|17,06	|16,77	|15,15	|0	|19,28	|15,81	|18,72	|18,87	|23,11	|13,86	|16,98	|16,84	|16,78	|16,53	|
________________________________________________________
34	|3,31	|21,96	|1,61	|3,49	|2,91	|3,08	|3,01	|3,07	|2,31	|3,31	|2,6	|3,85	|2,4	|2,73	|2,6	|3,16	|21,42	|17,38	|12,55	|21,96	|16,85	|12,31	|16,81	|16,85	|16,91	|10,63	|13,55	|16,98	|14,55	|10,87	|16,65	|16,36	|19,52	|100	|22,3	|19,19	|18,87	|18,98	|20,66	|16,83	|17,48	|15,78	|16,56	|16,4	|16,67	|12,14	|0	|16,79	|13,05	|11,01	|15,91	|16,17	|22,68	|16,53	|13,77	|18,74	|16,39	|12,35	|16,7	|17,51	|0	|13,2	|19,13	|15,66	|18,41	|18,58	|16,4	|21,46	|17,22	|16,36	|17,19	|16,71	|
________________________________________________________
35	|16,61	|3,73	|2,04	|2,65	|3,3	|2,44	|2,18	|3,88	|2,45	|3,14	|0	|3,69	|2,57	|1,86	|2,45	|3,17	|21,39	|16,61	|12,45	|20,09	|17	|11,76	|16,84	|17,01	|16,99	|10,57	|14,28	|16,76	|15,27	|11,16	|16,6	|16,87	|20,78	|19,58	|100	|18,19	|18,97	|18,79	|17,39	|14,93	|19,31	|11,41	|17	|16,61	|16,7	|11,63	|0	|16,58	|13,45	|11,42	|16,27	|16,54	|22,64	|16,72	|15,09	|17,49	|17,1	|13,2	|16,62	|16,95	|19,15	|17,08	|15,24	|0	|18,66	|18,8	|18,72	|16,09	|21,63	|14,65	|16,44	|16,5	|
________________________________________________________
36	|3,34	|4,61	|2,02	|0	|3,32	|3,04	|2,15	|2,64	|1,92	|16,53	|2,03	|4,17	|2,5	|3,21	|3,75	|3,04	|21,41	|15,79	|15	|20,29	|17,53	|13,34	|16,61	|16,6	|16,8	|10,6	|11,91	|16,53	|14,86	|10,89	|16,99	|16,79	|20,47	|19,02	|20,53	|100	|19,05	|18,67	|17,54	|14,9	|19,64	|18,48	|17,18	|16,8	|16,81	|11,35	|13,93	|16,25	|13,12	|11,41	|16,12	|17,01	|22,33	|16,76	|0	|18,57	|16,76	|11,8	|17,4	|17,06	|18,43	|17,08	|0	|12,28	|19,38	|18,88	|18,72	|16,42	|14,9	|22,07	|16,44	|16,6	|
________________________________________________________
37	|3,68	|4,11	|1,91	|2,9	|2,76	|2,79	|2,13	|3,11	|12	|2,73	|2,5	|2,98	|2,89	|2,54	|2,77	|4,32	|21,46	|16,65	|13,81	|20,18	|16,92	|12,15	|17,22	|16,92	|16,45	|12	|12,16	|16,61	|14,69	|9,62	|17,45	|16,82	|20,82	|19,18	|21,96	|19,54	|100	|18,42	|17,23	|14,57	|16,6	|16,57	|19,28	|11,79	|16,7	|11,78	|12,23	|16,44	|13,55	|11,71	|16,66	|16,51	|22,34	|16,18	|0	|18,27	|16,68	|12,07	|18,04	|17,65	|19,03	|17,33	|18,37	|15,54	|15,07	|0	|18,79	|16,21	|17,03	|16,97	|21,89	|14,48	|
________________________________________________________
38	|3,66	|4,06	|1,97	|3,16	|2,95	|2,59	|2,35	|3,06	|2,23	|3,52	|2,88	|0	|2,78	|3	|2,72	|2,76	|21,41	|16,58	|14,01	|20,4	|17,07	|12,16	|17,15	|16,7	|16,47	|10,49	|15,74	|16,86	|14,63	|12,12	|16,34	|16,7	|21	|19,42	|21,89	|19,27	|18,53	|100	|17,66	|14,27	|16,96	|16,11	|19,16	|19,39	|16,77	|11,71	|12,27	|16,49	|13,21	|11,64	|16,18	|16,6	|22,18	|16,89	|14,3	|17,62	|16,86	|11,79	|17,15	|16,43	|18,89	|17,11	|18,74	|15,58	|0	|14,24	|18,61	|16,67	|16,81	|16,94	|14,28	|21,78	|
________________________________________________________
39	|3,45	|4,33	|1,29	|2,63	|3,94	|2,84	|0	|3,66	|1,97	|2,89	|2,25	|3,41	|2,91	|3,22	|3,01	|3,43	|22,06	|16,47	|13,86	|20,5	|17,59	|15,17	|16,76	|16,24	|17,09	|10,62	|12,31	|16,41	|15,2	|12,33	|17,16	|16,19	|20,67	|19,72	|18,92	|16,9	|16,18	|16,48	|100	|15,79	|19,57	|18,26	|19,24	|18,68	|17,12	|11,57	|10,61	|16,13	|13,44	|13,7	|16,42	|16,26	|22,84	|16,54	|12,69	|18,31	|16,56	|13,87	|17,35	|16,28	|21,51	|12,37	|16,58	|14	|16,73	|16,68	|17,67	|0	|19,24	|19,33	|19,05	|19,04	|
________________________________________________________
40	|2,76	|4,11	|2,32	|2,97	|2,97	|18,05	|1,95	|3,39	|2,04	|3,06	|2,55	|3,33	|2,75	|3,19	|3,08	|3,55	|22,29	|17,01	|11,06	|20,28	|16,92	|11,9	|18,05	|16,36	|16,76	|11,14	|11,94	|16,99	|15,28	|12,55	|17,01	|15,99	|12,4	|19,23	|19,43	|17,18	|16,38	|15,93	|18,89	|100	|19,25	|18,09	|18,66	|19,53	|16,39	|11,38	|10,85	|16,9	|13,08	|0	|16,66	|16,59	|22,82	|16,6	|12,2	|18,68	|16,8	|13,54	|17,74	|16,59	|12,91	|20,25	|16,01	|14,22	|16,46	|16,65	|0	|13,96	|19,68	|18,86	|18,35	|18,75	|
________________________________________________________
41	|3,43	|3,78	|1,83	|3,58	|17,45	|2,81	|2,4	|2,74	|2,22	|3,09	|2,13	|3,43	|2,9	|3,26	|0	|3,59	|21,66	|16,14	|12,38	|20,39	|17,45	|12,41	|17,01	|16,86	|17,19	|10,51	|13,57	|16,65	|14,13	|13,56	|16,98	|16,45	|18,34	|17,32	|21,8	|19,64	|16,18	|16,43	|20,31	|16,69	|100	|18,79	|18,2	|19,29	|16,83	|11,79	|10,89	|16,54	|13,06	|0	|16,24	|16,54	|22,89	|16,62	|11,63	|18,43	|17,41	|14,74	|16,81	|16,43	|16,31	|15,32	|21,78	|12,28	|16,57	|16,76	|21,05	|18,3	|15,06	|0	|18,78	|19,45	|
________________________________________________________
42	|2,28	|3,46	|2,01	|2,43	|3,46	|3,24	|2,62	|0	|1,76	|3,02	|3,16	|3,46	|2,39	|16,96	|2,31	|3,54	|21,28	|16,64	|12,26	|20,08	|16,69	|15,01	|16,82	|16,38	|16,63	|10,88	|10,43	|16,26	|14,76	|11,11	|16,96	|16,11	|17,86	|16,59	|13,66	|19,61	|17,14	|16,56	|20,1	|16,65	|19,94	|100	|18,96	|19,36	|16,47	|11,27	|12,7	|16,71	|13,08	|13,89	|16,01	|16,52	|22,57	|16,96	|12,22	|18,48	|16,52	|0	|16,67	|16,57	|16,46	|15,3	|13,94	|19,01	|16,93	|16,65	|20,27	|18,46	|0	|13,83	|18,82	|19,32	|
________________________________________________________
43	|3,46	|3,61	|1,85	|2,81	|3,44	|2,89	|2,52	|3,3	|2,34	|2,83	|2,49	|4,33	|14,56	|2,79	|3,76	|2,77	|22,1	|17,36	|12,47	|19,84	|17,57	|13,16	|17,41	|16,61	|17,18	|10,73	|12,19	|16,43	|14,56	|11,25	|17,45	|16,59	|18,49	|16,78	|19,63	|17,58	|19,22	|18,99	|20,42	|16,55	|18,62	|18,28	|100	|19,25	|16,85	|11,61	|11,01	|16,51	|13,45	|13,24	|16,61	|16,1	|22,53	|16,91	|12,23	|18,22	|16,94	|0	|16,66	|16,34	|16,87	|15,26	|16,39	|13,91	|21,52	|13,86	|20,93	|18,56	|19,82	|19,87	|14,47	|0	|
________________________________________________________
44	|3,25	|3,61	|1,84	|2,69	|3,33	|3,2	|2,57	|3,24	|1,63	|2,69	|2,69	|2,88	|3,02	|3,53	|3,26	|0	|21,49	|16,61	|12,53	|19,6	|16,74	|13,81	|17,33	|16,41	|17,04	|10,77	|12,2	|16,46	|15,21	|13,44	|16,6	|16,49	|17,6	|16,55	|19,1	|17,11	|11,7	|19,13	|19,74	|17,26	|19,64	|18,58	|19,17	|100	|16,73	|11,6	|10,99	|16,76	|13,12	|13,2	|16,06	|16,77	|22,2	|16,36	|13,14	|18,31	|16,57	|14,76	|15,98	|16,17	|16,58	|15,39	|16,47	|14,15	|14,21	|21,34	|20,88	|18,98	|19,36	|19,11	|0	|14,35	|
________________________________________________________
45	|0	|4,41	|2,17	|3,47	|3,26	|2,8	|2,56	|3,32	|1,34	|2,76	|2,97	|3,76	|2,57	|2,75	|3,04	|3,26	|19,48	|0	|14,78	|22,92	|19,26	|13,8	|19,4	|18,85	|19,95	|6,97	|11,79	|16,98	|14,3	|11,17	|16,62	|16,74	|18,29	|16,74	|19,1	|17,04	|16,49	|16,46	|18	|14,4	|17,05	|15,73	|16,69	|16,65	|100	|14,13	|13,27	|19,36	|15,05	|13,03	|18,45	|18,77	|26,3	|20,03	|13,55	|18,95	|16,88	|12,46	|16,86	|17,14	|17,2	|15,32	|16,79	|14,5	|16,44	|16,17	|18,55	|16,13	|17,32	|17,14	|17	|16,32	|
________________________________________________________
46	|2,57	|4,31	|15,08	|3,04	|3,34	|2,79	|2,69	|3,63	|2,81	|2,98	|2,98	|3,07	|2,46	|2,66	|2,89	|2,94	|0	|13,05	|0	|23,07	|19,15	|14,08	|18,92	|18,84	|12,98	|15,28	|11,77	|16,83	|14,51	|11,33	|16,5	|16,83	|17,69	|17,74	|19,35	|16,74	|16,93	|16,72	|17,71	|14,56	|17,39	|15,66	|16,73	|16,79	|20,56	|100	|10,83	|19,19	|14,74	|13,19	|18,8	|18,57	|18,55	|20,44	|10,85	|18,71	|17,3	|12,34	|16,28	|16,76	|16,28	|15,08	|16,34	|14,37	|16,98	|16,84	|18,19	|16,63	|17,65	|16,69	|17,07	|16,63	|
________________________________________________________
47	|0	|0	|1,83	|2,99	|3,46	|3,04	|2,61	|3,07	|2,14	|3,35	|2,86	|3,52	|2,33	|3,16	|4,41	|3,12	|26,6	|0	|11,01	|0	|20,93	|13,86	|18,27	|18,2	|17,33	|10,73	|13,57	|16,7	|15,45	|11,01	|16,98	|16,53	|22,56	|0	|0	|21,31	|18,23	|18,19	|16,85	|14,4	|16,66	|18,31	|16,47	|16,52	|20,03	|11,24	|100	|16,88	|16,48	|13,78	|18,08	|18,77	|22,28	|16,38	|13,85	|17,33	|18,98	|12,35	|16,31	|16,38	|20,29	|15,55	|17,23	|17,7	|18,39	|18,22	|18,65	|16,29	|15,29	|19,39	|16,82	|16,8	|
________________________________________________________
48	|3,76	|3,26	|1,79	|17,2	|0	|3,24	|2,74	|3,52	|1,93	|3,35	|2,41	|4	|1,81	|2,45	|3,69	|3,44	|24,83	|18,59	|0	|17,86	|0	|14,98	|19,44	|18,34	|16,58	|10,43	|11,7	|20,38	|11,54	|10,75	|16,71	|16,94	|18,36	|16,99	|19,11	|16,59	|16,36	|16,31	|17,09	|14,97	|16,88	|16,07	|16,48	|16,81	|19,51	|13,29	|11,26	|100	|15,59	|14,27	|18,22	|18,73	|22,42	|16,44	|12,4	|21,58	|19,5	|12,97	|16,68	|16,31	|16,16	|15,55	|17,2	|13,92	|16,8	|16,55	|18,52	|16,38	|16,9	|17,23	|16,92	|16,57	|
________________________________________________________
49	|4,04	|0	|2,17	|3,46	|2,36	|3,18	|16,92	|2,97	|2,3	|2,26	|2,36	|2,44	|3,09	|2,73	|3,4	|3,04	|24,51	|18,4	|15,12	|0	|13,34	|0	|19,61	|18,8	|16,88	|10,59	|13,4	|13,58	|19,22	|11,25	|17,09	|16,38	|17,35	|16,57	|19,45	|16,81	|16,92	|16,39	|17,88	|14,54	|16,73	|15,79	|16,84	|16,5	|19,03	|12,81	|13,8	|19,57	|100	|11,78	|18,97	|19,15	|22,32	|16,54	|11,67	|13,44	|19,7	|11,03	|16,99	|16,53	|16,27	|15,47	|16,84	|14,19	|16,09	|16,42	|18,67	|16,92	|17,04	|16,94	|16,44	|16,57	|
________________________________________________________
50	|3,64	|4,19	|1,79	|3,26	|0	|0	|2,29	|2,97	|1,9	|3,02	|2,57	|3,25	|2,9	|3,33	|3,93	|3,28	|23,69	|18,63	|14,82	|24,5	|0	|10,75	|0	|19,97	|16,56	|10,6	|11,61	|17,34	|14,88	|12,34	|17,06	|18,52	|20,06	|15,97	|18,88	|16,71	|16,72	|16,51	|20,82	|0	|0	|19,17	|18,95	|18,97	|18,82	|13,09	|13,19	|20,46	|13,46	|100	|16,74	|20,24	|22,58	|16,92	|12,48	|18,42	|17,41	|14,53	|14,67	|18,64	|18,82	|13,1	|16,21	|14,06	|16,38	|16,51	|22,06	|16,34	|17,16	|21,4	|18,73	|18,59	|
________________________________________________________
51	|3,67	|4,1	|1,83	|3,18	|3,6	|2,23	|2,4	|18,19	|1,96	|2,76	|2,4	|3,42	|2,45	|3,44	|2,87	|3,59	|25,02	|19,1	|14,23	|23,04	|19,89	|0	|13,26	|0	|17,17	|11,13	|12,44	|16,73	|14,44	|11,07	|21,95	|13,53	|18,41	|16,36	|19,06	|16,73	|16,85	|16,27	|17,68	|14,99	|16,85	|15,65	|16,85	|16,36	|18,9	|13,23	|12,26	|18,51	|15,36	|11,87	|100	|20,64	|22,57	|17,11	|12,03	|18,53	|16,54	|11,78	|19,46	|18,68	|16,39	|15,4	|16,33	|13,81	|16,6	|16,97	|17,87	|16,75	|18,19	|16,88	|16,73	|16,22	|
________________________________________________________
52	|3,46	|3,97	|1,85	|3,28	|3,57	|0	|2,65	|3,56	|1,94	|2,89	|2,43	|3,49	|2,59	|2,37	|2,89	|2,09	|24	|18,63	|13,96	|22,82	|19,7	|14,79	|0	|8,51	|16,94	|10,74	|11,98	|16,9	|14,37	|12,36	|14,37	|20,94	|17,93	|16,37	|19,07	|17,38	|16,44	|16,43	|17,24	|14,7	|16,89	|15,9	|16,08	|16,82	|18,93	|12,87	|12,54	|18,74	|15,27	|14,13	|20,32	|100	|22,49	|16,54	|11,44	|18,38	|16,8	|12,08	|11,92	|19,12	|16,38	|15,33	|16,48	|13,89	|17,01	|16,92	|17,67	|15,7	|16,91	|17,16	|16,27	|16,79	|
________________________________________________________
53	|2,69	|3,92	|1,45	|2,95	|2,94	|2,64	|2,1	|2,94	|0	|3,3	|2,94	|3,91	|2,48	|2,95	|3,24	|3,47	|24,02	|14,2	|13,33	|20,24	|17,04	|11,73	|17,02	|16,4	|13,76	|0	|14,72	|18,89	|16,37	|12,51	|19,5	|18,92	|17,99	|16,79	|19,1	|16,68	|16,27	|16,05	|17,71	|14,79	|17,11	|15,89	|16,46	|16,29	|19,39	|9,4	|10,88	|16,41	|13,01	|11,53	|16,25	|16,45	|100	|19,56	|13,67	|21,45	|18,79	|13,42	|18,95	|18,64	|16,58	|15,03	|16,52	|14,29	|16,56	|16,18	|18,76	|16,21	|16,72	|16,96	|16,62	|16,46	|
________________________________________________________
54	|3,84	|3,65	|2,25	|2,99	|3,11	|2,72	|2,32	|3,02	|1,28	|3,28	|14,27	|3,52	|2,61	|3,14	|3,35	|3,66	|19,25	|19,68	|12,73	|20,22	|17,25	|11,89	|17,08	|16,45	|0	|7,08	|0	|18,82	|16,71	|12,85	|19,16	|18,68	|18,06	|16,74	|19,29	|17,13	|16,12	|16,72	|17,55	|14,72	|16,99	|16,33	|16,9	|16,42	|20,21	|14,17	|10,94	|16,46	|13,2	|11,82	|16,85	|16,55	|26,76	|100	|12,42	|21,29	|18,91	|13,46	|18,84	|19,2	|16,55	|14,94	|16,66	|14,27	|16,28	|16,52	|18,95	|16,67	|17,18	|17,06	|17,1	|16,84	|
________________________________________________________
55	|3,91	|4,1	|2,03	|3,51	|2,95	|2,54	|2,14	|2,91	|0	|0	|2,27	|3,66	|2,96	|3,09	|3,47	|3,48	|23,61	|16,28	|13,82	|19,99	|16,51	|12,14	|17,51	|16,58	|20,17	|0	|9,93	|0	|17,02	|12,91	|18,34	|18,62	|19,37	|19,12	|23,86	|0	|0	|19,42	|18,45	|14,83	|16,29	|16,14	|16,76	|18,08	|18,73	|10,31	|12,68	|17,01	|12,76	|11,94	|16,25	|15,69	|25,63	|17,02	|100	|19,34	|21,07	|14,57	|18,67	|18,89	|18,44	|16,9	|19,83	|14,43	|17,09	|19,65	|18,41	|15,99	|17,65	|16,69	|15,4	|17,91	|
________________________________________________________
56	|3,04	|4,28	|1,61	|3,2	|2,64	|3,1	|1,74	|3,04	|2,55	|2,39	|2,6	|18,38	|0	|3,15	|3,57	|3,55	|21,54	|16,33	|12,73	|23,7	|14,9	|13,67	|16,74	|16,44	|19,22	|12,39	|0	|13,65	|0	|13,64	|19,37	|19,07	|18,55	|17,06	|18,14	|17,06	|16,37	|15,69	|17,46	|14,89	|16,94	|16	|16,37	|16,53	|17,19	|11,67	|10,41	|19,43	|9,64	|11,56	|16,41	|16,54	|26,39	|19,14	|12,69	|100	|20,58	|13,4	|18,87	|18,94	|16,78	|15,57	|15,85	|14,77	|18,38	|15,82	|18,48	|16,65	|16,68	|17,38	|16,15	|16,98	|
________________________________________________________
57	|3,2	|3,25	|2,01	|3,22	|3,82	|2,68	|2,79	|2,82	|2,56	|0	|2,87	|4,15	|1,84	|3,15	|17,17	|3,2	|22,1	|16,68	|12,39	|17,97	|20,71	|12,45	|16,5	|16,82	|18,82	|12,27	|14,31	|0	|10,36	|0	|18,54	|19,24	|18,09	|16,36	|19,45	|16,88	|16,38	|16,46	|17,31	|14,68	|17,54	|15,68	|16,68	|16,39	|16,78	|11,82	|12,5	|19,24	|15,49	|11,98	|16,05	|16,57	|25,34	|18,63	|15,15	|22,55	|100	|12,68	|19,26	|18,66	|16,28	|15,15	|17	|13,73	|15,94	|16,67	|18,8	|16,31	|17,45	|17,17	|16,33	|16,97	|
________________________________________________________
58	|3,49	|4,05	|1,81	|4,19	|3,54	|2,85	|2,38	|3,53	|2,38	|3,53	|2,69	|3,67	|0	|0	|2,94	|3,1	|20,78	|16,01	|11,96	|22,12	|16,99	|13,59	|16,73	|16,74	|18,9	|12,28	|14,26	|20,41	|0	|9,31	|0	|19,78	|17,96	|17,11	|20,84	|16,5	|16,45	|15,98	|20,13	|16,43	|20,62	|0	|0	|20,27	|17,19	|11,7	|11,29	|17,76	|12,04	|13,88	|15,88	|16,54	|25,13	|18,42	|14,54	|20,39	|17,6	|100	|17,84	|19,95	|16,06	|15,28	|18,57	|12,86	|16,23	|16,13	|20,39	|17,7	|20,24	|17,33	|16,76	|20,6	|
________________________________________________________
59	|3,02	|3,75	|1,59	|2,81	|2,86	|3,4	|2,17	|3,59	|2,37	|3,4	|2,81	|3,65	|2,89	|1,94	|2,76	|18,4	|22,22	|16,24	|12,25	|20,32	|16,8	|12,15	|20,9	|14,09	|19,19	|12,1	|12,85	|18,96	|16,59	|0	|12,73	|0	|18,43	|16,75	|19	|17,62	|17,8	|16,83	|18,22	|15,58	|17,02	|15,9	|16,49	|15,89	|16,85	|11,18	|10,79	|16,54	|13,42	|10,14	|18,99	|11,82	|25,67	|18,66	|13,49	|20,78	|19,35	|12,91	|100	|20,97	|17,09	|15,03	|16,53	|15,01	|16,26	|16,01	|18,21	|16,82	|17,6	|17,05	|18,4	|16,41	|
________________________________________________________
60	|3,04	|3,81	|1,77	|2,88	|2,89	|2,24	|2,33	|3,54	|2,36	|3,27	|2,6	|3,98	|3,23	|0	|3,61	|4,18	|21,05	|15,94	|12,58	|20,22	|16,85	|12,44	|14,07	|21,39	|18,93	|12,08	|13,17	|18,81	|17,5	|13,25	|0	|8,83	|18,16	|17,6	|19,42	|17,31	|17,46	|16,15	|17,15	|14,6	|16,67	|15,85	|16,22	|16,11	|17,16	|11,54	|10,87	|16,21	|13,1	|12,92	|18,27	|18,99	|25,32	|19,06	|13,68	|20,91	|18,8	|14,47	|21,02	|100	|16,13	|15,4	|16,82	|14,09	|16,11	|16,57	|18,11	|15,76	|17,6	|17,16	|16,33	|16,15	|
________________________________________________________
61	|4	|0	|1,98	|3,43	|2,82	|2,18	|2,68	|3,37	|2,29	|3,06	|2,66	|3,85	|2,28	|2,7	|2,77	|3,38	|21,69	|15,92	|15,71	|19,28	|16,69	|11,99	|17,15	|16,28	|17	|10,66	|13,36	|16,55	|14,07	|10,99	|16,82	|16,49	|16,52	|0	|22,09	|18,83	|18,96	|18,7	|22,81	|11,44	|16,66	|15,85	|16,85	|16,64	|17,35	|11,28	|13,55	|16,18	|12,98	|13,14	|16,13	|16,38	|22,67	|16,55	|13,45	|18,66	|16,52	|11,73	|17,25	|16,24	|100	|17,3	|18,99	|16,06	|19,14	|19,44	|21,62	|19,32	|17,38	|16,53	|16,81	|16,34	|
________________________________________________________
62	|3,73	|2,98	|11,45	|3,02	|3,27	|3,35	|2,63	|2,68	|2,16	|3,12	|2,58	|3,87	|2,41	|2,56	|2,77	|2,89	|21,77	|16,54	|0	|19,6	|17,43	|12,31	|16,86	|16,65	|16,94	|10,85	|13,51	|16,38	|14,23	|10,82	|16,29	|16,31	|0	|14,63	|21,56	|19,11	|18,9	|18,54	|14,37	|19,65	|17,15	|16,13	|16,69	|16,91	|16,92	|11,45	|11,37	|17,03	|13,5	|10,01	|16,61	|16,79	|22,5	|16,36	|13,49	|18,95	|16,83	|12,22	|16,61	|16,98	|18,95	|100	|19,31	|16,06	|18,75	|18,55	|12,73	|18,96	|17,27	|16,52	|16,44	|16,31	|
________________________________________________________
63	|2,98	|4,51	|1,68	|17,27	|3,81	|2,63	|2,3	|3,48	|2,49	|0	|2,74	|4	|2,47	|2,13	|3,28	|3,53	|21,89	|16,32	|0	|20,06	|16,88	|12,74	|16,93	|16,65	|16,67	|10,83	|14,97	|16,8	|15,23	|10,81	|16,34	|16,58	|21,09	|19,43	|17,64	|0	|18,36	|18,61	|17,64	|14,23	|22,33	|13,47	|16,43	|16,58	|16,98	|11,36	|11,54	|17,27	|13,48	|11,35	|16,13	|16,54	|22,66	|16,71	|14,51	|17,68	|17,3	|13,61	|16,73	|16,99	|19,05	|17,69	|100	|16,34	|18,81	|18,57	|18,49	|16,19	|19,4	|19,83	|16,98	|17,1	|
________________________________________________________
64	|0	|4,62	|2,2	|3,35	|2,63	|3,01	|2,34	|1,68	|2,07	|2,27	|16,72	|3,65	|2,12	|3,48	|3,32	|3,09	|21,52	|16,38	|15,39	|20,58	|17,34	|13,4	|16,51	|16,14	|17,11	|10,31	|0	|16,46	|13,69	|10,82	|16,5	|16,35	|20,21	|18,58	|0	|14,7	|18,14	|18,07	|17,4	|14,77	|14,7	|21,45	|16,29	|16,64	|17,14	|11,68	|13,86	|16,33	|13,26	|11,5	|15,94	|16,29	|22,91	|16,72	|12,34	|19,24	|16,32	|11,01	|17,76	|16,62	|18,83	|17,19	|19,09	|100	|19,28	|18,98	|18,26	|16,43	|11,03	|19,96	|17,07	|17,32	|
________________________________________________________
65	|3,6	|4,26	|1,96	|3,51	|2,96	|2,5	|2,02	|2,84	|1,75	|3,07	|2,39	|20,45	|3,08	|2,63	|2,88	|3,53	|21,35	|16,4	|14,05	|20,5	|17,02	|12,48	|16,36	|16,86	|16,8	|10,28	|0	|16,39	|14,1	|10,89	|16,27	|16,25	|20,43	|18,65	|21,53	|19,81	|15,02	|0	|17,75	|14,6	|16,94	|16,31	|21,51	|14,26	|16,59	|11,78	|12,29	|16,82	|12,84	|11,44	|16,36	|17,02	|22,66	|16,29	|12,47	|20,45	|16,18	|11,87	|16,42	|16,23	|19,15	|17,14	|18,76	|16,46	|100	|18,63	|18,49	|15,96	|16,58	|16,87	|18,99	|19,6	|
________________________________________________________
66	|3,61	|4,03	|2,02	|3,43	|2,72	|2,65	|2,32	|2,91	|0	|3,39	|3,02	|3,77	|1,95	|3,13	|2,99	|2,04	|21,55	|16,4	|14,02	|20,11	|16,67	|12,18	|16,51	|16,27	|16,69	|10,38	|14,76	|16,4	|14,54	|12,54	|16,61	|16,49	|20,71	|18,92	|21,81	|19,4	|0	|14,18	|17,79	|14,85	|17,23	|16,13	|13,93	|21,54	|16,4	|11,74	|12,24	|16,66	|13,17	|11,59	|16,81	|17,02	|22,25	|16,62	|14,41	|17,69	|17,01	|11,85	|16,25	|16,78	|19,55	|17,05	|18,62	|16,29	|18,73	|100	|17,79	|16,4	|17,01	|16,8	|11,53	|19,29	|
________________________________________________________
67	|3,64	|3,34	|1,18	|2,79	|3,54	|0	|2,52	|3,71	|1,98	|2,62	|2,31	|3,27	|2,62	|2,95	|3,38	|3,53	|21,49	|16,05	|13,82	|19,89	|17,18	|15,24	|16,65	|16,43	|17,01	|10,18	|11,8	|16,45	|14,34	|12,56	|16,74	|16,41	|22,69	|14,95	|19,43	|17,22	|16,85	|16,59	|16,87	|0	|19,37	|17,57	|18,82	|18,86	|16,84	|11,35	|11,21	|16,69	|13,41	|13,86	|15,84	|15,91	|23,09	|17,05	|12,09	|18,5	|17,17	|13,41	|16,55	|16,42	|19,47	|10,47	|16,59	|14,03	|16,64	|15,93	|100	|18,98	|20,21	|18,85	|19,45	|19,54	|
________________________________________________________
68	|3,15	|4,77	|2,11	|2,94	|3,2	|2,18	|13,78	|3,2	|2,04	|2,87	|2,39	|3,51	|2,83	|3,16	|3,24	|3,53	|21,62	|16,4	|12,64	|19,61	|16,77	|0	|16,89	|16,23	|16,78	|10,71	|11,82	|16,63	|14,67	|12,34	|16,46	|16,48	|15,44	|22,19	|18,95	|17,13	|16,48	|16,85	|0	|12,63	|19,09	|18,15	|18,94	|19,45	|16,61	|11,77	|11,11	|16,74	|13,78	|11,64	|16,84	|16,04	|22,64	|17,02	|11,91	|18,9	|16,9	|13,21	|17,34	|16,2	|19,73	|17,68	|16,48	|14,31	|16,29	|16,65	|21,52	|100	|19,7	|19,11	|18,67	|18,91	|
________________________________________________________
69	|3,97	|3,84	|1,61	|3,08	|2,76	|3,33	|2,27	|17,38	|2,19	|2,57	|1,63	|3,33	|2,95	|0	|3,39	|3,79	|21,93	|16,51	|12,08	|20,58	|17,09	|0	|17,07	|16,32	|17,06	|10,54	|13,42	|16,61	|15,07	|13,25	|17,11	|16,92	|17,97	|16,92	|24,21	|14,78	|16,46	|16,15	|19,79	|16,93	|14,94	|0	|19,21	|18,85	|16,95	|11,87	|9,91	|16,41	|13,19	|11,63	|17,38	|16,42	|22,19	|16,67	|12,49	|17,99	|17,18	|14,35	|17,24	|17,2	|16,86	|15,31	|18,76	|9,13	|16,08	|16,41	|21,79	|18,72	|100	|19,22	|18,65	|18,59	|
________________________________________________________
70	|2,73	|3,77	|1,88	|3,37	|0	|3,17	|2,71	|3,38	|2,01	|3,75	|2,82	|3,15	|3,05	|2,17	|17,13	|3,37	|21,54	|16,46	|12,58	|20,52	|16,94	|14,71	|16,72	|16,53	|16,72	|10,46	|12,06	|16,43	|14,66	|0	|16,53	|16,22	|18,07	|16,29	|16,62	|22,19	|16,63	|16,49	|20,16	|16,44	|0	|13,1	|19,52	|18,86	|17	|11,38	|12,74	|16,97	|13,29	|14,69	|16,35	|16,88	|22,81	|16,78	|11,97	|19,01	|17,13	|12,46	|16,93	|17	|16,26	|14,84	|19,45	|16,75	|16,59	|16,43	|20,6	|18,41	|19,49	|100	|19,06	|19,08	|
________________________________________________________
71	|3,24	|3,73	|1,91	|2,93	|3,61	|2,93	|2,49	|3,43	|2,58	|2,57	|2,14	|3,64	|2,08	|3,09	|3,09	|18,65	|21,35	|16,26	|12,29	|20,46	|16,99	|14,01	|17,12	|16,63	|16,19	|10,53	|11,61	|16,37	|14,66	|0	|16,5	|16,12	|18,38	|17,48	|19,05	|16,87	|21,9	|14,2	|20,29	|16,33	|19,28	|18,2	|14,52	|0	|17,22	|11,88	|11,28	|17,01	|13,17	|13,13	|16,55	|16,34	|22,82	|17,17	|11,28	|18,03	|16,64	|12,3	|18,65	|16,52	|16,88	|15,08	|17	|14,63	|19,06	|11,51	|21,7	|18,36	|19,31	|19,46	|100	|19,05	|
________________________________________________________
72	|3,15	|3,82	|1,67	|2,91	|3,68	|3,15	|2,55	|3,32	|1,8	|2,7	|2,62	|4,03	|0	|3,45	|3,64	|3,4	|21,56	|16,51	|12,67	|20,26	|17,17	|13,99	|16,96	|16,17	|16,77	|10,81	|11,69	|16,68	|14,68	|13,24	|16,37	|16,19	|18,02	|16,91	|19,03	|16,95	|14,41	|21,56	|20,19	|16,61	|19,87	|18,6	|0	|14,39	|16,45	|11,53	|11,21	|16,58	|13,21	|12,97	|15,97	|16,79	|22,5	|16,83	|13,06	|18,87	|17,21	|15,05	|16,56	|16,26	|16,34	|14,89	|17,04	|14,77	|19,59	|19,17	|21,7	|18,51	|19,15	|19,39	|18,96	|100	|
________________________________________________________
