0	|1	|2	|3	|4	|5	|6	|7	|8	|9	|10	|11	|12	|13	|14	|15	|16	|17	|18	|19	|20	|21	|22	|23	|24	|25	|26	|27	|28	|29	|30	|31	|32	|33	|34	|35	|36	|37	|38	|39	|40	|41	|42	|43	|44	|45	|46	|47	|48	|49	|50	|51	|52	|53	|54	|55	|56	|57	|58	|59	|60	|61	|62	|63	|64	|65	|66	|67	|68	|69	|70	|71	|72	|
1	|3220	|113	|50	|106	|117	|75	|90	|137	|124	|104	|0	|115	|75	|65	|79	|118	|757	|3220	|385	|673	|680	|437	|615	|596	|640	|480	|439	|520	|487	|370	|543	|538	|729	|550	|3220	|605	|654	|618	|631	|428	|616	|405	|541	|532	|0	|290	|0	|668	|518	|451	|616	|583	|633	|649	|468	|577	|544	|442	|540	|558	|667	|542	|469	|0	|624	|577	|644	|563	|669	|494	|566	|517	|
________________________________________________________
2	|113	|3768	|67	|111	|115	|138	|0	|121	|80	|155	|123	|162	|70	|110	|100	|115	|965	|641	|494	|3768	|738	|523	|671	|714	|657	|315	|475	|707	|428	|413	|588	|650	|758	|3768	|684	|801	|739	|714	|761	|691	|607	|651	|636	|642	|742	|503	|0	|539	|0	|525	|679	|747	|905	|623	|510	|843	|563	|441	|642	|610	|0	|517	|730	|664	|672	|676	|603	|819	|591	|638	|627	|642	|
________________________________________________________
3	|50	|67	|1713	|42	|61	|79	|62	|54	|50	|54	|63	|56	|47	|61	|92	|46	|0	|214	|0	|463	|378	|240	|328	|319	|237	|234	|208	|244	|294	|193	|293	|312	|0	|247	|383	|339	|348	|320	|258	|354	|276	|313	|282	|306	|350	|1713	|166	|288	|282	|205	|334	|330	|321	|349	|255	|296	|362	|199	|265	|291	|331	|1713	|283	|319	|322	|317	|210	|319	|263	|333	|261	|295	|
________________________________________________________
4	|106	|111	|42	|2721	|0	|86	|78	|120	|45	|0	|81	|117	|55	|58	|135	|108	|723	|561	|0	|453	|0	|392	|491	|472	|416	|276	|404	|592	|355	|303	|477	|481	|610	|552	|441	|0	|496	|497	|467	|427	|615	|386	|470	|422	|539	|309	|279	|2721	|460	|382	|547	|518	|603	|454	|396	|521	|545	|457	|430	|451	|586	|413	|2721	|442	|513	|471	|516	|425	|515	|540	|453	|484	|
________________________________________________________
5	|117	|115	|61	|0	|2940	|72	|60	|116	|81	|122	|59	|85	|121	|89	|0	|101	|683	|564	|454	|669	|2940	|329	|487	|568	|465	|327	|548	|575	|545	|390	|490	|478	|518	|458	|626	|590	|466	|492	|624	|437	|2940	|505	|557	|586	|530	|399	|418	|0	|284	|0	|603	|560	|664	|461	|351	|464	|625	|428	|508	|490	|464	|443	|646	|364	|448	|454	|627	|550	|481	|0	|547	|566	|
________________________________________________________
6	|75	|138	|79	|86	|72	|2708	|57	|84	|59	|101	|78	|88	|66	|101	|112	|132	|675	|511	|347	|589	|485	|327	|2708	|540	|441	|303	|352	|444	|381	|307	|522	|320	|324	|521	|456	|515	|435	|477	|474	|2708	|474	|543	|503	|530	|509	|383	|350	|544	|434	|0	|362	|0	|601	|466	|319	|534	|520	|376	|607	|403	|344	|559	|452	|449	|432	|494	|0	|356	|559	|537	|525	|503	|
________________________________________________________
7	|90	|0	|62	|78	|60	|57	|2225	|63	|48	|34	|58	|59	|97	|75	|87	|74	|547	|424	|326	|0	|283	|0	|430	|493	|374	|251	|275	|252	|402	|261	|360	|417	|331	|475	|458	|365	|404	|340	|0	|263	|446	|448	|456	|442	|387	|310	|313	|444	|2225	|259	|352	|465	|501	|388	|287	|320	|438	|289	|339	|411	|438	|388	|368	|314	|379	|351	|467	|2225	|396	|447	|420	|383	|
________________________________________________________
8	|137	|121	|54	|120	|116	|84	|63	|2946	|67	|70	|41	|78	|68	|0	|101	|119	|731	|596	|434	|719	|626	|0	|367	|0	|478	|328	|369	|507	|456	|381	|613	|405	|629	|501	|712	|446	|502	|447	|630	|534	|462	|0	|520	|572	|586	|383	|313	|596	|405	|367	|2946	|613	|642	|479	|375	|495	|486	|435	|540	|554	|526	|398	|548	|252	|522	|480	|607	|526	|2946	|578	|579	|582	|
________________________________________________________
9	|124	|80	|50	|45	|81	|59	|48	|67	|1908	|33	|33	|66	|67	|52	|76	|85	|301	|434	|270	|376	|367	|234	|319	|299	|464	|1908	|224	|282	|367	|218	|377	|385	|400	|360	|474	|324	|1908	|344	|306	|291	|352	|256	|339	|238	|194	|312	|227	|291	|264	|206	|297	|320	|0	|200	|0	|431	|425	|256	|352	|362	|338	|329	|362	|280	|291	|0	|337	|308	|372	|335	|415	|304	|
________________________________________________________
10	|104	|155	|54	|0	|122	|101	|34	|70	|33	|2773	|74	|99	|81	|95	|0	|89	|574	|454	|405	|698	|578	|496	|437	|443	|559	|278	|321	|2773	|473	|404	|574	|542	|593	|534	|605	|2773	|485	|573	|502	|412	|535	|503	|468	|478	|456	|310	|363	|530	|269	|319	|442	|457	|768	|573	|0	|411	|0	|398	|488	|537	|483	|470	|0	|341	|561	|576	|496	|436	|417	|619	|468	|500	|
________________________________________________________
11	|0	|123	|63	|81	|59	|78	|58	|41	|33	|74	|2343	|71	|54	|113	|120	|68	|453	|495	|364	|488	|396	|302	|388	|386	|0	|148	|0	|464	|365	|291	|452	|475	|449	|451	|0	|348	|472	|524	|406	|349	|341	|576	|368	|475	|454	|326	|308	|422	|293	|293	|383	|402	|618	|2343	|280	|485	|541	|323	|450	|437	|459	|409	|426	|2343	|381	|466	|441	|399	|232	|503	|355	|462	|
________________________________________________________
12	|115	|162	|56	|117	|85	|88	|59	|78	|66	|99	|71	|3298	|0	|102	|113	|134	|753	|569	|445	|773	|501	|440	|528	|585	|663	|421	|0	|477	|0	|390	|621	|651	|660	|654	|717	|721	|483	|0	|605	|537	|532	|489	|713	|466	|629	|360	|377	|677	|330	|372	|527	|550	|850	|587	|376	|3298	|690	|505	|621	|598	|581	|556	|595	|495	|3298	|595	|605	|530	|544	|582	|661	|657	|
________________________________________________________
13	|75	|70	|47	|55	|121	|66	|97	|68	|67	|81	|54	|0	|2416	|55	|58	|91	|568	|378	|320	|371	|520	|320	|386	|444	|448	|291	|369	|464	|2416	|271	|408	|509	|444	|401	|479	|407	|461	|447	|490	|369	|531	|364	|2416	|504	|395	|273	|313	|299	|453	|295	|363	|446	|624	|457	|355	|0	|288	|0	|488	|493	|384	|359	|449	|310	|517	|325	|527	|460	|519	|481	|317	|0	|
________________________________________________________
14	|65	|110	|61	|58	|89	|101	|75	|0	|52	|95	|113	|102	|55	|2720	|97	|84	|598	|441	|377	|604	|475	|419	|519	|500	|531	|335	|327	|534	|396	|282	|2720	|561	|479	|444	|374	|527	|433	|558	|535	|439	|503	|2720	|431	|583	|479	|289	|314	|438	|362	|390	|590	|338	|709	|501	|375	|604	|572	|0	|337	|0	|443	|405	|352	|562	|428	|561	|542	|474	|0	|425	|541	|555	|
________________________________________________________
15	|79	|100	|92	|135	|0	|112	|87	|101	|76	|0	|120	|113	|58	|97	|3030	|80	|605	|510	|350	|564	|627	|484	|516	|504	|594	|388	|447	|0	|276	|0	|635	|643	|533	|512	|504	|672	|545	|487	|609	|522	|0	|421	|596	|626	|486	|381	|477	|600	|430	|455	|472	|480	|734	|575	|435	|676	|3030	|365	|499	|626	|477	|428	|620	|497	|447	|446	|619	|561	|593	|3030	|511	|610	|
________________________________________________________
16	|118	|115	|46	|108	|101	|132	|74	|119	|85	|89	|68	|134	|91	|84	|80	|2969	|659	|514	|370	|622	|511	|418	|643	|445	|570	|365	|388	|564	|517	|0	|363	|0	|531	|498	|622	|520	|656	|390	|617	|529	|596	|564	|436	|0	|507	|327	|292	|560	|361	|399	|552	|352	|735	|557	|373	|632	|534	|364	|2969	|616	|507	|453	|494	|399	|568	|339	|590	|569	|585	|516	|2969	|571	|
________________________________________________________
17	|757	|965	|0	|723	|683	|675	|547	|731	|301	|574	|453	|753	|568	|598	|605	|659	|22054	|4080	|3127	|5112	|4236	|3064	|4160	|4197	|3943	|1742	|2596	|3656	|3250	|2561	|3691	|3712	|3989	|3779	|4163	|3662	|3637	|3617	|3995	|3330	|3755	|3508	|3715	|3714	|3256	|0	|2995	|4196	|3329	|2964	|4140	|4186	|5498	|3316	|2936	|4012	|3693	|2571	|3603	|3596	|3683	|3304	|3545	|3113	|3613	|3531	|4023	|3503	|3809	|3584	|3622	|3773	|
________________________________________________________
18	|3220	|641	|214	|561	|564	|511	|424	|596	|434	|454	|495	|569	|378	|441	|510	|514	|4080	|16670	|1999	|3864	|3307	|2302	|3125	|3174	|3279	|2393	|1986	|2798	|2417	|1844	|2800	|2803	|3036	|2870	|3220	|2767	|2779	|2735	|2996	|2507	|2824	|2714	|2691	|2842	|0	|1530	|0	|3185	|2565	|2176	|3199	|3168	|3219	|3395	|2003	|3111	|2810	|2039	|2774	|2724	|2731	|2448	|2807	|2349	|2795	|2680	|3049	|2714	|2885	|2850	|2781	|2844	|
________________________________________________________
19	|385	|494	|0	|0	|454	|347	|326	|434	|270	|405	|364	|445	|320	|377	|350	|370	|3127	|1999	|12467	|2571	|2609	|1833	|2287	|2339	|2291	|1141	|1801	|2034	|1913	|1389	|2085	|2134	|2828	|2157	|2446	|2564	|2371	|2313	|2478	|1583	|2123	|2092	|2076	|2141	|2441	|0	|1184	|0	|2070	|1659	|2308	|2295	|2982	|2028	|1669	|2232	|2087	|1429	|2044	|2102	|2529	|0	|0	|2203	|2247	|2268	|2635	|2046	|2111	|2054	|2079	|2045	|
________________________________________________________
20	|673	|3768	|463	|453	|669	|589	|0	|719	|376	|698	|488	|773	|371	|604	|564	|622	|5112	|3864	|2571	|20232	|4043	|2822	|3701	|3765	|3367	|2172	|2225	|3839	|2301	|2272	|3325	|3346	|3603	|3768	|3840	|3572	|3470	|3414	|3556	|3063	|3373	|3364	|3339	|3390	|3797	|2628	|0	|2861	|0	|2886	|3796	|3821	|4585	|3377	|2477	|4395	|2988	|2521	|3353	|3347	|3267	|3029	|3242	|2941	|3374	|3325	|3753	|3267	|3444	|3464	|3297	|3440	|
________________________________________________________
21	|680	|738	|378	|0	|2940	|485	|283	|626	|367	|578	|396	|501	|520	|475	|627	|511	|4236	|3307	|2609	|4043	|17266	|2063	|3318	|3162	|2806	|1893	|2382	|3291	|3059	|1894	|2916	|2884	|3056	|2930	|3350	|2984	|2836	|2826	|3024	|2587	|2940	|2726	|2867	|2946	|3213	|2259	|2265	|0	|1833	|0	|3303	|3260	|4021	|2899	|2104	|2660	|3651	|2114	|2905	|2835	|2724	|2618	|2888	|2400	|2795	|2779	|3125	|2734	|3039	|2836	|2873	|2888	|
________________________________________________________
22	|437	|523	|240	|392	|329	|327	|0	|0	|234	|496	|302	|440	|320	|419	|484	|418	|3064	|2302	|1833	|2822	|2063	|12272	|2086	|2388	|2075	|1327	|1504	|2268	|1598	|1631	|2032	|2029	|2130	|2064	|2075	|2241	|2047	|2029	|2658	|1912	|2123	|2422	|2299	|2305	|2281	|1580	|1578	|2422	|0	|1285	|0	|2499	|2747	|2009	|1490	|2432	|2154	|1594	|1975	|2103	|2028	|1872	|2029	|1909	|2010	|2009	|2785	|0	|0	|2507	|2325	|2292	|
________________________________________________________
23	|615	|671	|328	|491	|487	|2708	|430	|367	|319	|437	|388	|528	|386	|519	|516	|643	|4160	|3125	|2287	|3701	|3318	|2086	|16519	|3242	|2719	|1697	|2019	|2656	|2536	|1641	|3170	|1988	|2995	|2706	|3237	|2816	|2753	|2705	|2852	|2708	|2857	|2714	|2776	|2874	|3112	|2154	|2052	|3120	|2547	|0	|2182	|0	|3743	|2743	|2027	|3046	|2832	|1997	|3389	|2431	|2694	|2538	|2669	|2306	|2765	|2758	|2879	|2643	|2846	|2797	|2812	|2744	|
________________________________________________________
24	|596	|714	|319	|472	|568	|540	|493	|0	|299	|443	|386	|585	|444	|500	|504	|445	|4197	|3174	|2339	|3765	|3162	|2388	|3242	|16567	|2704	|1722	|1966	|2683	|2455	|2008	|3084	|3226	|2999	|2792	|3132	|2818	|2809	|2821	|2877	|2451	|2804	|2638	|2767	|2816	|3066	|2107	|2020	|3084	|2590	|2345	|0	|1330	|3834	|2748	|1975	|3094	|2791	|1974	|2373	|3498	|2746	|2550	|2665	|2293	|2740	|2681	|2960	|2717	|2795	|2783	|2646	|2719	|
________________________________________________________
25	|640	|657	|237	|416	|465	|441	|374	|478	|464	|559	|0	|663	|448	|531	|594	|570	|3943	|3279	|2291	|3367	|2806	|2075	|2719	|2704	|16548	|2353	|2399	|3128	|2741	|2073	|3147	|3162	|3105	|2845	|3124	|2778	|2765	|2724	|2909	|2543	|2804	|2713	|2760	|2786	|3356	|1551	|1770	|2737	|2205	|1921	|2776	|2750	|3301	|0	|2432	|3600	|3281	|2152	|3144	|3097	|2729	|2411	|2700	|2392	|2705	|2615	|3015	|2667	|2778	|2790	|2803	|2813	|
________________________________________________________
26	|480	|315	|234	|276	|327	|303	|251	|328	|1908	|278	|148	|421	|291	|335	|388	|365	|1742	|2393	|1141	|2172	|1893	|1327	|1697	|1722	|2353	|10591	|1300	|1969	|1760	|1328	|1996	|2091	|1962	|1758	|2056	|1771	|1908	|1739	|1824	|1600	|1791	|1749	|1705	|1749	|1127	|1720	|1120	|1751	|1436	|1152	|1728	|1800	|0	|1131	|0	|2325	|2115	|1431	|1998	|2045	|1802	|1565	|1768	|1436	|1746	|1746	|1899	|1744	|1776	|1796	|1765	|1830	|
________________________________________________________
27	|439	|475	|208	|404	|548	|352	|275	|369	|224	|321	|0	|0	|369	|327	|447	|388	|2596	|1986	|1801	|2225	|2382	|1504	|2019	|1966	|2399	|1300	|11923	|1955	|2190	|1602	|2159	|2168	|2505	|2238	|2679	|1971	|1925	|2515	|2094	|1797	|2250	|1697	|1972	|2055	|1954	|1329	|1498	|1926	|1815	|1383	|2007	|1972	|3335	|0	|1229	|0	|2436	|1598	|2141	|2064	|2228	|1915	|2442	|0	|0	|2463	|2146	|1931	|2190	|2017	|1938	|1985	|
________________________________________________________
28	|520	|707	|244	|592	|575	|444	|252	|507	|282	|2773	|464	|477	|464	|534	|0	|564	|3656	|2798	|2034	|3839	|3291	|2268	|2656	|2683	|3128	|1969	|1955	|16445	|2950	|2251	|3162	|3174	|3051	|2809	|3081	|2773	|2744	|2783	|2927	|2459	|2833	|2636	|2758	|2775	|2745	|1844	|1814	|3389	|1614	|1911	|2735	|2782	|4212	|3079	|0	|2474	|0	|2377	|3033	|3111	|2713	|2434	|2730	|2351	|2734	|2643	|3041	|2591	|2871	|2707	|2712	|2844	|
________________________________________________________
29	|487	|428	|294	|355	|545	|381	|402	|456	|367	|473	|365	|0	|2416	|396	|276	|517	|3250	|2417	|1913	|2301	|3059	|1598	|2536	|2455	|2741	|1760	|2190	|2950	|14717	|1681	|2813	|2864	|2637	|2480	|2958	|2453	|2440	|2309	|2560	|2183	|2528	|2311	|2416	|2518	|2367	|1664	|1802	|1910	|2678	|1662	|2433	|2440	|3683	|2714	|2121	|0	|1737	|0	|2782	|2774	|2407	|2084	|2549	|1944	|2365	|2362	|2670	|2322	|2572	|2410	|2353	|2561	|
________________________________________________________
30	|370	|413	|193	|303	|390	|307	|261	|381	|218	|404	|291	|390	|271	|282	|0	|0	|2561	|1844	|1389	|2272	|1894	|1631	|1641	|2008	|2073	|1328	|1602	|2251	|1681	|11096	|2036	|2114	|2025	|1890	|2094	|1870	|1611	|2153	|2234	|1852	|2335	|1842	|1826	|2238	|1827	|1282	|1277	|1836	|1492	|1495	|1866	|2052	|2853	|2055	|1623	|2440	|0	|1105	|0	|2148	|1842	|1639	|1878	|1570	|1689	|2099	|2288	|1980	|2286	|0	|0	|2300	|
________________________________________________________
31	|543	|588	|293	|477	|490	|522	|360	|613	|377	|574	|452	|621	|408	|2720	|635	|363	|3691	|2800	|2085	|3325	|2916	|2032	|3170	|3084	|3147	|1996	|2159	|3162	|2813	|2036	|16545	|3486	|3086	|2782	|3163	|2868	|2836	|2801	|2926	|2432	|2775	|2720	|2785	|2805	|2757	|1837	|1864	|2723	|2202	|1921	|3602	|2349	|4306	|3218	|2260	|3466	|3280	|0	|1986	|0	|2740	|2507	|2706	|2388	|2642	|2732	|2960	|2616	|2801	|2882	|2756	|2765	|
________________________________________________________
32	|538	|650	|312	|481	|478	|320	|417	|405	|385	|542	|475	|651	|509	|561	|643	|0	|3712	|2803	|2134	|3346	|2884	|2029	|1988	|3226	|3162	|2091	|2168	|3174	|2864	|2114	|3486	|16698	|3065	|2923	|3133	|2843	|2890	|2730	|2949	|2482	|2791	|2685	|2836	|2721	|2730	|1932	|1918	|2766	|2308	|2184	|2380	|3587	|4322	|3134	|2254	|3571	|3313	|2378	|0	|1466	|2778	|2481	|2746	|2342	|2726	|2689	|3041	|2667	|2838	|2923	|2761	|2709	|
________________________________________________________
33	|729	|758	|0	|610	|518	|324	|331	|629	|400	|593	|449	|660	|444	|479	|533	|531	|3989	|3036	|2828	|3603	|3056	|2130	|2995	|2999	|3105	|1962	|2505	|3051	|2637	|2025	|3086	|3065	|18358	|3458	|4132	|3442	|3512	|3461	|3787	|1854	|3147	|2939	|2949	|3134	|3063	|2034	|2443	|3041	|2411	|2440	|3145	|3053	|4184	|3067	|2527	|3492	|3141	|2079	|3061	|3012	|2716	|0	|3491	|2917	|3370	|3418	|4318	|2590	|3178	|3024	|3135	|3063	|
________________________________________________________
34	|550	|3768	|247	|552	|458	|521	|475	|501	|360	|534	|451	|654	|401	|444	|512	|498	|3779	|2870	|2157	|3768	|2930	|2064	|2706	|2792	|2845	|1758	|2238	|2809	|2480	|1890	|2782	|2923	|3458	|17035	|3616	|3271	|3223	|3267	|3457	|2976	|2952	|2802	|2875	|2878	|2817	|1921	|0	|2823	|2241	|1950	|2801	|2817	|3904	|2818	|2343	|3233	|2851	|1998	|2827	|2797	|0	|2289	|3238	|2695	|3127	|3218	|2751	|3596	|2892	|2874	|2871	|2928	|
________________________________________________________
35	|3220	|684	|383	|441	|626	|456	|458	|712	|474	|605	|0	|717	|479	|374	|504	|622	|4163	|3220	|2446	|3840	|3350	|2075	|3237	|3132	|3124	|2056	|2679	|3081	|2958	|2094	|3163	|3133	|4132	|3616	|19128	|3565	|3714	|3560	|3372	|2832	|3610	|2298	|3198	|3211	|3062	|2096	|0	|3118	|2614	|2264	|3251	|3094	|4338	|3227	|2850	|3324	|3346	|2451	|3172	|3189	|3624	|3198	|2788	|0	|3635	|3591	|3466	|3143	|4146	|2843	|3202	|3170	|
________________________________________________________
36	|605	|801	|339	|0	|590	|515	|365	|446	|324	|2773	|348	|721	|407	|527	|672	|520	|3662	|2767	|2564	|3572	|2984	|2241	|2816	|2818	|2778	|1771	|1971	|2773	|2453	|1870	|2868	|2843	|3442	|3271	|3565	|16861	|3273	|3211	|3004	|2574	|3176	|3113	|2773	|2825	|2837	|1861	|2266	|2697	|2194	|1891	|2811	|2780	|3861	|2772	|0	|3200	|2812	|2005	|2807	|2778	|3134	|2856	|0	|2065	|3310	|3254	|3090	|2844	|2478	|3794	|2847	|2867	|
________________________________________________________
37	|654	|739	|348	|496	|466	|435	|404	|502	|1908	|485	|472	|483	|461	|433	|545	|656	|3637	|2779	|2371	|3470	|2836	|2047	|2753	|2809	|2765	|1908	|1925	|2744	|2440	|1611	|2836	|2890	|3512	|3223	|3714	|3273	|16716	|3080	|2985	|2519	|2776	|2719	|3180	|1965	|2796	|1922	|2040	|2729	|2196	|1984	|2749	|2785	|3786	|2811	|0	|3119	|2903	|1984	|2831	|2830	|3212	|2812	|3112	|2716	|2453	|0	|3081	|2717	|2844	|2960	|3628	|2413	|
________________________________________________________
38	|618	|714	|320	|497	|492	|477	|340	|447	|344	|573	|524	|0	|447	|558	|487	|390	|3617	|2735	|2313	|3414	|2826	|2029	|2705	|2821	|2724	|1739	|2515	|2783	|2309	|2153	|2801	|2730	|3461	|3267	|3560	|3211	|3080	|16660	|2994	|2525	|2859	|2770	|3184	|3193	|2810	|1930	|1978	|2740	|2142	|1921	|2694	|2759	|3773	|2799	|2394	|3042	|2749	|1926	|2643	|2698	|3134	|2863	|3022	|2707	|0	|2465	|3053	|2707	|2821	|2777	|2374	|3601	|
________________________________________________________
39	|631	|761	|258	|467	|624	|474	|0	|630	|306	|502	|406	|605	|490	|535	|609	|617	|3995	|2996	|2478	|3556	|3024	|2658	|2852	|2877	|2909	|1824	|2094	|2927	|2560	|2234	|2926	|2949	|3787	|3457	|3372	|3004	|2985	|2994	|17661	|2776	|3422	|3205	|3323	|3326	|2856	|2043	|1896	|2930	|2415	|2535	|2859	|2826	|4061	|2950	|2202	|3357	|3004	|2445	|2925	|2891	|3829	|2168	|2891	|2495	|2853	|2918	|3178	|0	|3485	|3399	|3403	|3388	|
________________________________________________________
40	|428	|691	|354	|427	|437	|2708	|263	|534	|291	|412	|349	|537	|369	|439	|522	|529	|3330	|2507	|1583	|3063	|2587	|1912	|2708	|2451	|2543	|1600	|1797	|2459	|2183	|1852	|2432	|2482	|1854	|2976	|2832	|2574	|2519	|2525	|2776	|15106	|2900	|2731	|2813	|2850	|2479	|1702	|1659	|2493	|2022	|0	|2494	|2453	|3403	|2574	|1803	|2837	|2604	|2081	|2599	|2517	|1949	|3149	|2571	|2172	|2504	|2490	|0	|2008	|2965	|2892	|2854	|2883	|
________________________________________________________
41	|616	|607	|276	|615	|2940	|474	|446	|462	|352	|535	|341	|532	|531	|503	|0	|596	|3755	|2824	|2123	|3373	|2940	|2123	|2857	|2804	|2804	|1791	|2250	|2833	|2528	|2335	|2775	|2791	|3147	|2952	|3610	|3176	|2776	|2859	|3422	|2900	|17011	|3101	|3268	|3310	|2858	|1867	|1887	|2771	|2208	|0	|2787	|2787	|3822	|2807	|2129	|3137	|2886	|2387	|2774	|2759	|2811	|2487	|3594	|2015	|2740	|2753	|3510	|3115	|2584	|0	|3233	|3304	|
________________________________________________________
42	|405	|651	|313	|386	|505	|543	|448	|0	|256	|503	|576	|489	|364	|2720	|421	|564	|3508	|2714	|2092	|3364	|2726	|2422	|2714	|2638	|2713	|1749	|1697	|2636	|2311	|1842	|2720	|2685	|2939	|2802	|2298	|3113	|2719	|2770	|3205	|2731	|3101	|16198	|3036	|3172	|2628	|1837	|1951	|2726	|2204	|2318	|2680	|2661	|3665	|2739	|1935	|3019	|2739	|0	|2701	|2696	|2647	|2336	|2235	|3205	|2702	|2761	|3333	|2965	|0	|2341	|3080	|3152	|
________________________________________________________
43	|541	|636	|282	|470	|557	|503	|456	|520	|339	|468	|368	|713	|2416	|431	|596	|436	|3715	|2691	|2076	|3339	|2867	|2299	|2776	|2767	|2760	|1705	|1972	|2758	|2416	|1826	|2785	|2836	|2949	|2875	|3198	|2773	|3180	|3184	|3323	|2813	|3268	|3036	|16636	|3261	|2712	|1879	|1795	|2805	|2278	|2146	|2678	|2738	|3899	|2812	|1994	|3088	|2884	|0	|2665	|2756	|2678	|2509	|2746	|2335	|3568	|2403	|3503	|3047	|3206	|3190	|2413	|0	|
________________________________________________________
44	|532	|642	|306	|422	|586	|530	|442	|572	|238	|478	|475	|466	|504	|583	|626	|0	|3714	|2842	|2141	|3390	|2946	|2305	|2874	|2816	|2786	|1749	|2055	|2775	|2518	|2238	|2805	|2721	|3134	|2878	|3211	|2825	|1965	|3193	|3326	|2850	|3310	|3172	|3261	|16851	|2820	|1916	|1873	|2793	|2261	|2184	|2819	|2726	|3900	|2831	|2320	|3107	|2840	|2398	|2707	|2628	|2767	|2457	|2800	|2405	|2380	|3634	|3502	|3072	|3200	|3233	|0	|2428	|
________________________________________________________
45	|0	|742	|350	|539	|530	|509	|387	|586	|194	|456	|454	|629	|395	|479	|486	|507	|3256	|0	|2441	|3797	|3213	|2281	|3112	|3066	|3356	|1127	|1954	|2745	|2367	|1827	|2757	|2730	|3063	|2817	|3062	|2837	|2796	|2810	|2856	|2479	|2858	|2628	|2712	|2820	|16530	|2306	|2216	|3139	|2482	|2152	|3174	|3163	|4307	|3241	|2168	|3116	|2791	|1927	|2798	|2811	|2708	|2493	|2696	|2297	|2689	|2668	|2971	|2666	|2827	|2784	|2733	|2810	|
________________________________________________________
46	|290	|503	|1713	|309	|399	|383	|310	|383	|312	|310	|326	|360	|273	|289	|381	|327	|0	|1530	|0	|2628	|2259	|1580	|2154	|2107	|1551	|1720	|1329	|1844	|1664	|1282	|1837	|1932	|2034	|1921	|2096	|1861	|1922	|1930	|2043	|1702	|1867	|1837	|1879	|1916	|2306	|11308	|1200	|2155	|1738	|1502	|2131	|2174	|2032	|2285	|1278	|2135	|2019	|1366	|1825	|1877	|1910	|1713	|1849	|1615	|1950	|1921	|2087	|1864	|1927	|1992	|1879	|1937	|
________________________________________________________
47	|0	|0	|166	|279	|418	|350	|313	|313	|227	|363	|308	|377	|313	|314	|477	|292	|2995	|0	|1184	|0	|2265	|1578	|2052	|2020	|1770	|1120	|1498	|1814	|1802	|1277	|1864	|1918	|2443	|0	|0	|2266	|2040	|1978	|1896	|1659	|1887	|1951	|1795	|1873	|2216	|1200	|10975	|1813	|1796	|1509	|1927	|2056	|2513	|1863	|1579	|1867	|2081	|1367	|1747	|1799	|2221	|1609	|1790	|1971	|1968	|2015	|2073	|1803	|1648	|2033	|1802	|1768	|
________________________________________________________
48	|668	|539	|288	|2721	|0	|544	|444	|596	|291	|530	|422	|677	|299	|438	|600	|560	|4196	|3185	|0	|2861	|0	|2422	|3120	|3084	|2737	|1751	|1926	|3389	|1910	|1836	|2723	|2766	|3041	|2823	|3118	|2697	|2729	|2740	|2930	|2493	|2771	|2726	|2805	|2793	|3139	|2155	|1813	|16566	|2665	|2392	|3141	|3095	|3815	|2816	|2034	|3608	|3332	|2166	|2741	|2814	|2716	|2480	|2721	|2384	|2779	|2719	|3065	|2673	|2813	|2839	|2737	|2820	|
________________________________________________________
49	|518	|0	|282	|460	|284	|434	|2225	|405	|264	|269	|293	|330	|453	|362	|430	|361	|3329	|2565	|2070	|0	|1833	|0	|2547	|2590	|2205	|1436	|1815	|1614	|2678	|1492	|2202	|2308	|2411	|2241	|2614	|2194	|2196	|2142	|2415	|2022	|2208	|2204	|2278	|2261	|2482	|1738	|1796	|2665	|13466	|1595	|2523	|2558	|3170	|2249	|1670	|1842	|2767	|1469	|2223	|2189	|2164	|1973	|2177	|1831	|2212	|2203	|2423	|2225	|2369	|2222	|2213	|2187	|
________________________________________________________
50	|451	|525	|205	|382	|0	|0	|259	|367	|206	|319	|293	|372	|295	|390	|455	|399	|2964	|2176	|1659	|2886	|0	|1285	|0	|2345	|1921	|1152	|1383	|1911	|1662	|1495	|1921	|2184	|2440	|1950	|2264	|1891	|1984	|1921	|2535	|0	|0	|2318	|2146	|2184	|2152	|1502	|1509	|2392	|1595	|11662	|2028	|2377	|2630	|2000	|1492	|2154	|2021	|1624	|1747	|2085	|2231	|1455	|1947	|1650	|1915	|1936	|2563	|1925	|2027	|2450	|2202	|2195	|
________________________________________________________
51	|616	|679	|334	|547	|603	|362	|352	|2946	|297	|442	|383	|527	|363	|590	|472	|552	|4140	|3199	|2308	|3796	|3303	|0	|2182	|0	|2776	|1728	|2007	|2735	|2433	|1866	|3602	|2380	|3145	|2801	|3251	|2811	|2749	|2694	|2859	|2494	|2787	|2680	|2678	|2819	|3174	|2131	|1927	|3141	|2523	|2028	|16557	|3323	|3799	|2735	|2057	|2995	|2803	|1944	|3136	|3003	|2675	|2525	|2770	|2308	|2759	|2790	|2926	|2676	|2946	|2764	|2690	|2775	|
________________________________________________________
52	|583	|747	|330	|518	|560	|0	|465	|613	|320	|457	|402	|550	|446	|338	|480	|352	|4186	|3168	|2295	|3821	|3260	|2499	|0	|1330	|2750	|1800	|1972	|2782	|2440	|2052	|2349	|3587	|3053	|2817	|3094	|2780	|2785	|2759	|2826	|2453	|2787	|2661	|2738	|2726	|3163	|2174	|2056	|3095	|2558	|2377	|3323	|16659	|3667	|2859	|2041	|3033	|2841	|1955	|1985	|3149	|2798	|2612	|2724	|2397	|2688	|2722	|2954	|2662	|2824	|2791	|2796	|2801	|
________________________________________________________
53	|633	|905	|321	|603	|664	|601	|501	|642	|0	|768	|618	|850	|624	|709	|734	|735	|5498	|3219	|2982	|4585	|4021	|2747	|3743	|3834	|3301	|0	|3335	|4212	|3683	|2853	|4306	|4322	|4184	|3904	|4338	|3861	|3786	|3773	|4061	|3403	|3822	|3665	|3899	|3900	|4307	|2032	|2513	|3815	|3170	|2630	|3799	|3667	|22743	|4366	|3103	|4941	|4337	|3025	|4225	|4281	|3737	|3430	|3688	|3227	|3720	|3682	|4203	|3599	|3871	|3815	|3770	|3824	|
________________________________________________________
54	|649	|623	|349	|454	|461	|466	|388	|479	|200	|573	|2343	|587	|457	|501	|575	|557	|3316	|3395	|2028	|3377	|2899	|2009	|2743	|2748	|0	|1131	|0	|3079	|2714	|2055	|3218	|3134	|3067	|2818	|3227	|2772	|2811	|2799	|2950	|2574	|2807	|2739	|2812	|2831	|3241	|2285	|1863	|2816	|2249	|2000	|2735	|2859	|4366	|16748	|2100	|3572	|3305	|2255	|3106	|3091	|2809	|2539	|2735	|2343	|2820	|2662	|3070	|2785	|2811	|2871	|2834	|2782	|
________________________________________________________
55	|468	|510	|255	|396	|351	|319	|287	|375	|0	|0	|280	|376	|355	|375	|435	|373	|2936	|2003	|1669	|2477	|2104	|1490	|2027	|1975	|2432	|0	|1229	|0	|2121	|1623	|2260	|2254	|2527	|2343	|2850	|0	|0	|2394	|2202	|1803	|2129	|1935	|1994	|2320	|2168	|1278	|1579	|2034	|1670	|1492	|2057	|2041	|3103	|2100	|12296	|2321	|2570	|1742	|2288	|2281	|2216	|2061	|2448	|1789	|2043	|2474	|2257	|1945	|2121	|1987	|1789	|2257	|
________________________________________________________
56	|577	|843	|296	|521	|464	|534	|320	|495	|431	|411	|485	|3298	|0	|604	|676	|632	|4012	|3111	|2232	|4395	|2660	|2432	|3046	|3094	|3600	|2325	|0	|2474	|0	|2440	|3466	|3571	|3492	|3233	|3324	|3200	|3119	|3042	|3357	|2837	|3137	|3019	|3088	|3107	|3116	|2135	|1867	|3608	|1842	|2154	|2995	|3033	|4941	|3572	|2321	|18467	|3861	|2570	|3496	|3436	|3128	|2854	|2819	|2804	|3298	|2925	|3397	|3019	|3045	|3182	|3039	|3161	|
________________________________________________________
57	|544	|563	|362	|545	|625	|520	|438	|486	|425	|0	|541	|690	|288	|572	|3030	|534	|3693	|2810	|2087	|2988	|3651	|2154	|2832	|2791	|3281	|2115	|2436	|0	|1737	|0	|3280	|3313	|3141	|2851	|3346	|2812	|2903	|2749	|3004	|2604	|2886	|2739	|2884	|2840	|2791	|2019	|2081	|3332	|2767	|2021	|2803	|2841	|4337	|3305	|2570	|3861	|17146	|2144	|3243	|3215	|2821	|2537	|2919	|2484	|2720	|2780	|3148	|2777	|2997	|3030	|2954	|2790	|
________________________________________________________
58	|442	|441	|199	|457	|428	|376	|289	|435	|256	|398	|323	|505	|0	|0	|365	|364	|2571	|2039	|1429	|2521	|2114	|1594	|1997	|1974	|2152	|1431	|1598	|2377	|0	|1105	|0	|2378	|2079	|1998	|2451	|2005	|1984	|1926	|2445	|2081	|2387	|0	|0	|2398	|1927	|1366	|1367	|2166	|1469	|1624	|1944	|1955	|3025	|2255	|1742	|2570	|2144	|11941	|2106	|2312	|1993	|1756	|2157	|1553	|1997	|1884	|2459	|2102	|2463	|2042	|2033	|2381	|
________________________________________________________
59	|540	|642	|265	|430	|508	|607	|339	|540	|352	|488	|450	|621	|488	|337	|499	|2969	|3603	|2774	|2044	|3353	|2905	|1975	|3389	|2373	|3144	|1998	|2141	|3033	|2782	|0	|1986	|0	|3061	|2827	|3172	|2807	|2831	|2643	|2925	|2599	|2774	|2701	|2665	|2707	|2798	|1825	|1747	|2741	|2223	|1747	|3136	|1985	|4225	|3106	|2288	|3496	|3243	|2106	|16505	|3474	|2764	|2484	|2716	|2408	|2760	|2704	|3072	|2703	|2799	|2789	|2969	|2677	|
________________________________________________________
60	|558	|610	|291	|451	|490	|403	|411	|554	|362	|537	|437	|598	|493	|0	|626	|616	|3596	|2724	|2102	|3347	|2835	|2103	|2431	|3498	|3097	|2045	|2064	|3111	|2774	|2148	|0	|1466	|3012	|2797	|3189	|2778	|2830	|2698	|2891	|2517	|2759	|2696	|2756	|2628	|2811	|1877	|1799	|2814	|2189	|2085	|3003	|3149	|4281	|3091	|2281	|3436	|3215	|2312	|3474	|16543	|2740	|2523	|2707	|2309	|2699	|2673	|2913	|2621	|2788	|2855	|2657	|2713	|
________________________________________________________
61	|667	|0	|331	|586	|464	|344	|438	|526	|338	|483	|459	|581	|384	|443	|477	|507	|3683	|2731	|2529	|3267	|2724	|2028	|2694	|2746	|2729	|1802	|2228	|2713	|2407	|1842	|2740	|2778	|2716	|0	|3624	|3134	|3212	|3134	|3829	|1949	|2811	|2647	|2678	|2767	|2708	|1910	|2221	|2716	|2164	|2231	|2675	|2798	|3737	|2809	|2216	|3128	|2821	|1993	|2764	|2740	|16565	|2742	|3146	|2734	|3047	|3025	|3471	|3154	|2824	|2765	|2720	|2784	|
________________________________________________________
62	|542	|517	|1713	|413	|443	|559	|388	|398	|329	|470	|409	|556	|359	|405	|428	|453	|3304	|2448	|0	|3029	|2618	|1872	|2538	|2550	|2411	|1565	|1915	|2434	|2084	|1639	|2507	|2481	|0	|2289	|3198	|2856	|2812	|2863	|2168	|3149	|2487	|2336	|2509	|2457	|2493	|1713	|1609	|2480	|1973	|1455	|2525	|2612	|3430	|2539	|2061	|2854	|2537	|1756	|2484	|2523	|2742	|14975	|2892	|2374	|2792	|2789	|1873	|2796	|2569	|2491	|2475	|2527	|
________________________________________________________
63	|469	|730	|283	|2721	|646	|452	|368	|548	|362	|0	|426	|595	|449	|352	|620	|494	|3545	|2807	|0	|3242	|2888	|2029	|2669	|2665	|2700	|1768	|2442	|2730	|2549	|1878	|2706	|2746	|3491	|3238	|2788	|0	|3112	|3022	|2891	|2571	|3594	|2235	|2746	|2800	|2696	|1849	|1790	|2721	|2177	|1947	|2770	|2724	|3688	|2735	|2448	|2819	|2919	|2157	|2716	|2707	|3146	|2892	|16514	|2695	|3014	|2949	|2925	|2673	|3222	|3178	|2737	|2820	|
________________________________________________________
64	|0	|664	|319	|442	|364	|449	|314	|252	|280	|341	|2343	|495	|310	|562	|497	|399	|3113	|2349	|2203	|2941	|2400	|1909	|2306	|2293	|2392	|1436	|0	|2351	|1944	|1570	|2388	|2342	|2917	|2695	|0	|2065	|2716	|2707	|2495	|2172	|2015	|3205	|2335	|2405	|2297	|1615	|1971	|2384	|1831	|1650	|2308	|2397	|3227	|2343	|1789	|2804	|2484	|1553	|2408	|2309	|2734	|2374	|2695	|14175	|2567	|2649	|2691	|2284	|1508	|2829	|2444	|2403	|
________________________________________________________
65	|624	|672	|322	|513	|448	|432	|379	|522	|291	|561	|381	|3298	|517	|428	|447	|568	|3613	|2795	|2247	|3374	|2795	|2010	|2765	|2740	|2705	|1746	|0	|2734	|2365	|1689	|2642	|2726	|3370	|3127	|3635	|3310	|2453	|0	|2853	|2504	|2740	|2702	|3568	|2380	|2689	|1950	|1968	|2779	|2212	|1915	|2759	|2688	|3720	|2820	|2043	|3298	|2720	|1997	|2760	|2699	|3047	|2792	|3014	|2567	|16482	|2958	|3027	|2617	|2869	|2809	|3139	|3228	|
________________________________________________________
66	|577	|676	|317	|471	|454	|494	|351	|480	|0	|576	|466	|595	|325	|561	|446	|339	|3531	|2680	|2268	|3325	|2779	|2009	|2758	|2681	|2615	|1746	|2463	|2643	|2362	|2099	|2732	|2689	|3418	|3218	|3591	|3254	|0	|2465	|2918	|2490	|2753	|2761	|2403	|3634	|2668	|1921	|2015	|2719	|2203	|1936	|2790	|2722	|3682	|2662	|2474	|2925	|2780	|1884	|2704	|2673	|3025	|2789	|2949	|2649	|2958	|16443	|3037	|2629	|2736	|2702	|1910	|3122	|
________________________________________________________
67	|644	|603	|210	|516	|627	|0	|467	|607	|337	|496	|441	|605	|527	|542	|619	|590	|4023	|3049	|2635	|3753	|3125	|2785	|2879	|2960	|3015	|1899	|2146	|3041	|2670	|2288	|2960	|3041	|4318	|2751	|3466	|3090	|3081	|3053	|3178	|0	|3510	|3333	|3503	|3502	|2971	|2087	|2073	|3065	|2423	|2563	|2926	|2954	|4203	|3070	|2257	|3397	|3148	|2459	|3072	|2913	|3471	|1873	|2925	|2691	|3027	|3037	|18304	|3406	|3611	|3529	|3457	|3504	|
________________________________________________________
68	|563	|819	|319	|425	|550	|356	|2225	|526	|308	|436	|399	|530	|460	|474	|561	|569	|3503	|2714	|2046	|3267	|2734	|0	|2643	|2717	|2667	|1744	|1931	|2591	|2322	|1980	|2616	|2667	|2590	|3596	|3143	|2844	|2717	|2707	|0	|2008	|3115	|2965	|3047	|3072	|2666	|1864	|1803	|2673	|2225	|1925	|2676	|2662	|3599	|2785	|1945	|3019	|2777	|2102	|2703	|2621	|3154	|2796	|2673	|2284	|2617	|2629	|3406	|16154	|3163	|3142	|3085	|3031	|
________________________________________________________
69	|669	|591	|263	|515	|481	|559	|396	|2946	|372	|417	|232	|544	|519	|0	|593	|585	|3809	|2885	|2111	|3444	|3039	|0	|2846	|2795	|2778	|1776	|2190	|2871	|2572	|2286	|2801	|2838	|3178	|2892	|4146	|2478	|2844	|2821	|3485	|2965	|2584	|0	|3206	|3200	|2827	|1927	|1648	|2813	|2369	|2027	|2946	|2824	|3871	|2811	|2121	|3045	|2997	|2463	|2799	|2788	|2824	|2569	|3222	|1508	|2869	|2736	|3611	|3163	|17073	|3311	|3211	|3247	|
________________________________________________________
70	|494	|638	|333	|540	|0	|537	|447	|578	|335	|619	|503	|582	|481	|425	|3030	|516	|3584	|2850	|2054	|3464	|2836	|2507	|2797	|2783	|2790	|1796	|2017	|2707	|2410	|0	|2882	|2923	|3024	|2874	|2843	|3794	|2960	|2777	|3399	|2892	|0	|2341	|3190	|3233	|2784	|1992	|2033	|2839	|2222	|2450	|2764	|2791	|3815	|2871	|1987	|3182	|3030	|2042	|2789	|2855	|2765	|2491	|3178	|2829	|2809	|2702	|3529	|3142	|3311	|16905	|3188	|3245	|
________________________________________________________
71	|566	|627	|261	|453	|547	|525	|420	|579	|415	|468	|355	|661	|317	|541	|511	|2969	|3622	|2781	|2079	|3297	|2873	|2325	|2812	|2646	|2803	|1765	|1938	|2712	|2353	|0	|2756	|2761	|3135	|2871	|3202	|2847	|3628	|2374	|3403	|2854	|3233	|3080	|2413	|0	|2733	|1879	|1802	|2737	|2213	|2202	|2690	|2796	|3770	|2834	|1789	|3039	|2954	|2033	|2969	|2657	|2720	|2475	|2737	|2444	|3139	|1910	|3457	|3085	|3211	|3188	|16642	|3188	|
________________________________________________________
72	|517	|642	|295	|484	|566	|503	|383	|582	|304	|500	|462	|657	|0	|555	|610	|571	|3773	|2844	|2045	|3440	|2888	|2292	|2744	|2719	|2813	|1830	|1985	|2844	|2561	|2300	|2765	|2709	|3063	|2928	|3170	|2867	|2413	|3601	|3388	|2883	|3304	|3152	|0	|2428	|2810	|1937	|1768	|2820	|2187	|2195	|2775	|2801	|3824	|2782	|2257	|3161	|2790	|2381	|2677	|2713	|2784	|2527	|2820	|2403	|3228	|3122	|3504	|3031	|3247	|3245	|3188	|16783	|
________________________________________________________
