0	|1	|2	|3	|4	|5	|6	|7	|8	|9	|10	|11	|12	|13	|14	|15	|16	|17	|18	|19	|20	|21	|22	|23	|24	|25	|26	|27	|28	|29	|30	|31	|32	|33	|34	|35	|36	|37	|38	|39	|40	|41	|42	|43	|44	|45	|46	|47	|48	|49	|50	|51	|52	|53	|54	|55	|56	|57	|58	|59	|60	|61	|62	|63	|64	|65	|66	|67	|68	|69	|70	|71	|72	|
1	|100	|3,08	|1,74	|3,32	|4,17	|2,5	|2,59	|3,84	|3,05	|3,05	|0	|3,32	|2,68	|2,04	|2,62	|2,89	|23,43	|100	|12,77	|20,02	|21,27	|14,32	|18,31	|18,34	|19,84	|13,8	|13,92	|16,67	|14,87	|11,43	|17,31	|15,87	|22,21	|16,61	|100	|18,71	|17,85	|17,89	|19,26	|11,82	|19,44	|12,86	|16,45	|16,24	|0	|9,51	|0	|20,66	|15,36	|13,22	|19,13	|18,31	|19,5	|19,8	|14,29	|17,58	|16,82	|12,55	|16,54	|17	|19,41	|16,06	|15,02	|0	|18,53	|19,17	|21,36	|15,97	|20,57	|15,75	|16,45	|16,61	|
________________________________________________________
2	|2,83	|100	|1,8	|2,89	|3,14	|3,73	|0	|3,87	|1,54	|3,42	|2,98	|4,57	|1,8	|3,06	|2,75	|2,47	|24,36	|16,9	|12,38	|100	|19,09	|13,67	|18,41	|18,44	|17,65	|8,73	|12,97	|18,1	|11,37	|10,92	|16,92	|17,12	|18,83	|100	|18,66	|20,91	|18,38	|19,81	|18,24	|16,95	|16,73	|17,09	|16,33	|17,96	|20,26	|14,2	|0	|14,9	|0	|13,72	|20,04	|18,21	|24,92	|17,46	|13,22	|21,78	|15,18	|12,15	|16,22	|15,83	|0	|13,05	|19,84	|18,44	|18,92	|18,94	|16,42	|21,7	|16,56	|16,33	|15,94	|15,97	|
________________________________________________________
3	|3,35	|3,76	|100	|2,06	|4,82	|4,7	|3,58	|2,82	|3,05	|4,46	|2,41	|3,35	|3,05	|3,29	|3,88	|2,52	|0	|14,39	|0	|26,48	|22,14	|14,03	|19,2	|20,61	|12,1	|15,33	|13,74	|18,14	|17,09	|11,63	|17,03	|17,03	|0	|14,39	|22,31	|21,26	|19,08	|17,73	|13,33	|20,14	|19,26	|19,55	|16,27	|17,09	|18,32	|100	|12,27	|17,32	|15,44	|12,98	|18,73	|18,61	|17,56	|18,03	|11,92	|17,73	|19,44	|11,63	|14,39	|19,03	|19,14	|100	|16,03	|17,26	|20,2	|19,03	|11,92	|20,43	|14,74	|19,44	|15,97	|16,85	|
________________________________________________________
4	|3,98	|3,76	|1,28	|100	|0	|3,14	|2,23	|4,12	|2,37	|0	|2,48	|4,78	|1,86	|2,12	|4,6	|4,01	|26,93	|19,96	|0	|17,19	|0	|14,93	|19,09	|19,23	|17,52	|10,99	|14,09	|21,61	|12,48	|10,8	|15,84	|17,08	|20,51	|20,91	|17,55	|0	|18,76	|17,77	|17,26	|14,82	|22,04	|14,85	|17,19	|16,24	|19,93	|11,31	|11,82	|100	|15,36	|14,12	|19,2	|19,45	|21,68	|16,82	|15	|20,73	|21,09	|16,9	|17,15	|17,52	|19,93	|15,15	|100	|15,55	|18,69	|18,25	|18,69	|16,75	|17,34	|19,34	|17,63	|15,62	|
________________________________________________________
5	|4,5	|3,68	|2,7	|0	|100	|2,1	|2,24	|3,62	|2,6	|3,88	|1,91	|3,32	|3,06	|2,86	|0	|3,45	|23,08	|18,67	|14,63	|24,72	|100	|11,8	|17	|21,07	|17	|10,29	|17,23	|18,24	|15,45	|14	|17,06	|16,86	|16,14	|16,01	|21,7	|19,86	|15,32	|15,19	|20,97	|15,61	|100	|19,2	|19,3	|18,54	|20,02	|14,92	|13,64	|0	|9,8	|0	|19,63	|19	|21,73	|16,47	|12,56	|16,34	|21,1	|15,06	|16,86	|16,07	|16,37	|15,42	|20,81	|11,57	|16,54	|15,84	|22,16	|18,7	|15,42	|0	|19,36	|19,36	|
________________________________________________________
6	|3,06	|4,97	|2,99	|3,21	|2,39	|100	|1,87	|3,55	|1,91	|4	|2,69	|3,62	|3,55	|4,26	|3,96	|5,08	|25,14	|18,79	|12,92	|24,43	|17,22	|11,47	|100	|21,03	|16,7	|11,13	|12,59	|17,41	|14,31	|10,76	|20,06	|12,78	|12,22	|18,45	|17,52	|18,42	|15,76	|16,25	|17,63	|100	|17,07	|19,46	|19,35	|19,57	|18,01	|13,78	|13,49	|19,35	|15,47	|0	|13,97	|0	|23,61	|16,81	|13,19	|20,06	|18,04	|13,97	|20,62	|13,63	|12,7	|20,84	|16,32	|15,91	|16,03	|16,7	|0	|12,96	|20,99	|21,89	|20,88	|18,83	|
________________________________________________________
7	|3,99	|0	|2,87	|2,87	|3,2	|2,35	|100	|3,1	|2,3	|2,4	|2,4	|2,82	|3,24	|3,95	|4,46	|2,91	|24,34	|18,7	|14,85	|0	|14,85	|0	|20,11	|20,82	|15,7	|10,34	|13,63	|13,16	|18,42	|12,97	|17,2	|18,19	|14,43	|23,03	|19,74	|17,62	|17,2	|16,12	|0	|12,41	|19,78	|20,25	|18,33	|17,34	|18,28	|12,69	|14,85	|19,6	|100	|11,18	|16,87	|21,38	|22,84	|15,93	|12,31	|14,52	|20,39	|13,49	|14,71	|17,39	|18,52	|18,47	|15,51	|15,23	|14,71	|15,6	|19,08	|100	|17,95	|20,3	|18,14	|18,23	|
________________________________________________________
8	|4,19	|4,59	|1,6	|3,76	|3,66	|3,16	|2,19	|100	|2,13	|2,59	|1,56	|2,86	|2,63	|0	|3,39	|3,99	|25,09	|19,21	|14,59	|24,46	|21,97	|0	|12,76	|0	|17,51	|10,5	|11,83	|16,95	|14,79	|13,92	|22,17	|14,62	|19,47	|16,52	|23,99	|15,05	|17,58	|16,78	|21,07	|17,31	|14,82	|0	|18,48	|18,84	|18,41	|13,76	|11,4	|20,01	|13,76	|11,07	|100	|21	|23,16	|17,25	|11,4	|17,51	|15,69	|13,79	|18,08	|18,31	|20,51	|13,46	|18,38	|8,97	|16,02	|15,19	|23,76	|17,71	|100	|20,31	|17,68	|19,08	|
________________________________________________________
9	|5,12	|2,81	|2,66	|3,32	|4,04	|2,61	|2,51	|3,27	|100	|2,56	|1,99	|3,53	|3,32	|2,56	|3,53	|3,89	|16,62	|22,76	|12,58	|17,39	|18,82	|13,09	|15,4	|16,73	|22,71	|100	|11,92	|16,62	|17,29	|11,51	|19,69	|18,82	|20,46	|18,36	|22,76	|16,57	|100	|18,47	|17,24	|16,16	|19,39	|15,7	|18,82	|11,76	|10,9	|16,32	|12,89	|15,96	|15,09	|11,66	|15,09	|16,52	|0	|10,69	|0	|23,99	|20,2	|13,25	|18,41	|18,77	|18,47	|17,08	|20,56	|15,81	|14,22	|0	|19,39	|16,21	|18,41	|16,83	|21,79	|12,74	|
________________________________________________________
10	|3,55	|4,33	|2,7	|0	|4,19	|3,8	|1,81	|2,77	|1,77	|100	|2,84	|3,69	|3,19	|3,94	|0	|3,02	|21,36	|16,08	|15,15	|22,57	|19,91	|16,39	|16,11	|15,29	|19,02	|10,57	|10,79	|100	|18,84	|14,83	|20,37	|19,52	|21,36	|18,7	|20,58	|100	|17,35	|21,4	|17,74	|14,98	|20,12	|18,81	|16,11	|16,89	|16,96	|12,49	|14,19	|20,79	|10,4	|11,82	|16,04	|16,18	|28,64	|20,26	|0	|14,83	|0	|13,8	|18,45	|19,48	|18,56	|16,47	|0	|13,09	|19,3	|21,04	|19,2	|16,71	|15,4	|21,19	|15,61	|17,85	|
________________________________________________________
11	|0	|4,52	|1,75	|2,9	|2,47	|3,07	|2,17	|2	|1,66	|3,41	|100	|3,54	|1,83	|4,39	|3,79	|2,34	|20,08	|19,69	|15,3	|21,7	|17,52	|14,19	|16,79	|15,64	|0	|6,78	|0	|19,91	|15,56	|13,77	|18,71	|18,71	|20,89	|19,52	|0	|16,24	|20,29	|19,65	|17,39	|14,83	|14,36	|23,53	|16,41	|19,69	|20,72	|13,94	|13,3	|15,69	|12,87	|10,91	|16,88	|17,09	|28,05	|100	|11,3	|20,8	|19,48	|12,49	|19,61	|20,46	|18,8	|15,73	|17,14	|100	|16,03	|19,95	|18,33	|15,6	|11,55	|20,12	|13,09	|19,1	|
________________________________________________________
12	|3,28	|4,91	|1,72	|3,95	|3,04	|2,92	|1,81	|2,59	|2,08	|3,13	|2,5	|100	|0	|3,62	|3,53	|4,34	|22,33	|16	|13,53	|23,26	|14,34	|12,65	|15,52	|16,57	|19,89	|12,2	|0	|12,23	|0	|14,25	|19,55	|19,16	|20,25	|19,4	|21,48	|22,99	|15,91	|0	|17,69	|15,16	|17,48	|17,32	|21,36	|14,19	|18,2	|10,36	|12,77	|19,46	|10,3	|12,08	|16,06	|15,73	|24,47	|16,75	|11,54	|100	|20,04	|13,98	|18,56	|17,57	|18,32	|17,75	|18,89	|15,28	|100	|17,35	|19,43	|16,78	|16,21	|16,51	|20,07	|19,98	|
________________________________________________________
13	|3,59	|2,61	|2,12	|2,08	|3,79	|3,88	|2,82	|3,22	|2,65	|3,67	|1,75	|0	|100	|2,41	|2,12	|3,47	|21,38	|16,69	|12,04	|16,52	|19,67	|12,48	|16,4	|18,97	|19,01	|12,97	|14,24	|19,95	|100	|10,49	|16,16	|21,91	|17,95	|16,28	|20,89	|18,65	|20,07	|18,52	|19,05	|17,67	|20,4	|17,38	|100	|19,01	|17,58	|11,59	|12,2	|12,04	|16,97	|13,79	|16,4	|17,01	|26,48	|17,5	|12,89	|0	|11,63	|0	|20,03	|20,77	|15,26	|16,12	|17,1	|12,97	|21,87	|13,83	|21,66	|19,67	|20,07	|19,99	|14,81	|0	|
________________________________________________________
14	|2,44	|3,98	|2,04	|2,12	|3,17	|4,16	|3,06	|0	|1,82	|4,05	|3,76	|4,38	|2,15	|100	|3,32	|2,77	|21,77	|17,29	|12,22	|19,66	|15,28	|14,33	|19,95	|18,31	|19,62	|13,27	|11,93	|18,6	|14,44	|10,98	|100	|21,3	|17,98	|16,7	|13,09	|19,88	|14,99	|17,94	|20,35	|17,36	|19,73	|100	|17,87	|20,97	|16,27	|11,49	|12,65	|18,34	|12,98	|13,93	|21,37	|14,15	|24,8	|18,31	|14,04	|22,36	|20,35	|0	|13,27	|0	|14,88	|14,33	|13,57	|18,89	|16,45	|19,44	|20,46	|18,93	|0	|14,19	|20,71	|20,9	|
________________________________________________________
15	|2,86	|3,26	|2,2	|4,19	|0	|3,53	|3,16	|3,39	|2,3	|0	|2,96	|3,89	|1,73	|3,03	|100	|2,53	|23,19	|16,7	|10,65	|18,46	|22,02	|16,03	|16,8	|17,07	|19,33	|11,71	|13,57	|0	|10,38	|0	|21,79	|20,99	|17,37	|15,74	|16,63	|21,99	|17,03	|16,07	|19,83	|16,7	|0	|14,14	|19,96	|20,06	|16,73	|11,24	|16,93	|19,73	|15,04	|12,84	|16,4	|15,93	|26,28	|18,63	|15,1	|22,49	|100	|11,24	|15,9	|20,56	|16,07	|14,7	|19,83	|16,37	|16,33	|16,23	|20,16	|17,6	|19,23	|100	|18,36	|20,83	|
________________________________________________________
16	|3,16	|2,93	|1,43	|3,66	|3,49	|4,52	|2,06	|3,99	|2,53	|2,83	|1,83	|4,79	|2,83	|2,53	|2,53	|100	|21,66	|16,37	|12,71	|20,66	|16,27	|12,74	|22,29	|14,6	|18,2	|12,18	|12,51	|19,33	|18,16	|0	|12,74	|0	|17,56	|15,04	|19,69	|17,2	|21,46	|13,77	|19,86	|17,43	|20,56	|19,1	|13,94	|0	|15,57	|11,04	|11,58	|17,9	|12,51	|12,61	|18,86	|11,28	|25,12	|18,63	|12,34	|21,86	|18,26	|12,24	|100	|21,66	|16,97	|14,57	|17,03	|12,21	|19,59	|11,64	|20,96	|17,76	|19,83	|16,83	|100	|18,5	|
________________________________________________________
17	|3,49	|3,94	|0	|3,35	|3,19	|3,05	|2,35	|3,43	|1,47	|2,73	|2,14	|3,36	|2,38	|2,71	|3,16	|2,95	|100	|18,8	|13,98	|22,54	|19,37	|13,92	|18,22	|18,44	|18,49	|8,3	|11,66	|16,67	|14,62	|11,34	|16,78	|17,11	|18,05	|16,91	|18,66	|16,93	|15,73	|16,32	|17,33	|14,88	|17,03	|16,19	|16,54	|16,49	|14,33	|0	|13,85	|18,94	|14,46	|12,76	|19,08	|19,1	|24,94	|14,98	|13,24	|18,64	|17,46	|12,06	|16,5	|17,19	|16,31	|14,43	|16,72	|13,95	|16,7	|16,84	|18,98	|16,27	|17,44	|16,85	|16,8	|16,92	|
________________________________________________________
18	|19,58	|3,59	|1,46	|3,26	|3,39	|3	|2,37	|3,45	|2,66	|2,7	|2,76	|3,17	|2,44	|2,83	|3	|2,94	|24,72	|100	|12,29	|23,28	|19,37	|13,97	|18,44	|19,1	|20,01	|14,39	|12,08	|16,62	|14,52	|11,09	|17,1	|16,85	|18	|16,61	|19,58	|17,2	|16,09	|16,13	|17,4	|14,3	|17,15	|16,57	|16,35	|16,89	|0	|9,07	|0	|19,29	|14,58	|12,96	|18,74	|19,36	|19,03	|19,3	|11,89	|18,16	|17,3	|11,49	|16,44	|16,89	|16,7	|14,73	|16,55	|14,03	|16,72	|16,77	|19,12	|15,81	|17,01	|16,72	|16,94	|16,65	|
________________________________________________________
19	|3,42	|3,6	|0	|0	|3,63	|2,82	|2,58	|3,58	|2,01	|3,48	|2,93	|3,66	|2,41	|2,73	|2,61	|3,12	|25,12	|16,8	|100	|20,59	|21,19	|15,43	|18,44	|18,25	|18,1	|9,3	|13,95	|16,64	|14,4	|11,19	|16,55	|16,88	|22,39	|17,55	|19,23	|20,54	|18,17	|18,46	|19,91	|13,28	|16,64	|16,14	|16,59	|16,83	|20,31	|0	|9,53	|0	|15,97	|12,77	|19,33	|18,4	|23,83	|16,97	|13,26	|18,38	|16,47	|12,09	|16,9	|17,04	|19,8	|0	|0	|17,42	|18,67	|18,73	|20,66	|16,41	|16,82	|16,76	|16,3	|17,13	|
________________________________________________________
20	|3,28	|17,78	|2,25	|2,35	|3,75	|3,26	|0	|3,67	|1,7	|3,17	|2,54	|3,85	|2,02	|2,69	|2,77	|3,1	|24,79	|19,47	|12,6	|100	|20,22	|13,91	|18,22	|18,57	|17,45	|10,52	|10,8	|18,81	|11,71	|11,19	|16,63	|17,18	|17,6	|17,78	|18,86	|17,06	|16,84	|16,68	|16,93	|14,96	|17,54	|16,12	|17,02	|16,77	|19,25	|13,52	|0	|14,44	|0	|13,79	|19,02	|18,82	|22,61	|16,76	|12,16	|21,61	|15,01	|12,82	|16,32	|16,61	|15,94	|14,63	|16,41	|14,55	|16,89	|16,7	|18,87	|16,03	|17,16	|16,87	|17,07	|16,41	|
________________________________________________________
21	|4,06	|3,95	|2,19	|0	|17,67	|2,68	|1,84	|3,84	|2,14	|3,26	|2,39	|2,77	|2,8	|2,43	|3,85	|2,84	|24,8	|18,86	|15,1	|23,54	|100	|12,43	|18,87	|18,83	|16,8	|10,78	|13,02	|19,05	|17,45	|11,42	|16,55	|16,87	|17,61	|16,25	|19,32	|17,39	|16,12	|16,36	|17,71	|14,95	|17,67	|16,03	|16,56	|16,86	|19,17	|13,62	|13,23	|0	|10,16	|0	|19,5	|19,14	|22,12	|16,21	|12,16	|15,52	|20,97	|11,98	|15,94	|16,42	|16,41	|14,73	|16,38	|14,02	|16,42	|16,22	|18,84	|16,2	|17,72	|17,03	|16,51	|16,9	|
________________________________________________________
22	|3,82	|3,96	|1,94	|3,32	|2,92	|2,5	|0	|0	|2,08	|3,76	|2,71	|3,41	|2,49	|3,19	|3,92	|3,11	|24,93	|19,03	|15,38	|22,65	|17,39	|100	|16,14	|20,06	|16,5	|10,84	|12,45	|17,18	|12,76	|13,32	|16,29	|17,1	|17,89	|16,8	|17,93	|18,84	|16,37	|17,02	|21,79	|14,76	|16,9	|19,47	|19,05	|18,91	|19,2	|13,1	|12,45	|19,67	|0	|10,06	|0	|20,73	|22,83	|16,82	|12,36	|20,08	|18,3	|13,35	|15,92	|17,53	|16,73	|14,59	|16,96	|15,48	|16,71	|16,92	|22,84	|0	|0	|20,69	|18,61	|18,72	|
________________________________________________________
23	|3,68	|4,02	|2	|3,21	|3,17	|16,41	|2,62	|2,35	|1,85	|2,78	|2,42	|3,16	|2,46	|3,35	|3,1	|4,11	|24,62	|18,95	|13,86	|22,39	|19,91	|12,17	|100	|20,15	|16,71	|10,7	|11,95	|16,34	|15,31	|9,88	|20,09	|12,82	|17,94	|16,74	|19,37	|16,72	|16,11	|16,51	|16,74	|16,41	|17,37	|16,24	|16,71	|17,15	|19,27	|13,51	|12,65	|18,58	|15,41	|0	|13,44	|0	|23,44	|16,8	|12,32	|18,14	|17,2	|12,15	|20,74	|14,28	|16,36	|15,17	|16,94	|14,43	|16,24	|16,96	|17,95	|16,26	|16,93	|17,11	|17,89	|17,14	|
________________________________________________________
24	|3,61	|3,94	|2,11	|3,16	|3,85	|3,38	|2,66	|0	|1,96	|2,59	|2,2	|3,3	|2,79	|3,01	|3,08	|2,63	|24,38	|19,21	|13,43	|22,33	|19,45	|14,81	|19,72	|100	|17,13	|11,1	|11,89	|16,17	|14,71	|12,4	|19,19	|19,39	|18,49	|16,77	|19,06	|16,9	|16,48	|16,73	|17,05	|14,51	|16,83	|16,4	|16,3	|16,16	|18,47	|13,58	|12,43	|18,97	|15,2	|14,12	|0	|8,07	|22,81	|16,37	|12,44	|18,23	|16,92	|12,16	|14,26	|21,42	|16,56	|15,29	|16,61	|14,11	|16,66	|16,84	|18,23	|15,64	|16,52	|16,73	|16,88	|16,65	|
________________________________________________________
25	|3,86	|3,73	|1,22	|2,85	|3,07	|2,65	|1,98	|3,13	|2,63	|3,18	|0	|3,92	|2,77	|3,19	|3,45	|3,25	|24,18	|19,9	|13,17	|20,75	|17,16	|12,05	|16,17	|16,94	|100	|14,5	|14,59	|18,72	|16,51	|12,26	|19,39	|19,46	|18,25	|16,65	|19,03	|16,52	|16,38	|16,06	|17,74	|15,17	|17,41	|16,31	|16,51	|16,17	|19,86	|8,87	|10,88	|16,71	|12,77	|11,27	|16,65	|16,56	|18,85	|0	|14,72	|21,53	|19,27	|13,8	|18,71	|19,27	|16,71	|14,83	|16,69	|14,34	|16,06	|16,22	|18,88	|15,84	|17,09	|16,95	|17,32	|17,24	|
________________________________________________________
26	|4,19	|2,87	|2,41	|2,78	|2,89	|2,75	|2,03	|2,92	|18,07	|2,75	|1,47	|3,74	|2,94	|3,36	|3,25	|3,38	|16,91	|22,29	|10,54	|19,48	|17,15	|12,32	|16,14	|17,1	|22,59	|100	|12,2	|19,09	|16,64	|12,43	|19,5	|19,19	|18,12	|16,65	|18,7	|17,08	|18,07	|16,99	|17,68	|15,03	|16,85	|17,18	|16,99	|16,57	|11,19	|16,91	|11,14	|16,61	|12,63	|11,82	|16,27	|16,42	|0	|11,01	|0	|21,9	|18,76	|13,2	|18,79	|19,32	|16,13	|14,38	|16,85	|14,61	|16,25	|15,99	|18,38	|16,37	|17,28	|17,48	|16,8	|17,1	|
________________________________________________________
27	|3,86	|3,9	|1,98	|3,26	|4,43	|2,85	|2,45	|3,01	|1,97	|2,57	|0	|0	|2,95	|2,76	|3,45	|3,18	|21,7	|17,11	|14,45	|18,29	|18,93	|12,93	|16,46	|16,74	|20,77	|11,15	|100	|16,41	|18,3	|13,23	|18,44	|17,81	|20,15	|18,93	|22,92	|16,62	|16,16	|20,64	|17,52	|15,2	|18,85	|14,45	|16,75	|16,89	|16,41	|11,6	|12,08	|16,07	|14,83	|11,36	|16,05	|17	|27,02	|0	|10,66	|0	|20,01	|13,58	|18,25	|17,99	|18,73	|16,81	|20,86	|0	|0	|21	|18,36	|16,29	|18,87	|17,17	|16,85	|16,84	|
________________________________________________________
28	|3,3	|3,89	|1,87	|3,57	|3,35	|2,81	|1,69	|3,08	|1,96	|17,01	|2,82	|2,45	|2,95	|3,08	|0	|3,51	|22,18	|16,81	|12,31	|22,76	|19,79	|12,75	|16,09	|16,27	|19,04	|12,46	|11,73	|100	|18,54	|13,71	|18,98	|19,29	|18,7	|16,79	|19,39	|17,01	|16,11	|16,88	|17,35	|15,02	|16,88	|15,9	|16,74	|16,77	|17,11	|11,92	|11,24	|20,64	|10,36	|12,07	|16,72	|16,5	|25,65	|19,02	|0	|14,93	|0	|14,25	|18,86	|19,15	|16,04	|14,3	|16,98	|14,05	|16,39	|16,64	|19,15	|16,34	|17,68	|16,83	|16,45	|17,32	|
________________________________________________________
29	|3,31	|2,75	|1,97	|2,32	|3,19	|2,6	|2,66	|3,02	|2,29	|3,6	|2,48	|0	|16,63	|2,69	|2,12	|3,7	|21,86	|16,51	|11,98	|15,92	|20,38	|10,65	|16,94	|16,64	|18,88	|12,21	|14,7	|20,84	|100	|11,21	|18,9	|19,5	|17,93	|16,11	|20,42	|17,06	|16,13	|15,57	|17,25	|15,57	|16,49	|16,43	|16,63	|16,95	|16,85	|11,7	|12,41	|12,67	|17,12	|11,24	|16,64	|16,71	|25,57	|18,59	|14,32	|0	|11,85	|0	|18,86	|19,26	|16,03	|15,23	|17,64	|13,08	|16,11	|16,56	|18,65	|16,04	|17,14	|16,81	|16,88	|16,99	|
________________________________________________________
30	|3,32	|3,45	|1,76	|2,62	|3,78	|2,55	|2,45	|3,71	|1,99	|3,71	|2,86	|4,19	|2,28	|2,67	|0	|0	|22,16	|16,48	|12,16	|19,88	|17,43	|14,53	|14,28	|18,32	|18,32	|11,92	|13,88	|20,13	|14,65	|100	|17,7	|19,29	|18,11	|16,86	|18,8	|16,96	|14	|18,12	|19,87	|15,94	|20,19	|15,93	|16,69	|20,18	|16,78	|11,42	|11,05	|16,76	|13,69	|13,48	|16,42	|18,35	|25,78	|18,88	|14,52	|21,97	|0	|10,2	|0	|19,85	|16,52	|14,74	|16,1	|14,24	|16,34	|18,55	|20,76	|17,77	|20,6	|0	|0	|20,24	|
________________________________________________________
31	|3,39	|3,6	|1,73	|2,59	|3,1	|3,2	|2,18	|3,98	|2,3	|3,43	|2,62	|3,87	|2,36	|16,36	|3,91	|2,29	|22,07	|17,1	|12,11	|19,89	|17	|11,96	|19,55	|19,08	|19,5	|12,59	|13,03	|18,77	|16,62	|11,92	|100	|21	|18,4	|17,13	|19,04	|17,25	|16,86	|16,6	|17,57	|14,84	|17,26	|16,36	|17,04	|16,6	|16,74	|11,43	|11,26	|16,86	|12,91	|11,33	|21,89	|14,39	|25,39	|18,79	|13,68	|21,36	|19,76	|0	|12,44	|0	|16,21	|14,92	|16,93	|14,49	|16,25	|16,34	|18,31	|16,02	|16,65	|16,9	|16,68	|16,14	|
________________________________________________________
32	|3,1	|3,63	|1,72	|2,78	|3,05	|2,03	|2,3	|2,62	|2,19	|3,27	|2,61	|3,78	|3,19	|3,47	|3,75	|0	|22,42	|16,79	|12,3	|20,47	|17,26	|12,51	|12,43	|19,21	|19,49	|12,34	|12,53	|18,99	|17,08	|12,93	|20,92	|100	|18,24	|17,01	|19,03	|16,99	|17,11	|16,45	|17,68	|14,94	|17,08	|16,23	|16,64	|15,84	|16,4	|11,69	|11,25	|17,05	|12,83	|12,32	|13,93	|21,42	|25,08	|19,03	|13,81	|21,22	|19,31	|14,41	|0	|9,14	|17,05	|14,9	|16,61	|14,17	|16,36	|16,27	|18,49	|16,01	|16,82	|16,92	|16,53	|16,6	|
________________________________________________________
33	|4,03	|3,71	|0	|3,11	|2,72	|1,81	|1,7	|3,24	|2,21	|3,33	|2,71	|3,72	|2,43	|2,73	|2,89	|2,92	|21,99	|16,68	|15,19	|19,5	|16,76	|12,17	|16,18	|17,04	|17	|10,84	|13,19	|17,13	|14,61	|11,3	|17,05	|16,97	|100	|18,51	|21,72	|18,73	|19,06	|18,42	|20,6	|9,99	|16,89	|16,55	|16,88	|16,68	|16,61	|11,47	|13,57	|16,21	|12,79	|13,14	|16,43	|16,63	|22,53	|16,78	|13,74	|18,48	|16,63	|11,76	|16,95	|16,83	|15,23	|0	|18,91	|15,53	|19,03	|18,58	|23,74	|13,84	|17,12	|16,86	|17,05	|17,02	|
________________________________________________________
34	|3,21	|20,98	|1,44	|3,37	|2,87	|2,91	|2,88	|2,93	|2,11	|3,1	|2,7	|3,79	|2,35	|2,7	|2,78	|2,66	|21,94	|16,39	|12,67	|20,98	|16,47	|12,17	|16,07	|16,46	|16,52	|10,6	|13,19	|16,38	|13,98	|11,2	|16,9	|16,84	|19,71	|100	|21,43	|19,13	|18,59	|18,85	|19,91	|16,65	|16,91	|16,59	|17,03	|16,97	|16,54	|11,48	|0	|16,88	|12,92	|11,27	|16,69	|16,01	|22,97	|17,02	|13,67	|19,06	|17,02	|11,71	|16,2	|16,57	|0	|13,13	|18,9	|16,09	|19,21	|18,9	|16,77	|21,48	|17,07	|16,8	|16,3	|16,61	|
________________________________________________________
35	|17,14	|3,47	|1,98	|2,51	|3,45	|2,45	|2,19	|3,77	|2,32	|3,03	|0	|3,72	|2,67	|1,87	|2,61	|3,09	|21,47	|17,14	|12,31	|19,73	|17,37	|11,52	|16,5	|16,58	|16,74	|10,56	|14,16	|16,77	|15,71	|11,07	|16,66	|16,71	|20,5	|19	|100	|18,31	|18,21	|18,43	|17,53	|15,1	|18,92	|11,91	|16,55	|16,31	|16,37	|11,86	|0	|16,6	|13,03	|11,6	|16,71	|16,49	|23,13	|16,63	|14,94	|17,62	|17,56	|13,03	|16,73	|16,73	|19,06	|16,79	|15,04	|0	|18,61	|18,87	|18,88	|16,46	|21,59	|14,62	|16,75	|17,09	|
________________________________________________________
36	|3,59	|4,36	|2,12	|0	|3,54	|2,89	|2,2	|2,65	|1,9	|16,5	|2,23	|4,47	|2,68	|3,19	|3,87	|3,03	|21,83	|16,88	|14,75	|20,01	|17,52	|13,57	|15,97	|16,48	|16,3	|10,82	|11,51	|16,5	|14,72	|11,2	|16,92	|16,74	|19,83	|19,02	|20,53	|100	|19,25	|18,98	|17,49	|15,28	|19,58	|19,2	|16,65	|16,77	|16,6	|11,46	|13,9	|16,44	|12,63	|11,34	|16,72	|16,32	|22,96	|16,83	|0	|18,74	|16,82	|11,61	|16,61	|16,81	|18,27	|16,66	|0	|12,58	|19,65	|19	|18,58	|16,13	|14,68	|22,19	|16,93	|17,14	|
________________________________________________________
37	|3,56	|3,98	|1,97	|3,12	|2,83	|2,56	|2,22	|3,21	|11,87	|2,97	|2,89	|3,21	|2,99	|2,5	|3,11	|3,92	|21,05	|16,37	|13,53	|20,49	|16,84	|12,23	|15,96	|16,67	|16,76	|11,87	|11,62	|16,21	|14,43	|9,59	|17,16	|17,48	|20,92	|19,17	|21,18	|19,96	|100	|17,69	|17,78	|15	|16,76	|16,83	|19,38	|12,01	|16,84	|11,67	|12,9	|16,36	|13,36	|11,36	|16,52	|16,73	|22,02	|16,8	|0	|18,61	|16,98	|11,82	|16,87	|17,11	|18,81	|16,84	|18,33	|16,27	|15,43	|0	|18,8	|16,19	|17,17	|17,25	|21,93	|13,94	|
________________________________________________________
38	|3,56	|4,28	|1,83	|2,95	|2,8	|2,64	|2,08	|3,06	|2,19	|3,66	|2,8	|0	|2,75	|2,99	|2,93	|2,51	|21,82	|16,4	|13,74	|20,28	|17,09	|12,7	|16,34	|16,92	|16,42	|11,15	|14,82	|16,97	|13,92	|12,4	|16,88	|16,79	|20,21	|19,42	|21,42	|19,68	|17,67	|100	|17,63	|15,03	|16,52	|16,44	|19,06	|19,55	|16,85	|11,66	|12,37	|16,59	|12,72	|11,36	|16,72	|16,61	|21,79	|16,24	|14,43	|18,24	|16,87	|11,61	|16,32	|16,61	|19,31	|16,84	|19	|16,22	|0	|15	|18,57	|15,77	|17,02	|17,12	|14,22	|21,46	|
________________________________________________________
39	|3,59	|3,69	|1,29	|2,69	|3,62	|2,68	|0	|3,6	|1,91	|2,84	|2,32	|3,33	|2,65	|3,17	|3,38	|3,39	|21,68	|16,56	|13,86	|19,26	|17,31	|15,22	|15,51	|16,13	|16,97	|10,86	|11,78	|16,32	|14,44	|12,72	|16,72	|16,89	|21,15	|19,2	|19,06	|16,96	|16,62	|16,49	|100	|15,66	|19,42	|18,82	|19,12	|18,61	|16,85	|11,8	|11,38	|16,23	|13,16	|13,94	|16,86	|16,4	|22,45	|16,55	|12,34	|19,01	|17,43	|13,47	|16,89	|16,79	|21,48	|11,87	|16,61	|13,63	|16,68	|16,66	|18,11	|0	|19,4	|19,33	|18,91	|19,43	|
________________________________________________________
40	|2,58	|4,02	|2,28	|2,7	|3,16	|17,83	|1,76	|3,47	|2,1	|2,81	|2,32	|3,35	|2,88	|3,17	|3,34	|3,49	|21,84	|15,96	|10,85	|19,96	|17,14	|12,09	|17,83	|16,1	|17,02	|10,83	|11,98	|16,57	|15,28	|11,97	|16,56	|16,73	|12,03	|18,83	|19,26	|17,39	|16,45	|16,5	|18,37	|100	|19,11	|18,41	|19,03	|18,81	|16,91	|11,39	|11,32	|16,35	|13,07	|0	|17,21	|16,11	|22,51	|16,59	|12,29	|18,53	|17,31	|13,7	|16,39	|16,37	|13,23	|20,77	|16,29	|14,48	|16,55	|16,93	|0	|13,25	|19,3	|19,09	|19,59	|19,12	|
________________________________________________________
41	|3,75	|3,51	|1,93	|3,55	|17,89	|2,69	|2,48	|2,62	|2,23	|3,34	|1,98	|3,41	|2,94	|3,18	|0	|3,64	|22,08	|16,91	|12	|20,67	|17,89	|12,23	|16,66	|16,5	|17,25	|10,72	|13,13	|16,45	|14,29	|13,39	|17,01	|16,91	|17,97	|16,89	|21,31	|19,67	|16,24	|16,02	|20,12	|16,88	|100	|18,79	|19,05	|18,8	|16,76	|11,81	|11,38	|16,44	|13,07	|0	|16,24	|16,46	|22,62	|16,4	|12,18	|18,65	|17,51	|14,65	|16,86	|16,58	|17,19	|15,04	|21,41	|11,75	|16,48	|16,24	|21,14	|18,06	|14,94	|0	|19,11	|19,39	|
________________________________________________________
42	|2,57	|3,7	|2,02	|2,47	|3,55	|3,17	|2,62	|0	|1,87	|3,22	|3,36	|3,5	|2,59	|16,67	|2,58	|3,49	|21,69	|16,88	|12,03	|19,64	|16,78	|14,56	|16,11	|16,62	|16,71	|11,3	|10,4	|16,02	|14,72	|10,93	|16,67	|16,6	|18,19	|17,13	|13,87	|19,94	|16,85	|16,47	|20,16	|16,81	|19,42	|100	|19,27	|19,28	|16,75	|11,27	|12,35	|17,42	|13,2	|14,17	|16,65	|16,67	|22,16	|16,43	|12,18	|18,88	|16,64	|0	|16,52	|16,98	|15,84	|14,65	|14,14	|19,46	|16,84	|16,6	|20,92	|18,21	|0	|14,67	|19,18	|19,57	|
________________________________________________________
43	|3,25	|3,5	|1,66	|2,83	|3,53	|3,11	|2,34	|3,34	|2,21	|2,73	|2,31	|4,26	|14,73	|2,94	|3,61	|2,52	|21,91	|16,47	|12,22	|20,49	|17,13	|14,08	|16,38	|16,32	|16,72	|11,05	|11,92	|16,67	|14,73	|11,32	|17,16	|16,83	|18,34	|17,39	|19,05	|17,1	|19,18	|18,88	|20,24	|17,17	|19,46	|19,05	|100	|18,32	|17,19	|11,82	|11,2	|16,67	|12,57	|13,4	|16,62	|16,25	|22,37	|16,36	|12,12	|18,55	|16,73	|0	|16,47	|16,73	|16,59	|14,89	|16,82	|14,17	|21,16	|13,96	|21,3	|18,34	|18,63	|19,3	|14,38	|0	|
________________________________________________________
44	|3,2	|3,84	|1,75	|2,67	|3,39	|3,15	|2,22	|3,4	|1,38	|2,86	|2,77	|2,83	|2,8	|3,45	|3,62	|0	|21,81	|16,99	|12,39	|20,17	|17,42	|13,96	|16,79	|16,17	|16,35	|10,76	|12	|16,68	|15	|13,66	|16,7	|15,99	|18,11	|17,31	|18,75	|17,19	|11,87	|19,34	|19,67	|16,96	|19,19	|19,04	|18,3	|100	|16,93	|11,42	|10,99	|16,45	|12,79	|12,81	|16,86	|16,1	|22,92	|16,61	|13,42	|18,15	|16,57	|14,23	|16,22	|16,57	|16,31	|14,73	|16,7	|14,13	|13,84	|21,26	|21,14	|18,02	|19,4	|19,43	|0	|14,62	|
________________________________________________________
45	|0	|4,31	|1,86	|3,26	|3,64	|2,88	|2,32	|3,31	|1,27	|2,86	|2,9	|3,61	|2,57	|2,66	|3	|2,8	|18,86	|0	|14,88	|23,05	|19,71	|14,11	|18,78	|18,39	|19,99	|7,23	|11,61	|16,93	|14,84	|11,31	|16,76	|16,48	|17,94	|16,78	|18,73	|16,94	|16,57	|16,59	|17,73	|15,17	|17,02	|16,46	|17,09	|16,85	|100	|13,72	|13,29	|18,73	|14,64	|12,99	|18,77	|18,82	|26,72	|20,17	|13,05	|18,83	|17,17	|12,13	|16,7	|16,62	|16,39	|14,97	|16,52	|13,82	|16,27	|16,5	|18,5	|16,33	|16,8	|16,67	|16,14	|16,57	|
________________________________________________________
46	|2,69	|4,36	|14,68	|2,67	|3,91	|3,18	|2,33	|3,57	|2,75	|3,04	|2,82	|2,97	|2,45	|2,72	|2,91	|2,86	|0	|13,11	|0	|23,36	|20,21	|13,89	|19	|19,52	|12,88	|15,78	|11,84	|17,02	|14,87	|11,11	|16,52	|16,96	|17,88	|16,81	|19,59	|16,88	|16,57	|16,56	|17,92	|14,75	|17,31	|15,98	|16,96	|16,41	|19,81	|100	|11,34	|19,27	|14,97	|12,87	|19,04	|18,79	|18,27	|20,26	|10,21	|18,86	|16,94	|11,74	|16,47	|16,4	|17,03	|14,68	|16,64	|14,09	|16,39	|16,77	|18,16	|16,31	|17,55	|17,05	|16,63	|16,56	|
________________________________________________________
47	|0	|0	|1,88	|2,91	|3,73	|3,24	|2,84	|3,08	|2,26	|3,59	|2,8	|3,81	|2,69	|3,12	|4,57	|3,13	|27,43	|0	|10,5	|0	|20,47	|13,76	|18,55	|18,61	|16,48	|10,83	|12,85	|16,73	|16,43	|11,2	|16,96	|17	|22,04	|0	|0	|21,34	|19,09	|18,32	|18,01	|15,28	|17,39	|18,26	|16,74	|16,44	|19,99	|11,82	|100	|16,84	|16,31	|13,67	|18,43	|18,02	|22,55	|16,43	|14,36	|17,16	|18,41	|12,29	|16,27	|16,31	|20,05	|15,41	|16,56	|17,43	|18,65	|18,38	|17,93	|15,94	|14,88	|19,13	|16,98	|17,1	|
________________________________________________________
48	|4,08	|3,2	|1,78	|16,5	|0	|3,12	|2,51	|3,62	|1,88	|3,53	|2,22	|3,89	|1,78	|3,03	|3,57	|3,24	|25,13	|19,46	|0	|17,42	|0	|14,57	|18,24	|19,04	|16,95	|10,82	|11,45	|20,58	|11,24	|11,38	|17,01	|17,27	|17,65	|17,26	|19,15	|16,91	|16,22	|16,46	|17,21	|14,78	|16,83	|17,25	|16,7	|16,5	|18,88	|13,46	|11,28	|100	|15,54	|14,39	|18,78	|18,63	|22,5	|16,96	|12,38	|21,93	|20,33	|13	|16,74	|16,85	|16,46	|15,22	|16,5	|14,06	|16,6	|16,5	|18,78	|16,27	|16,89	|16,81	|17,16	|16,66	|
________________________________________________________
49	|3,85	|0	|2,01	|3,22	|2,28	|3,16	|16,25	|3,16	|2,25	|2,24	|2,31	|2,61	|3,18	|2,72	|3,45	|2,87	|24,33	|18,67	|14,95	|0	|13,36	|0	|19,2	|19,35	|16,44	|10,43	|13,4	|13,11	|19,27	|11,79	|16,53	|16,48	|17,66	|16,76	|19,06	|16,47	|16,8	|16,02	|17,7	|14,99	|16,97	|16,58	|15,97	|16,27	|18,71	|13,26	|13,86	|19,72	|100	|11,78	|19,03	|19,32	|23,29	|16,61	|12,49	|13,89	|20,16	|11,07	|16,95	|17,04	|15,53	|14,78	|16,92	|14,24	|15,64	|16,26	|18,34	|16,25	|17,38	|16,78	|16,38	|16,81	|
________________________________________________________
50	|3,77	|4,24	|1,92	|3,36	|0	|0	|2,07	|2,89	|1,98	|2,89	|2,22	|3,48	|2,93	|3,31	|3,35	|3,29	|24,41	|18,85	|13,59	|23,97	|0	|10,73	|0	|20,42	|16,48	|11,1	|11,67	|17,35	|14,38	|13,19	|16,48	|17,99	|20,62	|16,61	|19,28	|16,81	|16,23	|16,25	|21,31	|0	|0	|20,22	|19,34	|18,51	|18,86	|12,95	|13,2	|20,74	|13,38	|100	|17,15	|20,19	|22,43	|16,86	|12,34	|18,77	|16,57	|14,22	|15,59	|18,88	|18,98	|13,1	|16,83	|14	|17,34	|16,44	|22,82	|16,73	|16,82	|20,31	|18,89	|18,92	|
________________________________________________________
51	|3,74	|4,26	|1,9	|3,14	|3,56	|2,23	|2,14	|17,94	|1,76	|2,69	|2,36	|3,18	|2,4	|3,49	|2,94	|3,38	|25,06	|18,72	|14,13	|22,72	|20	|0	|13,07	|0	|16,72	|10,49	|11,33	|16,51	|14,62	|11,04	|21,86	|13,97	|17,71	|16,9	|19,08	|17,03	|16,22	|16,43	|17,7	|15,4	|16,45	|16,33	|16,48	|16,74	|18,73	|13,16	|12,23	|18,6	|14,85	|11,78	|100	|19,92	|22,56	|16,39	|12,01	|18,43	|16,43	|11,81	|19,12	|18,73	|16,62	|15,1	|16,37	|14,13	|16,49	|16,68	|18,66	|16,46	|17,94	|17,08	|16,54	|16,51	|
________________________________________________________
52	|3,61	|3,9	|1,91	|3,2	|3,48	|0	|2,74	|3,8	|1,94	|2,74	|2,41	|3,14	|2,51	|2,33	|2,88	|2,04	|25,31	|19,51	|13,56	|22,67	|19,81	|15,33	|0	|8,09	|16,78	|10,68	|12,1	|16,43	|14,8	|12,45	|14,5	|21,67	|18,08	|16,35	|18,99	|16,76	|16,57	|16,46	|17,36	|14,54	|16,83	|16,49	|16,26	|16,13	|18,94	|13,1	|12,06	|18,61	|15,21	|13,99	|20,09	|100	|22,34	|16,96	|12,42	|18,25	|16,79	|11,7	|11,75	|18,9	|16,25	|15,1	|16,93	|14,08	|16,61	|16,41	|18,01	|15,8	|16,75	|16,51	|16,26	|16,08	|
________________________________________________________
53	|2,83	|3,93	|1,32	|2,63	|2,93	|2,8	|2,15	|3,08	|0	|3,57	|2,91	|3,59	|2,87	|3,01	|3,5	|3,34	|24,33	|14,12	|12,93	|20,05	|16,85	|12,43	|16,92	|16,83	|14,06	|0	|14,16	|18,81	|16,68	|12,87	|18,83	|18,67	|18,03	|17,27	|19,61	|17,36	|16,05	|15,89	|17,5	|14,96	|17,02	|16,13	|16,47	|16,9	|19,8	|9,38	|11,11	|16,54	|13,5	|11,44	|16,75	|16,44	|100	|19,24	|13,68	|21,05	|19,24	|13,7	|18,72	|18,83	|16,75	|15,06	|16,44	|14,41	|16,86	|16,42	|18,74	|15,93	|16,8	|17,2	|16,8	|16,86	|
________________________________________________________
54	|3,91	|3,74	|1,85	|2,77	|3,02	|2,71	|2,04	|3,12	|1,26	|3,44	|14,12	|3,35	|2,58	|3,02	|3,37	|3,37	|19,87	|19,47	|12,53	|20,22	|16,8	|12,45	|16,5	|16,43	|0	|7,17	|0	|18,97	|16,49	|12,82	|18,95	|19,27	|18,27	|17,4	|19,18	|17,31	|16,66	|16,11	|17,55	|15	|16,78	|16,26	|16,38	|16,66	|20,33	|14,14	|11,01	|16,96	|13,09	|11,7	|16,55	|16,97	|26,17	|100	|11,89	|21,45	|19,27	|13,6	|19,14	|19,33	|15,92	|14,56	|16,1	|14,12	|16,81	|16,68	|18,46	|15,85	|17,31	|16,92	|16,76	|17,22	|
________________________________________________________
55	|3,86	|3,87	|1,67	|3,38	|3,14	|2,9	|2,15	|2,82	|0	|0	|2,18	|3,15	|2,6	|3,16	|3,73	|3,05	|23,98	|16,38	|13,37	|20,02	|17,21	|12,5	|16,51	|17,05	|20,39	|0	|10,37	|0	|17,34	|13,46	|18,85	|19,1	|20,43	|19,09	|23,52	|0	|0	|19,56	|17,86	|15,17	|17,02	|16,47	|16,57	|18,37	|17,96	|9,73	|13,14	|16,91	|13,44	|11,69	|16,56	|16,98	|25,41	|16,24	|100	|19,05	|20,88	|14,12	|18,15	|19,37	|18,73	|17,07	|20,96	|14,18	|16,82	|19,8	|17,94	|15,44	|16,55	|16,21	|14,83	|18,43	|
________________________________________________________
56	|3,12	|4,19	|1,63	|3,07	|2,68	|2,9	|1,67	|2,85	|2,53	|2,26	|2,63	|17,92	|0	|3,31	|3,65	|3,55	|22,17	|16,43	|12,17	|23,38	|14,43	|13,33	|15,97	|16,41	|19,59	|12,79	|0	|13,35	|0	|13,38	|19,32	|19,27	|18,04	|17,48	|18,22	|17,28	|16,55	|16,23	|18,08	|15,02	|17,12	|16,77	|16,66	|16,33	|17,02	|11,81	|10,31	|19,66	|9,81	|11,68	|16,69	|16,39	|25,68	|19,24	|12,51	|100	|20,55	|13,78	|18,75	|18,72	|17,14	|15,35	|15,32	|15,3	|17,92	|16,05	|18,54	|16,12	|16,68	|17,38	|17,3	|16,98	|
________________________________________________________
57	|3,25	|3,18	|1,95	|3,4	|3,77	|2,84	|2,55	|2,78	|2,32	|0	|2,69	|3,91	|1,68	|3,28	|17,67	|3,23	|22,62	|17,04	|11,88	|17,68	|21,22	|13,23	|16,49	|16,58	|19,09	|11,93	|13,93	|0	|10,27	|0	|19,47	|19,1	|17,68	|17	|19,78	|16,9	|16,44	|16,34	|18,05	|15,29	|17,5	|16,09	|16,36	|16,23	|16,9	|11,55	|12,05	|19,85	|15,52	|11,23	|16,21	|16,42	|25,56	|18,83	|14,93	|22,38	|100	|12,76	|18,92	|19,32	|16,06	|15	|16,97	|13,82	|16,22	|16,26	|18,44	|15,72	|16,66	|17,67	|17,24	|16,96	|
________________________________________________________
58	|3,44	|3,61	|1,65	|3,86	|3,82	|3,12	|2,39	|3,46	|2,16	|3,25	|2,44	|3,87	|0	|0	|2,82	|3,07	|22,17	|16,07	|12,37	|21,43	|17,21	|13,7	|16,53	|16,91	|19,41	|11,92	|13,42	|19,7	|0	|9,6	|0	|20,24	|17,75	|16,6	|20,83	|16,55	|16,24	|15,97	|19,8	|17,17	|20,79	|0	|0	|19,78	|16,94	|11,36	|11,42	|18,02	|12,1	|13,68	|16,53	|16,24	|25,83	|18,86	|14,34	|21,3	|18,11	|100	|17,26	|20,19	|16,32	|14,33	|17,97	|12,28	|17,31	|15,89	|20,44	|17,64	|20,14	|16,66	|17,61	|20,87	|
________________________________________________________
59	|3,29	|3,5	|1,49	|2,85	|3,11	|3,35	|1,9	|3,3	|2,18	|3,15	|2,79	|3,73	|2,98	|2,21	|2,9	|18,22	|22,05	|16,71	|12,56	|19,82	|16,63	|11,87	|20,51	|14,41	|19,11	|12,32	|13,09	|18,94	|16,85	|0	|12,64	|0	|18,58	|16,67	|19,42	|17,2	|16,84	|16,31	|18,03	|14,92	|17,37	|16,47	|16,61	|16,38	|16,94	|11,58	|10,98	|16,86	|13,45	|10,89	|19,44	|11,84	|25,63	|19,27	|13,38	|21,05	|19,51	|12,54	|100	|20,92	|16,87	|14,86	|16,53	|14	|16,19	|17,09	|18,59	|16,09	|16,89	|16,78	|18,22	|16,35	|
________________________________________________________
60	|3,33	|3,37	|1,94	|2,87	|2,92	|2,18	|2,21	|3,29	|2,19	|3,28	|2,87	|3,48	|3,04	|0	|3,69	|3,89	|22,64	|16,91	|12,49	|19,88	|16,88	|12,89	|13,91	|21,33	|19,4	|12,49	|12,73	|18,96	|16,96	|13,38	|0	|9,19	|18,19	|16,81	|19,15	|17,16	|16,84	|16,35	|17,67	|14,69	|16,84	|16,69	|16,63	|16,49	|16,62	|11,36	|10,84	|16,72	|13,33	|13	|18,77	|18,78	|25,42	|19,19	|14,08	|20,72	|19,63	|14,46	|20,62	|100	|16,74	|15	|16,14	|14,54	|16,13	|16,36	|18,9	|15,51	|16,7	|16,91	|16,69	|16,68	|
________________________________________________________
61	|3,85	|0	|1,97	|3,3	|3,01	|2,06	|2,38	|3,73	|2,18	|3,16	|2,67	|3,68	|2,26	|2,47	|2,92	|3,08	|21,74	|16,93	|14,68	|19,31	|17,08	|12,44	|16,13	|16,69	|17,03	|10,55	|13,41	|16,07	|14,28	|11,27	|16,43	|17,34	|16,65	|0	|22,08	|18,87	|18,73	|19,24	|22,88	|12,01	|17,68	|15,75	|16,69	|16,42	|16,59	|11,94	|13,49	|16,53	|12,29	|13,23	|16,87	|16,35	|22,88	|15,99	|13,78	|19,2	|16,52	|11,83	|16,83	|16,94	|100	|16,46	|19,1	|15,93	|18,67	|19,04	|21,77	|18,76	|17,64	|16,47	|16,95	|17,01	|
________________________________________________________
62	|3,54	|3,12	|11,44	|2,79	|3,15	|3,75	|2,64	|2,72	|2,24	|3,12	|2,48	|3,96	|2,65	|2,64	|2,97	|2,94	|21,37	|16,59	|0	|19,69	|17,04	|12,06	|16,62	|17,13	|16,79	|10,46	|13,37	|15,92	|15,08	|11,17	|16,8	|16,85	|0	|14,98	|21,61	|19,12	|18,63	|18,65	|14,05	|20,96	|17,18	|16,19	|16,65	|16,49	|16,84	|11,44	|11,52	|16,99	|13	|10,15	|17,03	|16,88	|22,87	|16,25	|13,95	|19,1	|17,14	|11,54	|16,48	|16,87	|18,29	|100	|19,4	|16,42	|18,85	|19	|12,44	|18,81	|17,19	|16,65	|16,89	|16,11	|
________________________________________________________
63	|2,97	|4,25	|1,64	|16,49	|3,81	|2,63	|1,99	|3,33	|2,42	|0	|2,42	|3,77	|2,52	|2,24	|3,59	|3,08	|22,18	|16,69	|0	|19,79	|16,97	|12,56	|16,63	|16,66	|16,92	|10,97	|14,86	|16,93	|15,65	|10,93	|17,07	|16,81	|20,58	|19,32	|17,33	|0	|18,17	|18,85	|17,61	|14,72	|21,9	|14	|16,84	|16,74	|16,64	|11,61	|11,09	|16,49	|13,33	|11,67	|16,53	|16,94	|22,35	|16,1	|15,35	|17,08	|17,37	|12,96	|16,41	|16,25	|19,01	|17,37	|100	|15,6	|18,69	|18,52	|18,76	|15,86	|19,04	|19,35	|16,54	|16,5	|
________________________________________________________
64	|0	|4,64	|2,08	|3,01	|2,49	|3,01	|2,29	|1,91	|2,18	|2,61	|16,58	|3,58	|2,25	|3,66	|3,48	|2,59	|21,74	|16,62	|15,1	|20,61	|17,06	|13,46	|16,63	|16,63	|17,08	|11,18	|0	|16,45	|13,62	|11,35	|17,16	|16,84	|19,85	|19,32	|0	|15,19	|18,94	|18,89	|16,97	|15,37	|14,12	|22,63	|16,66	|16,64	|16,35	|11,55	|13,71	|16,51	|13,18	|11,41	|16,75	|16,55	|23,01	|16,58	|12,19	|20,03	|16,61	|10,41	|16,32	|17,2	|18,62	|17,28	|18,33	|100	|18,86	|18,65	|18,21	|16,47	|11,05	|19,79	|16,77	|16,51	|
________________________________________________________
65	|3,66	|4,06	|2,07	|3,09	|3,03	|2,59	|1,89	|2,9	|1,68	|3,28	|2,27	|20	|3,23	|2,72	|2,96	|3,55	|22,18	|16,88	|13,79	|20,39	|17,03	|12,39	|15,96	|16,73	|16,31	|10,59	|0	|16,37	|14,31	|11,11	|16,41	|16,59	|20,74	|19,66	|21,48	|20,22	|15,31	|0	|17,7	|14,97	|16,88	|16,69	|21,22	|13,89	|16,41	|11,46	|12,51	|16,61	|12,34	|12,04	|16,67	|16,65	|22,95	|16,82	|12,33	|20	|16,63	|12,5	|16,1	|16,27	|18,6	|16,91	|18,71	|16,08	|100	|17,77	|18,63	|16,41	|16,5	|16,85	|19,11	|19,9	|
________________________________________________________
66	|3,79	|4,06	|1,95	|3,01	|2,9	|2,69	|2	|2,75	|0	|3,57	|2,82	|3,47	|2,04	|3,21	|2,94	|2,11	|22,34	|16,92	|13,83	|20,15	|16,81	|12,53	|16,65	|16,9	|16,46	|10,42	|14,97	|16,6	|14,69	|12,6	|16,48	|16,48	|20,22	|19,33	|21,76	|19,54	|0	|14,88	|17,66	|15,3	|16,62	|16,44	|13,98	|21,32	|16,63	|11,71	|12,32	|16,5	|12,82	|11,41	|16,85	|16,43	|22,33	|16,68	|14,5	|17,9	|16,65	|11,46	|16,98	|16,48	|18,96	|17,03	|18,53	|15,88	|17,75	|100	|18,75	|15,86	|16,51	|17,2	|11,64	|19,49	|
________________________________________________________
67	|3,77	|3,15	|1,09	|2,76	|3,63	|0	|2,19	|3,85	|2,04	|2,91	|2,31	|3,47	|2,86	|3,02	|3,26	|3,39	|22,51	|17,25	|13,64	|20,36	|17,46	|15,13	|15,76	|16,36	|17,13	|10,71	|11,7	|17,08	|14,8	|12,61	|16,52	|16,75	|23,11	|15,34	|19,47	|17,09	|16,67	|16,48	|17,17	|0	|19,34	|18,52	|19,08	|18,96	|16,67	|11,34	|10,74	|16,79	|12,93	|14,16	|16,85	|16,12	|22,8	|16,51	|11,75	|18,49	|16,89	|13,19	|16,51	|17,03	|19,38	|9,97	|16,78	|13,87	|16,64	|16,76	|100	|17,91	|19,68	|19,01	|19,05	|19,3	|
________________________________________________________
68	|3,26	|4,81	|2,17	|2,86	|3,54	|2,16	|13,24	|3,32	|1,97	|2,93	|2,28	|3,47	|3	|3,23	|3,29	|3,32	|22,31	|16,49	|12,52	|20	|17,36	|0	|16,5	|16,22	|16,61	|11,02	|12	|16,85	|14,71	|12,47	|16,7	|16,77	|15,57	|22,71	|19,62	|17,15	|16,6	|16,18	|0	|12,38	|19,11	|18,64	|18,99	|18,68	|17,02	|11,77	|11,04	|16,82	|13,24	|12	|17,18	|16,36	|22,4	|16,39	|11,69	|18,58	|16,64	|13,16	|16,52	|16,16	|19,31	|17,42	|16,41	|14,5	|16,95	|16,39	|20,71	|100	|19,82	|18,99	|18,94	|18,75	|
________________________________________________________
69	|3,98	|3,48	|1,48	|2,8	|2,77	|3,31	|2,25	|17,74	|2,12	|2,56	|1,6	|3,17	|2,9	|0	|3,41	|3,51	|22,66	|16,81	|12,16	|20,28	|17,98	|0	|16,28	|16,24	|16,98	|11,03	|13,17	|17,27	|14,89	|13,7	|16,46	|16,69	|18,25	|17,1	|24,38	|14,79	|16,67	|16,54	|20,15	|17,09	|14,97	|0	|18,28	|19,05	|16,58	|12	|9,76	|16,54	|13,41	|11,43	|17,74	|16,43	|22,38	|16,95	|11,87	|18,21	|16,71	|14,23	|16,43	|16,48	|17,2	|15,08	|18,65	|9,22	|16,14	|16,17	|21,55	|18,77	|100	|19,55	|18,58	|19,02	|
________________________________________________________
70	|3,06	|3,44	|1,96	|3,14	|0	|3,47	|2,56	|3,62	|1,95	|3,53	|2,79	|3,24	|2,9	|2,3	|17,79	|2,99	|21,97	|16,58	|12,16	|20	|17,35	|15,06	|16,51	|16,5	|16,9	|11,19	|12,03	|16,5	|14,66	|0	|16,76	|16,85	|18,03	|16,88	|16,57	|22,42	|16,81	|16,69	|20,14	|16,96	|0	|14,27	|19	|19,15	|16,51	|11,7	|12,6	|16,52	|13	|13,85	|16,96	|16,25	|23	|16,63	|11,67	|19,05	|17,79	|11,82	|16,38	|16,75	|16,12	|14,66	|19,02	|16,56	|16,55	|16,9	|20,89	|18,05	|19,62	|100	|19,45	|19,11	|
________________________________________________________
71	|3,21	|3,38	|1,62	|2,87	|3,5	|3,32	|2,3	|3,16	|2,53	|2,62	|1,83	|3,96	|2,16	|3,38	|3,28	|17,88	|22,02	|16,88	|11,89	|20,34	|16,9	|13,62	|17,35	|16,74	|17,36	|10,81	|11,86	|16,21	|14,8	|0	|16,63	|16,54	|18,33	|16,46	|19,08	|17,2	|21,48	|13,94	|19,81	|17,5	|19,32	|18,76	|14,23	|0	|16,06	|11,47	|11,24	|16,96	|12,76	|12,95	|16,5	|16,08	|22,58	|16,56	|10,73	|19,05	|17,44	|12,55	|17,88	|16,62	|16,67	|14,94	|16,34	|14,11	|18,86	|11,5	|21,05	|18,1	|18,75	|19,55	|100	|19,54	|
________________________________________________________
72	|3,24	|3,39	|1,71	|2,55	|3,51	|3	|2,31	|3,42	|1,48	|2,99	|2,67	|3,95	|0	|3,41	|3,73	|3,31	|22,19	|16,6	|12,5	|19,57	|17,31	|13,71	|16,63	|16,51	|17,29	|11,01	|11,86	|17,07	|14,9	|13,59	|16,1	|16,62	|18,32	|16,79	|19,48	|17,43	|13,66	|21,05	|20,37	|17,09	|19,62	|19,16	|0	|14,49	|16,5	|11,43	|11,33	|16,47	|13,1	|12,97	|16,48	|15,91	|22,67	|17,02	|13,34	|18,72	|17,16	|14,88	|16,05	|16,62	|16,74	|14,27	|16,32	|13,9	|19,66	|19,27	|21,34	|17,93	|19,2	|19,22	|19,55	|100	|
________________________________________________________
