0	|1	|2	|3	|4	|5	|6	|7	|8	|9	|10	|11	|12	|13	|14	|15	|16	|17	|18	|19	|20	|21	|22	|23	|24	|25	|26	|27	|28	|29	|30	|31	|32	|33	|34	|35	|36	|37	|38	|39	|40	|41	|42	|43	|44	|45	|46	|47	|48	|49	|50	|51	|52	|53	|54	|55	|56	|57	|58	|59	|60	|61	|62	|63	|64	|65	|66	|67	|68	|69	|70	|71	|72	|
1	|3270	|99	|49	|101	|146	|68	|72	|135	|106	|97	|0	|124	|87	|67	|72	|98	|800	|3270	|430	|679	|716	|428	|609	|590	|644	|448	|473	|586	|500	|378	|562	|531	|716	|562	|3270	|600	|652	|567	|642	|400	|648	|407	|551	|537	|0	|284	|0	|639	|526	|426	|618	|635	|623	|643	|463	|582	|553	|401	|557	|553	|664	|583	|504	|0	|610	|589	|654	|557	|683	|441	|546	|524	|
________________________________________________________
2	|99	|3707	|60	|111	|132	|116	|0	|135	|80	|166	|119	|130	|74	|95	|94	|113	|966	|599	|495	|3707	|698	|547	|691	|677	|642	|345	|439	|699	|425	|390	|586	|608	|727	|3707	|715	|790	|709	|689	|724	|636	|611	|622	|608	|622	|778	|458	|0	|533	|0	|525	|694	|661	|882	|610	|479	|812	|584	|483	|615	|604	|0	|467	|686	|672	|660	|692	|655	|811	|623	|637	|610	|600	|
________________________________________________________
3	|49	|60	|1705	|40	|66	|78	|46	|54	|43	|57	|52	|59	|46	|70	|59	|52	|0	|229	|0	|450	|352	|260	|328	|303	|223	|264	|244	|278	|300	|196	|310	|289	|0	|212	|400	|343	|280	|306	|219	|377	|294	|341	|281	|317	|340	|1705	|177	|290	|268	|212	|355	|309	|315	|319	|229	|301	|306	|201	|270	|271	|298	|1705	|274	|294	|317	|345	|229	|291	|250	|335	|256	|307	|
________________________________________________________
4	|101	|111	|40	|2763	|0	|87	|70	|110	|63	|0	|79	|129	|55	|70	|116	|96	|765	|561	|0	|497	|0	|445	|513	|532	|490	|277	|418	|558	|329	|294	|466	|443	|620	|604	|468	|0	|478	|471	|466	|381	|581	|450	|477	|486	|560	|296	|290	|2763	|449	|405	|496	|567	|592	|432	|428	|574	|576	|460	|414	|448	|527	|421	|2763	|471	|539	|533	|512	|467	|504	|577	|479	|447	|
________________________________________________________
5	|146	|132	|66	|0	|2964	|66	|48	|101	|87	|109	|54	|79	|85	|83	|0	|102	|669	|578	|440	|701	|2964	|317	|514	|604	|473	|324	|520	|591	|510	|386	|495	|463	|549	|490	|647	|578	|467	|453	|659	|408	|2964	|548	|569	|564	|554	|385	|376	|0	|288	|0	|640	|564	|694	|488	|351	|492	|636	|407	|518	|496	|467	|462	|601	|369	|458	|459	|638	|542	|455	|0	|577	|539	|
________________________________________________________
6	|68	|116	|78	|87	|66	|2694	|60	|72	|50	|121	|66	|94	|56	|103	|94	|94	|636	|501	|347	|587	|445	|339	|2694	|553	|434	|267	|328	|517	|330	|300	|538	|340	|300	|482	|474	|534	|456	|456	|478	|2694	|457	|543	|495	|526	|520	|390	|343	|505	|414	|0	|335	|0	|616	|434	|292	|535	|452	|355	|529	|392	|362	|577	|426	|418	|443	|432	|0	|338	|557	|528	|506	|524	|
________________________________________________________
7	|72	|0	|46	|70	|48	|60	|2077	|53	|33	|48	|49	|63	|88	|59	|87	|68	|540	|369	|326	|0	|297	|0	|429	|408	|336	|211	|276	|276	|443	|243	|379	|356	|309	|462	|382	|357	|336	|333	|0	|220	|416	|382	|405	|384	|386	|263	|292	|402	|2077	|239	|355	|464	|479	|334	|252	|284	|411	|260	|356	|387	|408	|339	|349	|285	|361	|352	|415	|2077	|350	|431	|378	|362	|
________________________________________________________
8	|135	|135	|54	|110	|101	|72	|53	|2946	|73	|65	|48	|110	|80	|0	|95	|118	|736	|563	|398	|716	|613	|0	|393	|0	|483	|310	|412	|477	|415	|387	|630	|408	|685	|515	|661	|427	|490	|515	|643	|494	|443	|0	|560	|604	|550	|403	|346	|593	|370	|375	|2946	|568	|684	|484	|358	|538	|475	|464	|577	|563	|578	|373	|595	|297	|496	|490	|730	|503	|2946	|588	|537	|547	|
________________________________________________________
9	|106	|80	|43	|63	|87	|50	|33	|73	|1907	|50	|36	|84	|59	|56	|60	|101	|318	|455	|237	|363	|388	|218	|322	|293	|436	|1907	|239	|311	|338	|233	|380	|335	|417	|373	|431	|343	|1907	|309	|328	|259	|379	|298	|350	|242	|207	|301	|230	|314	|296	|199	|336	|311	|0	|198	|0	|463	|382	|265	|365	|373	|371	|296	|386	|316	|260	|0	|369	|293	|379	|317	|430	|250	|
________________________________________________________
10	|97	|166	|57	|0	|109	|121	|48	|65	|50	|2916	|73	|103	|77	|109	|0	|99	|609	|447	|424	|662	|554	|514	|463	|457	|595	|308	|306	|2916	|536	|397	|553	|579	|599	|581	|616	|2916	|496	|615	|507	|439	|558	|541	|472	|512	|489	|324	|394	|602	|307	|331	|500	|457	|818	|561	|0	|456	|0	|416	|535	|562	|542	|468	|0	|366	|615	|585	|498	|473	|427	|606	|461	|493	|
________________________________________________________
11	|0	|119	|52	|79	|54	|66	|49	|48	|36	|73	|2313	|70	|78	|99	|99	|57	|499	|439	|325	|450	|384	|324	|367	|361	|0	|166	|0	|476	|414	|309	|412	|463	|470	|465	|0	|356	|429	|491	|412	|326	|322	|561	|399	|428	|459	|295	|371	|391	|293	|302	|391	|378	|609	|2313	|274	|432	|469	|308	|434	|444	|422	|366	|432	|2313	|367	|502	|471	|365	|248	|467	|339	|414	|
________________________________________________________
12	|124	|130	|59	|129	|79	|94	|63	|110	|84	|103	|70	|3366	|0	|110	|126	|123	|781	|546	|476	|766	|450	|453	|546	|549	|693	|425	|0	|450	|0	|426	|605	|652	|672	|661	|754	|701	|533	|0	|562	|524	|535	|549	|761	|462	|595	|354	|421	|686	|349	|381	|576	|525	|837	|520	|389	|3366	|675	|478	|633	|654	|645	|641	|650	|504	|3366	|625	|656	|539	|570	|582	|640	|639	|
________________________________________________________
13	|87	|74	|46	|55	|85	|56	|88	|80	|59	|77	|78	|0	|2449	|50	|57	|73	|550	|411	|316	|365	|454	|312	|347	|436	|454	|289	|365	|515	|2449	|280	|367	|529	|434	|412	|494	|375	|471	|461	|487	|437	|517	|409	|2449	|468	|408	|276	|279	|337	|455	|316	|404	|475	|655	|478	|366	|0	|273	|0	|510	|516	|410	|340	|446	|315	|571	|341	|530	|437	|506	|494	|320	|0	|
________________________________________________________
14	|67	|95	|70	|70	|83	|103	|59	|0	|56	|109	|99	|110	|50	|2684	|79	|72	|575	|433	|290	|517	|442	|374	|490	|510	|497	|338	|319	|557	|399	|330	|2684	|569	|484	|448	|418	|561	|408	|505	|532	|445	|509	|2684	|457	|526	|466	|324	|321	|501	|347	|381	|569	|367	|655	|526	|368	|637	|549	|0	|337	|0	|464	|419	|368	|510	|424	|539	|544	|494	|0	|382	|532	|537	|
________________________________________________________
15	|72	|94	|59	|116	|0	|94	|87	|95	|60	|0	|99	|126	|57	|79	|2946	|79	|610	|483	|362	|524	|608	|450	|457	|512	|567	|320	|421	|0	|299	|0	|595	|610	|519	|496	|468	|622	|482	|438	|599	|501	|0	|435	|583	|617	|471	|306	|504	|588	|461	|430	|479	|454	|798	|521	|452	|690	|2946	|375	|490	|611	|462	|392	|551	|494	|477	|493	|598	|556	|583	|2946	|508	|569	|
________________________________________________________
16	|98	|113	|52	|96	|102	|94	|68	|118	|101	|99	|57	|123	|73	|72	|79	|3009	|711	|502	|352	|657	|521	|394	|621	|411	|579	|393	|419	|576	|525	|0	|378	|0	|529	|510	|600	|534	|653	|469	|603	|463	|604	|583	|462	|0	|509	|356	|329	|544	|376	|385	|628	|359	|745	|575	|408	|685	|536	|355	|3009	|663	|524	|428	|533	|346	|540	|326	|654	|554	|612	|516	|3009	|585	|
________________________________________________________
17	|800	|966	|0	|765	|669	|636	|540	|736	|318	|609	|499	|781	|550	|575	|610	|711	|21911	|4084	|3091	|4963	|4094	|3018	|4174	|4044	|4084	|1771	|2718	|3672	|3199	|2455	|3602	|3543	|3923	|3743	|4122	|3693	|3614	|3497	|3886	|3306	|3724	|3576	|3680	|3622	|3195	|0	|3003	|4230	|3383	|2937	|4225	|4194	|5494	|3210	|2844	|4158	|3696	|2686	|3746	|3747	|3672	|3351	|3711	|3085	|3672	|3636	|3994	|3464	|3782	|3637	|3731	|3525	|
________________________________________________________
18	|3270	|599	|229	|561	|578	|501	|369	|563	|455	|447	|439	|546	|411	|433	|483	|502	|4084	|16620	|1990	|3794	|3214	|2308	|3160	|3111	|3321	|2295	|2015	|2868	|2439	|1855	|2838	|2743	|3077	|2742	|3270	|2794	|2737	|2611	|2914	|2460	|2896	|2734	|2808	|2780	|0	|1515	|0	|3185	|2468	|2184	|3113	|3176	|3127	|3265	|1967	|3077	|2744	|2013	|2796	|2714	|2779	|2588	|2775	|2252	|2733	|2780	|3039	|2643	|2774	|2739	|2809	|2678	|
________________________________________________________
19	|430	|495	|0	|0	|440	|347	|326	|398	|237	|424	|325	|476	|316	|290	|362	|352	|3091	|1990	|12260	|2469	|2586	|1798	|2283	|2207	|2263	|1129	|1769	|2003	|1871	|1345	|2087	|2002	|2683	|2110	|2393	|2600	|2297	|2270	|2453	|1559	|2038	|1923	|1992	|2024	|2484	|0	|1180	|0	|1913	|1595	|2328	|2350	|2954	|2054	|1647	|2262	|2101	|1503	|2064	|2011	|2547	|0	|0	|2144	|2278	|2285	|2461	|1982	|2034	|2022	|1990	|1997	|
________________________________________________________
20	|679	|3707	|450	|497	|701	|587	|0	|716	|363	|662	|450	|766	|365	|517	|524	|657	|4963	|3794	|2469	|19987	|3773	|2775	|3768	|3730	|3328	|2181	|2168	|3819	|2286	|2165	|3275	|3290	|3547	|3707	|3883	|3499	|3395	|3331	|3573	|2988	|3513	|3253	|3314	|3326	|3896	|2621	|0	|2976	|0	|2820	|3669	|3682	|4500	|3226	|2360	|4408	|2968	|2556	|3355	|3354	|3241	|3040	|3259	|2831	|3311	|3448	|3745	|3267	|3434	|3393	|3393	|3337	|
________________________________________________________
21	|716	|698	|352	|0	|2964	|445	|297	|613	|388	|554	|384	|450	|454	|442	|608	|521	|4094	|3214	|2586	|3773	|17003	|2001	|3221	|3211	|2834	|1842	|2304	|3253	|2959	|1857	|2768	|2805	|3102	|2776	|3324	|2904	|2803	|2735	|2965	|2518	|2964	|2722	|2766	|2858	|3222	|2145	|2264	|0	|1739	|0	|3309	|3169	|3880	|2777	|2048	|2696	|3524	|2126	|2855	|2850	|2814	|2545	|2804	|2434	|2733	|2788	|3065	|2740	|2927	|2830	|2852	|2752	|
________________________________________________________
22	|428	|547	|260	|445	|317	|339	|0	|0	|218	|514	|324	|453	|312	|374	|450	|394	|3018	|2308	|1798	|2775	|2001	|12170	|2105	|2445	|2013	|1282	|1458	|2255	|1605	|1657	|2011	|2007	|2235	|2085	|2095	|2320	|2093	|2001	|2618	|1856	|2000	|2348	|2310	|2194	|2306	|1605	|1592	|2508	|0	|1244	|0	|2480	|2640	|1986	|1418	|2464	|2101	|1571	|2047	|2045	|1918	|1858	|2071	|2010	|1993	|2080	|2734	|0	|0	|2491	|2221	|2211	|
________________________________________________________
23	|609	|691	|328	|513	|514	|2694	|429	|393	|322	|463	|367	|546	|347	|490	|457	|621	|4174	|3160	|2283	|3768	|3221	|2105	|16512	|3185	|2717	|1704	|2015	|2765	|2386	|1616	|3109	|1972	|2991	|2689	|3150	|2879	|2785	|2715	|2736	|2694	|2875	|2673	|2734	|2827	|3104	|2135	|2035	|3075	|2468	|0	|2154	|0	|3749	|2701	|1924	|3059	|2721	|2048	|3510	|2488	|2825	|2581	|2775	|2282	|2739	|2777	|2937	|2660	|2849	|2816	|2815	|2814	|
________________________________________________________
24	|590	|677	|303	|532	|604	|553	|408	|0	|293	|457	|361	|549	|436	|510	|512	|411	|4044	|3111	|2207	|3730	|3211	|2445	|3185	|16463	|2749	|1728	|1966	|2766	|2407	|2051	|3153	|3035	|3011	|2748	|3113	|2770	|2732	|2700	|2884	|2533	|2735	|2741	|2777	|2700	|3109	|2120	|2011	|3074	|2487	|2275	|0	|1332	|3662	|2679	|2008	|3070	|2806	|1961	|2355	|3554	|2743	|2566	|2764	|2301	|2739	|2770	|2945	|2605	|2766	|2788	|2715	|2576	|
________________________________________________________
25	|644	|642	|223	|490	|473	|434	|336	|483	|436	|595	|0	|693	|454	|497	|567	|579	|4084	|3321	|2263	|3328	|2834	|2013	|2717	|2749	|16631	|2318	|2457	|3179	|2750	|2110	|3157	|3162	|3064	|2772	|3120	|2886	|2686	|2658	|2931	|2447	|2804	|2725	|2717	|2769	|3332	|1486	|1851	|2878	|2219	|1978	|2780	|2753	|3102	|0	|2360	|3600	|3200	|2313	|3124	|3217	|2812	|2394	|2771	|2399	|2739	|2721	|3061	|2689	|2806	|2852	|2782	|2676	|
________________________________________________________
26	|448	|345	|264	|277	|324	|267	|211	|310	|1907	|308	|166	|425	|289	|338	|320	|393	|1771	|2295	|1129	|2181	|1842	|1282	|1704	|1728	|2318	|10556	|1250	|2017	|1778	|1313	|2038	|2022	|1987	|1801	|1992	|1816	|1907	|1666	|1881	|1493	|1825	|1737	|1790	|1773	|1143	|1772	|1207	|1676	|1369	|1223	|1753	|1735	|0	|1117	|0	|2352	|1994	|1425	|1983	|2015	|1840	|1557	|1708	|1548	|1711	|1741	|1967	|1739	|1756	|1779	|1796	|1735	|
________________________________________________________
27	|473	|439	|244	|418	|520	|328	|276	|412	|239	|306	|0	|0	|365	|319	|421	|419	|2718	|2015	|1769	|2168	|2304	|1458	|2015	|1966	|2457	|1250	|11940	|2027	|2173	|1522	|2155	|2152	|2455	|2249	|2722	|1952	|1950	|2473	|2111	|1738	|2236	|1709	|1994	|1972	|1996	|1375	|1466	|2020	|1775	|1362	|2085	|1963	|3286	|0	|1241	|0	|2415	|1686	|2212	|2144	|2234	|1992	|2519	|0	|0	|2530	|2161	|1877	|2289	|2067	|1985	|1925	|
________________________________________________________
28	|586	|699	|278	|558	|591	|517	|276	|477	|311	|2916	|476	|450	|515	|557	|0	|576	|3672	|2868	|2003	|3819	|3253	|2255	|2765	|2766	|3179	|2017	|2027	|16708	|3156	|2313	|3151	|3217	|3160	|2768	|3267	|2916	|2782	|2752	|2938	|2530	|2940	|2659	|2880	|2868	|2809	|1848	|1872	|3385	|1750	|1957	|2703	|2783	|4236	|3119	|0	|2561	|0	|2410	|3058	|3187	|2851	|2427	|2772	|2332	|2752	|2812	|3094	|2640	|2868	|2781	|2755	|2784	|
________________________________________________________
29	|500	|425	|300	|329	|510	|330	|443	|415	|338	|536	|414	|0	|2449	|399	|299	|525	|3199	|2439	|1871	|2286	|2959	|1605	|2386	|2407	|2750	|1778	|2173	|3156	|14756	|1681	|2848	|2872	|2665	|2358	|2924	|2513	|2356	|2334	|2634	|2197	|2587	|2355	|2449	|2538	|2447	|1700	|1831	|1856	|2600	|1681	|2507	|2470	|3765	|2799	|2169	|0	|1736	|0	|2828	|2877	|2404	|2182	|2634	|1991	|2402	|2440	|2709	|2436	|2472	|2449	|2339	|2491	|
________________________________________________________
30	|378	|390	|196	|294	|386	|300	|243	|387	|233	|397	|309	|426	|280	|330	|0	|0	|2455	|1855	|1345	|2165	|1857	|1657	|1616	|2051	|2110	|1313	|1522	|2313	|1681	|11070	|2009	|2231	|2097	|1844	|2139	|1825	|1727	|2097	|2165	|1857	|2329	|1833	|1955	|2167	|1785	|1284	|1219	|1859	|1444	|1500	|1826	|2080	|2798	|2102	|1568	|2491	|0	|1126	|0	|2138	|1824	|1656	|1831	|1579	|1769	|2092	|2263	|1945	|2264	|0	|0	|2240	|
________________________________________________________
31	|562	|586	|310	|466	|495	|538	|379	|630	|380	|553	|412	|605	|367	|2684	|595	|378	|3602	|2838	|2087	|3275	|2768	|2011	|3109	|3153	|3157	|2038	|2155	|3151	|2848	|2009	|16613	|3498	|3045	|2826	|3247	|2845	|2837	|2696	|2903	|2562	|2821	|2684	|2768	|2756	|2802	|1911	|1793	|2730	|2241	|1961	|3606	|2367	|4266	|3155	|2250	|3541	|3281	|0	|2131	|0	|2781	|2526	|2818	|2354	|2631	|2761	|3059	|2745	|2804	|2824	|2715	|2742	|
________________________________________________________
32	|531	|608	|289	|443	|463	|340	|356	|408	|335	|579	|463	|652	|529	|569	|610	|0	|3543	|2743	|2002	|3290	|2805	|2007	|1972	|3035	|3162	|2022	|2152	|3217	|2872	|2231	|3498	|16515	|3067	|2812	|3125	|2764	|2794	|2643	|2915	|2513	|2756	|2761	|2804	|2697	|2665	|1888	|1819	|2762	|2155	|2107	|2335	|3483	|4247	|3144	|2256	|3567	|3171	|2345	|0	|1363	|2740	|2480	|2724	|2405	|2673	|2804	|3111	|2605	|2872	|2847	|2731	|2607	|
________________________________________________________
33	|716	|727	|0	|620	|549	|300	|309	|685	|417	|599	|470	|672	|434	|484	|519	|529	|3923	|3077	|2683	|3547	|3102	|2235	|2991	|3011	|3064	|1987	|2455	|3160	|2665	|2097	|3045	|3067	|18475	|3512	|4034	|3541	|3517	|3417	|3759	|1916	|3118	|2922	|3056	|3107	|3073	|2153	|2518	|2990	|2400	|2475	|3125	|3063	|4186	|3141	|2498	|3427	|3008	|2286	|3099	|3135	|2827	|0	|3539	|2884	|3495	|3524	|4267	|2583	|3256	|3023	|3062	|3051	|
________________________________________________________
34	|562	|3707	|212	|604	|490	|482	|462	|515	|373	|581	|465	|661	|412	|448	|496	|510	|3743	|2742	|2110	|3707	|2776	|2085	|2689	|2748	|2772	|1801	|2249	|2768	|2358	|1844	|2826	|2812	|3512	|16928	|3721	|3304	|3246	|3147	|3357	|2877	|2923	|2754	|2813	|2847	|2866	|1899	|0	|2843	|2178	|1931	|2796	|2758	|3884	|2802	|2310	|3289	|2846	|2077	|2869	|2800	|0	|2194	|3214	|2644	|3191	|3219	|2833	|3621	|2937	|2898	|2813	|2814	|
________________________________________________________
35	|3270	|715	|400	|468	|647	|474	|382	|661	|431	|616	|0	|754	|494	|418	|468	|600	|4122	|3270	|2393	|3883	|3324	|2095	|3150	|3113	|3120	|1992	|2722	|3267	|2924	|2139	|3247	|3125	|4034	|3721	|19076	|3600	|3620	|3417	|3419	|2891	|3619	|2245	|3211	|3249	|3152	|2116	|0	|3084	|2564	|2185	|3239	|3157	|4322	|3111	|2816	|3453	|3241	|2432	|3223	|3185	|3576	|3290	|2899	|0	|3543	|3596	|3438	|3051	|4046	|2761	|3156	|3129	|
________________________________________________________
36	|600	|790	|343	|0	|578	|534	|357	|427	|343	|2916	|356	|701	|375	|561	|622	|534	|3693	|2794	|2600	|3499	|2904	|2320	|2879	|2770	|2886	|1816	|1952	|2916	|2513	|1825	|2845	|2764	|3541	|3304	|3600	|17232	|3402	|3266	|3086	|2610	|3374	|3247	|2826	|2767	|2833	|2005	|2348	|2877	|2219	|1996	|2910	|2841	|3871	|2764	|0	|3213	|2795	|2110	|2866	|2941	|3183	|2840	|0	|2194	|3373	|3323	|3095	|2727	|2433	|3732	|2956	|2922	|
________________________________________________________
37	|652	|709	|280	|478	|467	|456	|336	|490	|1907	|496	|429	|533	|471	|408	|482	|653	|3614	|2737	|2297	|3395	|2803	|2093	|2785	|2732	|2686	|1907	|1950	|2782	|2356	|1727	|2837	|2794	|3517	|3246	|3620	|3402	|16587	|2987	|2946	|2453	|2857	|2744	|3213	|1935	|2665	|1845	|1970	|2690	|2154	|1932	|2744	|2714	|3622	|2663	|0	|3146	|2716	|2000	|2826	|2837	|3126	|2789	|2978	|2627	|2467	|0	|3163	|2612	|2757	|2775	|3616	|2316	|
________________________________________________________
38	|567	|689	|306	|471	|453	|456	|333	|515	|309	|615	|491	|0	|461	|505	|438	|469	|3497	|2611	|2270	|3331	|2735	|2001	|2715	|2700	|2658	|1666	|2473	|2752	|2334	|2097	|2696	|2643	|3417	|3147	|3417	|3266	|2987	|16301	|2903	|2440	|2716	|2730	|3097	|3113	|2635	|1863	|1972	|2654	|2167	|1918	|2836	|2772	|3670	|2701	|2364	|2923	|2671	|1922	|2675	|2658	|3047	|2735	|2976	|2712	|0	|2523	|2997	|2620	|2747	|2806	|2326	|3546	|
________________________________________________________
39	|642	|724	|219	|466	|659	|478	|0	|643	|328	|507	|412	|562	|487	|532	|599	|603	|3886	|2914	|2453	|3573	|2965	|2618	|2736	|2884	|2931	|1881	|2111	|2938	|2634	|2165	|2903	|2915	|3759	|3357	|3419	|3086	|2946	|2903	|17750	|2771	|3488	|3300	|3387	|3370	|2958	|1945	|1944	|2948	|2238	|2596	|2959	|2915	|4032	|2913	|2148	|3280	|3060	|2420	|2996	|2942	|3836	|2131	|2896	|2546	|2867	|2986	|3126	|0	|3432	|3448	|3332	|3394	|
________________________________________________________
40	|400	|636	|377	|381	|408	|2694	|220	|494	|259	|439	|326	|524	|437	|445	|501	|463	|3306	|2460	|1559	|2988	|2518	|1856	|2694	|2533	|2447	|1493	|1738	|2530	|2197	|1857	|2562	|2513	|1916	|2877	|2891	|2610	|2453	|2440	|2771	|15010	|2886	|2831	|2876	|2915	|2567	|1775	|1677	|2457	|1870	|0	|2474	|2482	|3340	|2433	|1830	|2788	|2532	|1967	|2457	|2418	|1933	|3135	|2391	|2153	|2509	|2551	|0	|1944	|2921	|2803	|2779	|2789	|
________________________________________________________
41	|648	|611	|294	|581	|2964	|457	|416	|443	|379	|558	|322	|535	|517	|509	|0	|604	|3724	|2896	|2038	|3513	|2964	|2000	|2875	|2735	|2804	|1825	|2236	|2940	|2587	|2329	|2821	|2756	|3118	|2923	|3619	|3374	|2857	|2716	|3488	|2886	|17071	|3153	|3299	|3245	|2884	|1954	|1839	|2799	|2275	|0	|2839	|2831	|3917	|2803	|2010	|3196	|2947	|2436	|2867	|2834	|2866	|2568	|3504	|2056	|2846	|2925	|3655	|3026	|2536	|0	|3298	|3223	|
________________________________________________________
42	|407	|622	|341	|450	|548	|543	|382	|0	|298	|541	|561	|549	|409	|2684	|435	|583	|3576	|2734	|1923	|3253	|2722	|2348	|2673	|2741	|2725	|1737	|1709	|2659	|2355	|1833	|2684	|2761	|2922	|2754	|2245	|3247	|2744	|2730	|3300	|2831	|3153	|16303	|3260	|3123	|2669	|1825	|2028	|2864	|2091	|2325	|2702	|2611	|3619	|2716	|1881	|3119	|2745	|0	|2730	|2691	|2676	|2531	|2269	|3170	|2802	|2787	|3362	|2969	|0	|2389	|3148	|3090	|
________________________________________________________
43	|551	|608	|281	|477	|569	|495	|405	|560	|350	|472	|399	|761	|2449	|457	|583	|462	|3680	|2808	|1992	|3314	|2766	|2310	|2734	|2777	|2717	|1790	|1994	|2880	|2449	|1955	|2768	|2804	|3056	|2813	|3211	|2826	|3213	|3097	|3387	|2876	|3299	|3260	|16789	|3186	|2773	|1885	|1862	|2803	|2247	|2247	|2826	|2798	|3770	|2790	|1980	|3173	|2814	|0	|2854	|2815	|2820	|2449	|2778	|2328	|3678	|2438	|3538	|3002	|3164	|3241	|2480	|0	|
________________________________________________________
44	|537	|622	|317	|486	|564	|526	|384	|604	|242	|512	|428	|462	|468	|526	|617	|0	|3622	|2780	|2024	|3326	|2858	|2194	|2827	|2700	|2769	|1773	|1972	|2868	|2538	|2167	|2756	|2697	|3107	|2847	|3249	|2767	|1935	|3113	|3370	|2915	|3245	|3123	|3186	|16695	|2792	|1913	|1833	|2861	|2222	|2219	|2827	|2767	|3784	|2716	|2224	|3017	|2912	|2468	|2771	|2781	|2750	|2462	|2834	|2352	|2293	|3563	|3372	|2974	|3149	|3204	|0	|2339	|
________________________________________________________
45	|0	|778	|340	|560	|554	|520	|386	|550	|207	|489	|459	|595	|408	|466	|471	|509	|3195	|0	|2484	|3896	|3222	|2306	|3104	|3109	|3332	|1143	|1996	|2809	|2447	|1785	|2802	|2665	|3073	|2866	|3152	|2833	|2665	|2635	|2958	|2567	|2884	|2669	|2773	|2792	|16575	|2283	|2075	|3101	|2422	|2101	|3151	|3083	|4356	|3373	|2221	|3130	|2835	|2031	|2842	|2820	|2810	|2394	|2654	|2342	|2771	|2744	|3054	|2618	|2841	|2773	|2802	|2732	|
________________________________________________________
46	|284	|458	|1705	|296	|385	|390	|263	|403	|301	|324	|295	|354	|276	|324	|306	|356	|0	|1515	|0	|2621	|2145	|1605	|2135	|2120	|1486	|1772	|1375	|1848	|1700	|1284	|1911	|1888	|2153	|1899	|2116	|2005	|1845	|1863	|1945	|1775	|1954	|1825	|1885	|1913	|2283	|11410	|1290	|2129	|1698	|1504	|2195	|2116	|2074	|2182	|1226	|2103	|1954	|1394	|1924	|1925	|1880	|1705	|1842	|1566	|1968	|1979	|2104	|1842	|1994	|1884	|1919	|1872	|
________________________________________________________
47	|0	|0	|177	|290	|376	|343	|292	|346	|230	|394	|371	|421	|279	|321	|504	|329	|3003	|0	|1180	|0	|2264	|1592	|2035	|2011	|1851	|1207	|1466	|1872	|1831	|1219	|1793	|1819	|2518	|0	|0	|2348	|1970	|1972	|1944	|1677	|1839	|2028	|1862	|1833	|2075	|1290	|11128	|1857	|1806	|1567	|2044	|1995	|2453	|1846	|1573	|1946	|2061	|1377	|1865	|1888	|2267	|1604	|1801	|2027	|2125	|2073	|2052	|1801	|1709	|2196	|1871	|1860	|
________________________________________________________
48	|639	|533	|290	|2763	|0	|505	|402	|593	|314	|602	|391	|686	|337	|501	|588	|544	|4230	|3185	|0	|2976	|0	|2508	|3075	|3074	|2878	|1676	|2020	|3385	|1856	|1859	|2730	|2762	|2990	|2843	|3084	|2877	|2690	|2654	|2948	|2457	|2799	|2864	|2803	|2861	|3101	|2129	|1857	|16615	|2635	|2397	|3121	|3172	|3716	|2672	|2071	|3693	|3303	|2184	|2775	|2832	|2757	|2581	|2763	|2409	|2837	|2849	|3107	|2658	|2759	|2887	|2843	|2725	|
________________________________________________________
49	|526	|0	|268	|449	|288	|414	|2077	|370	|296	|307	|293	|349	|455	|347	|461	|376	|3383	|2468	|1913	|0	|1739	|0	|2468	|2487	|2219	|1369	|1775	|1750	|2600	|1444	|2241	|2155	|2400	|2178	|2564	|2219	|2154	|2167	|2238	|1870	|2275	|2091	|2247	|2222	|2422	|1698	|1806	|2635	|13190	|1564	|2559	|2526	|3050	|2186	|1593	|1836	|2670	|1497	|2275	|2182	|2235	|1934	|2208	|1856	|2179	|2105	|2498	|2077	|2234	|2244	|2250	|2175	|
________________________________________________________
50	|426	|525	|212	|405	|0	|0	|239	|375	|199	|331	|302	|381	|316	|381	|430	|385	|2937	|2184	|1595	|2820	|0	|1244	|0	|2275	|1978	|1223	|1362	|1957	|1681	|1500	|1961	|2107	|2475	|1931	|2185	|1996	|1932	|1918	|2596	|0	|0	|2325	|2247	|2219	|2101	|1504	|1567	|2397	|1564	|11704	|2054	|2368	|2653	|1973	|1422	|2132	|1951	|1713	|1807	|2078	|2270	|1489	|1967	|1692	|1913	|1998	|2593	|1897	|1965	|2478	|2190	|2147	|
________________________________________________________
51	|618	|694	|355	|496	|640	|335	|355	|2946	|336	|500	|391	|576	|404	|569	|479	|628	|4225	|3113	|2328	|3669	|3309	|0	|2154	|0	|2780	|1753	|2085	|2703	|2507	|1826	|3606	|2335	|3125	|2796	|3239	|2910	|2744	|2836	|2959	|2474	|2839	|2702	|2826	|2827	|3151	|2195	|2044	|3121	|2559	|2054	|16696	|3305	|3891	|2740	|2036	|3108	|2854	|2031	|3291	|3153	|2829	|2585	|2733	|2294	|2756	|2799	|3086	|2792	|2946	|2750	|2817	|2791	|
________________________________________________________
52	|635	|661	|309	|567	|564	|0	|464	|568	|311	|457	|378	|525	|475	|367	|454	|359	|4194	|3176	|2350	|3682	|3169	|2480	|0	|1332	|2753	|1735	|1963	|2783	|2470	|2080	|2367	|3483	|3063	|2758	|3157	|2841	|2714	|2772	|2915	|2482	|2831	|2611	|2798	|2767	|3083	|2116	|1995	|3172	|2526	|2368	|3305	|16619	|3743	|2715	|2001	|3108	|2715	|2020	|2002	|3129	|2786	|2518	|2750	|2388	|2695	|2754	|2916	|2656	|2742	|2788	|2756	|2763	|
________________________________________________________
53	|623	|882	|315	|592	|694	|616	|479	|684	|0	|818	|609	|837	|655	|655	|798	|745	|5494	|3127	|2954	|4500	|3880	|2640	|3749	|3662	|3102	|0	|3286	|4236	|3765	|2798	|4266	|4247	|4186	|3884	|4322	|3871	|3622	|3670	|4032	|3340	|3917	|3619	|3770	|3784	|4356	|2074	|2453	|3716	|3050	|2653	|3891	|3743	|22588	|4346	|3098	|4835	|4405	|3053	|4326	|4330	|3762	|3314	|3754	|3234	|3837	|3790	|4179	|3605	|3889	|3809	|3822	|3695	|
________________________________________________________
54	|643	|610	|319	|432	|488	|434	|334	|484	|198	|561	|2313	|520	|478	|526	|521	|575	|3210	|3265	|2054	|3226	|2777	|1986	|2701	|2679	|0	|1117	|0	|3119	|2799	|2102	|3155	|3144	|3141	|2802	|3111	|2764	|2663	|2701	|2913	|2433	|2803	|2716	|2790	|2716	|3373	|2182	|1846	|2672	|2186	|1973	|2740	|2715	|4346	|16374	|2006	|3487	|3144	|2144	|3246	|3151	|2764	|2413	|2675	|2313	|2668	|2732	|3024	|2604	|2762	|2739	|2739	|2718	|
________________________________________________________
55	|463	|479	|229	|428	|351	|292	|252	|358	|0	|0	|274	|389	|366	|368	|452	|408	|2844	|1967	|1647	|2360	|2048	|1418	|1924	|2008	|2360	|0	|1241	|0	|2169	|1568	|2250	|2256	|2498	|2310	|2816	|0	|0	|2364	|2148	|1830	|2010	|1881	|1980	|2224	|2221	|1226	|1573	|2071	|1593	|1422	|2036	|2001	|3098	|2006	|12106	|2330	|2526	|1796	|2384	|2310	|2228	|2029	|2441	|1744	|2023	|2433	|2221	|1952	|2113	|2033	|1814	|2169	|
________________________________________________________
56	|582	|812	|301	|574	|492	|535	|284	|538	|463	|456	|432	|3366	|0	|637	|690	|685	|4158	|3077	|2262	|4408	|2696	|2464	|3059	|3070	|3600	|2352	|0	|2561	|0	|2491	|3541	|3567	|3427	|3289	|3453	|3213	|3146	|2923	|3280	|2788	|3196	|3119	|3173	|3017	|3130	|2103	|1946	|3693	|1836	|2132	|3108	|3108	|4835	|3487	|2330	|18684	|3910	|2520	|3632	|3568	|3151	|2940	|2985	|2737	|3366	|2989	|3430	|3005	|3112	|3199	|3130	|3107	|
________________________________________________________
57	|553	|584	|306	|576	|636	|452	|411	|475	|382	|0	|469	|675	|273	|549	|2946	|536	|3696	|2744	|2101	|2968	|3524	|2101	|2721	|2806	|3200	|1994	|2415	|0	|1736	|0	|3281	|3171	|3008	|2846	|3241	|2795	|2716	|2671	|3060	|2532	|2947	|2745	|2814	|2912	|2835	|1954	|2061	|3303	|2670	|1951	|2854	|2715	|4405	|3144	|2526	|3910	|16893	|2159	|3314	|3270	|2664	|2444	|2861	|2391	|2719	|2811	|3049	|2720	|2891	|2946	|2854	|2831	|
________________________________________________________
58	|401	|483	|201	|460	|407	|355	|260	|464	|265	|416	|308	|478	|0	|0	|375	|355	|2686	|2013	|1503	|2556	|2126	|1571	|2048	|1961	|2313	|1425	|1686	|2410	|0	|1126	|0	|2345	|2286	|2077	|2432	|2110	|2000	|1922	|2420	|1967	|2436	|0	|0	|2468	|2031	|1394	|1377	|2184	|1497	|1713	|2031	|2020	|3053	|2144	|1796	|2520	|2159	|12128	|2145	|2428	|2030	|1811	|2132	|1574	|1926	|1976	|2425	|2137	|2443	|2078	|2018	|2391	|
________________________________________________________
59	|557	|615	|270	|414	|518	|529	|356	|577	|365	|535	|434	|633	|510	|337	|490	|3009	|3746	|2796	|2064	|3355	|2855	|2047	|3510	|2355	|3124	|1983	|2212	|3058	|2828	|0	|2131	|0	|3099	|2869	|3223	|2866	|2826	|2675	|2996	|2457	|2867	|2730	|2854	|2771	|2842	|1924	|1865	|2775	|2275	|1807	|3291	|2002	|4326	|3246	|2384	|3632	|3314	|2145	|16791	|3602	|2804	|2510	|2789	|2314	|2698	|2700	|3154	|2739	|2833	|2779	|3009	|2728	|
________________________________________________________
60	|553	|604	|271	|448	|496	|392	|387	|563	|373	|562	|444	|654	|516	|0	|611	|663	|3747	|2714	|2011	|3354	|2850	|2045	|2488	|3554	|3217	|2015	|2144	|3187	|2877	|2138	|0	|1363	|3135	|2800	|3185	|2941	|2837	|2658	|2942	|2418	|2834	|2691	|2815	|2781	|2820	|1925	|1888	|2832	|2182	|2078	|3153	|3129	|4330	|3151	|2310	|3568	|3270	|2428	|3602	|16702	|2819	|2414	|2715	|2292	|2747	|2790	|3021	|2601	|2850	|2755	|2822	|2698	|
________________________________________________________
61	|664	|0	|298	|527	|467	|362	|408	|578	|371	|542	|422	|645	|410	|464	|462	|524	|3672	|2779	|2547	|3241	|2814	|1918	|2825	|2743	|2812	|1840	|2234	|2851	|2404	|1824	|2781	|2740	|2827	|0	|3576	|3183	|3126	|3047	|3836	|1933	|2866	|2676	|2820	|2750	|2810	|1880	|2267	|2757	|2235	|2270	|2829	|2786	|3762	|2764	|2228	|3151	|2664	|2030	|2804	|2819	|16727	|2675	|3180	|2691	|3170	|3172	|3550	|3137	|2827	|2823	|2821	|2774	|
________________________________________________________
62	|583	|467	|1705	|421	|462	|577	|339	|373	|296	|468	|366	|641	|340	|419	|392	|428	|3351	|2588	|0	|3040	|2545	|1858	|2581	|2566	|2394	|1557	|1992	|2427	|2182	|1656	|2526	|2480	|0	|2194	|3290	|2840	|2789	|2735	|2131	|3135	|2568	|2531	|2449	|2462	|2394	|1705	|1604	|2581	|1934	|1489	|2585	|2518	|3314	|2413	|2029	|2940	|2444	|1811	|2510	|2414	|2675	|15012	|2786	|2370	|2896	|2862	|1930	|2808	|2547	|2570	|2530	|2576	|
________________________________________________________
63	|504	|686	|274	|2763	|601	|426	|349	|595	|386	|0	|432	|650	|446	|368	|551	|533	|3711	|2775	|0	|3259	|2804	|2071	|2775	|2764	|2771	|1708	|2519	|2772	|2634	|1831	|2818	|2724	|3539	|3214	|2899	|0	|2978	|2976	|2896	|2391	|3504	|2269	|2778	|2834	|2654	|1842	|1801	|2763	|2208	|1967	|2733	|2750	|3754	|2675	|2441	|2985	|2861	|2132	|2789	|2715	|3180	|2786	|16536	|2591	|3026	|3072	|3084	|2638	|3265	|3267	|2772	|2654	|
________________________________________________________
64	|0	|672	|294	|471	|369	|418	|285	|297	|316	|366	|2313	|504	|315	|510	|494	|346	|3085	|2252	|2144	|2831	|2434	|2010	|2282	|2301	|2399	|1548	|0	|2332	|1991	|1579	|2354	|2405	|2884	|2644	|0	|2194	|2627	|2712	|2546	|2153	|2056	|3170	|2328	|2352	|2342	|1566	|2027	|2409	|1856	|1692	|2294	|2388	|3234	|2313	|1744	|2737	|2391	|1574	|2314	|2292	|2691	|2370	|2591	|14128	|2637	|2771	|2645	|2241	|1555	|2819	|2317	|2324	|
________________________________________________________
65	|610	|660	|317	|539	|458	|443	|361	|496	|260	|615	|367	|3366	|571	|424	|477	|540	|3672	|2733	|2278	|3311	|2733	|1993	|2739	|2739	|2739	|1711	|0	|2752	|2402	|1769	|2631	|2673	|3495	|3191	|3543	|3373	|2467	|0	|2867	|2509	|2846	|2802	|3678	|2293	|2771	|1968	|2125	|2837	|2179	|1913	|2756	|2695	|3837	|2668	|2023	|3366	|2719	|1926	|2698	|2747	|3170	|2896	|3026	|2637	|16649	|3092	|3144	|2707	|2796	|2813	|3237	|3121	|
________________________________________________________
66	|589	|692	|345	|533	|459	|432	|352	|490	|0	|585	|502	|625	|341	|539	|493	|326	|3636	|2780	|2285	|3448	|2788	|2080	|2777	|2770	|2721	|1741	|2530	|2812	|2440	|2092	|2761	|2804	|3524	|3219	|3596	|3323	|0	|2523	|2986	|2551	|2925	|2787	|2438	|3563	|2744	|1979	|2073	|2849	|2105	|1998	|2799	|2754	|3790	|2732	|2433	|2989	|2811	|1976	|2700	|2790	|3172	|2862	|3072	|2771	|3092	|16752	|3083	|2721	|2854	|2868	|2014	|3217	|
________________________________________________________
67	|654	|655	|229	|512	|638	|0	|415	|730	|369	|498	|471	|656	|530	|544	|598	|654	|3994	|3039	|2461	|3745	|3065	|2734	|2937	|2945	|3061	|1967	|2161	|3094	|2709	|2263	|3059	|3111	|4267	|2833	|3438	|3095	|3163	|2997	|3126	|0	|3655	|3362	|3538	|3372	|3054	|2104	|2052	|3107	|2498	|2593	|3086	|2916	|4179	|3024	|2221	|3430	|3049	|2425	|3154	|3021	|3550	|1930	|3084	|2645	|3144	|3083	|18440	|3307	|3684	|3534	|3609	|3512	|
________________________________________________________
68	|557	|811	|291	|467	|542	|338	|2077	|503	|293	|473	|365	|539	|437	|494	|556	|554	|3464	|2643	|1982	|3267	|2740	|0	|2660	|2605	|2689	|1739	|1877	|2640	|2436	|1945	|2745	|2605	|2583	|3621	|3051	|2727	|2612	|2620	|0	|1944	|3026	|2969	|3002	|2974	|2618	|1842	|1801	|2658	|2077	|1897	|2792	|2656	|3605	|2604	|1952	|3005	|2720	|2137	|2739	|2601	|3137	|2808	|2638	|2241	|2707	|2721	|3307	|16095	|3129	|3124	|3051	|3049	|
________________________________________________________
69	|683	|623	|250	|504	|455	|557	|350	|2946	|379	|427	|248	|570	|506	|0	|583	|612	|3782	|2774	|2034	|3434	|2927	|0	|2849	|2766	|2806	|1756	|2289	|2868	|2472	|2264	|2804	|2872	|3256	|2937	|4046	|2433	|2757	|2747	|3432	|2921	|2536	|0	|3164	|3149	|2841	|1994	|1709	|2759	|2234	|1965	|2946	|2742	|3889	|2762	|2113	|3112	|2891	|2443	|2833	|2850	|2827	|2547	|3265	|1555	|2796	|2854	|3684	|3129	|16933	|3274	|3171	|3172	|
________________________________________________________
70	|441	|637	|335	|577	|0	|528	|431	|588	|317	|606	|467	|582	|494	|382	|2946	|516	|3637	|2739	|2022	|3393	|2830	|2491	|2816	|2788	|2852	|1779	|2067	|2781	|2449	|0	|2824	|2847	|3023	|2898	|2761	|3732	|2775	|2806	|3448	|2803	|0	|2389	|3241	|3204	|2773	|1884	|2196	|2887	|2244	|2478	|2750	|2788	|3809	|2739	|2033	|3199	|2946	|2078	|2779	|2755	|2823	|2570	|3267	|2819	|2813	|2868	|3534	|3124	|3274	|16955	|3199	|3145	|
________________________________________________________
71	|546	|610	|256	|479	|577	|506	|378	|537	|430	|461	|339	|640	|320	|532	|508	|3009	|3731	|2809	|1990	|3393	|2852	|2221	|2815	|2715	|2782	|1796	|1985	|2755	|2339	|0	|2715	|2731	|3062	|2813	|3156	|2956	|3616	|2326	|3332	|2779	|3298	|3148	|2480	|0	|2802	|1919	|1871	|2843	|2250	|2190	|2817	|2756	|3822	|2739	|1814	|3130	|2854	|2018	|3009	|2822	|2821	|2530	|2772	|2317	|3237	|2014	|3609	|3051	|3171	|3199	|16746	|3140	|
________________________________________________________
72	|524	|600	|307	|447	|539	|524	|362	|547	|250	|493	|414	|639	|0	|537	|569	|585	|3525	|2678	|1997	|3337	|2752	|2211	|2814	|2576	|2676	|1735	|1925	|2784	|2491	|2240	|2742	|2607	|3051	|2814	|3129	|2922	|2316	|3546	|3394	|2789	|3223	|3090	|0	|2339	|2732	|1872	|1860	|2725	|2175	|2147	|2791	|2763	|3695	|2718	|2169	|3107	|2831	|2391	|2728	|2698	|2774	|2576	|2654	|2324	|3121	|3217	|3512	|3049	|3172	|3145	|3140	|16515	|
________________________________________________________
