0	|1	|2	|3	|4	|5	|6	|7	|8	|9	|10	|11	|12	|13	|14	|15	|16	|17	|18	|19	|20	|21	|22	|23	|24	|25	|26	|27	|28	|29	|30	|31	|32	|33	|34	|35	|36	|37	|38	|39	|40	|41	|42	|43	|44	|45	|46	|47	|48	|49	|50	|51	|52	|53	|54	|55	|56	|57	|58	|59	|60	|61	|62	|63	|64	|65	|66	|67	|68	|69	|70	|71	|72	|
1	|100	|3,03	|1,5	|3,09	|4,46	|2,08	|2,2	|4,13	|3,24	|2,97	|0	|3,79	|2,66	|2,05	|2,2	|3	|24,46	|100	|13,15	|20,76	|21,9	|13,09	|18,62	|18,04	|19,69	|13,7	|14,46	|17,92	|15,29	|11,56	|17,19	|16,24	|21,9	|17,19	|100	|18,35	|19,94	|17,34	|19,63	|12,23	|19,82	|12,45	|16,85	|16,42	|0	|8,69	|0	|19,54	|16,09	|13,03	|18,9	|19,42	|19,05	|19,66	|14,16	|17,8	|16,91	|12,26	|17,03	|16,91	|20,31	|17,83	|15,41	|0	|18,65	|18,01	|20	|17,03	|20,89	|13,49	|16,7	|16,02	|
________________________________________________________
2	|2,67	|100	|1,62	|2,99	|3,56	|3,13	|0	|3,64	|2,16	|4,48	|3,21	|3,51	|2	|2,56	|2,54	|3,05	|26,06	|16,16	|13,35	|100	|18,83	|14,76	|18,64	|18,26	|17,32	|9,31	|11,84	|18,86	|11,46	|10,52	|15,81	|16,4	|19,61	|100	|19,29	|21,31	|19,13	|18,59	|19,53	|17,16	|16,48	|16,78	|16,4	|16,78	|20,99	|12,36	|0	|14,38	|0	|14,16	|18,72	|17,83	|23,79	|16,46	|12,92	|21,9	|15,75	|13,03	|16,59	|16,29	|0	|12,6	|18,51	|18,13	|17,8	|18,67	|17,67	|21,88	|16,81	|17,18	|16,46	|16,19	|
________________________________________________________
3	|2,87	|3,52	|100	|2,35	|3,87	|4,57	|2,7	|3,17	|2,52	|3,34	|3,05	|3,46	|2,7	|4,11	|3,46	|3,05	|0	|13,43	|0	|26,39	|20,65	|15,25	|19,24	|17,77	|13,08	|15,48	|14,31	|16,3	|17,6	|11,5	|18,18	|16,95	|0	|12,43	|23,46	|20,12	|16,42	|17,95	|12,84	|22,11	|17,24	|20	|16,48	|18,59	|19,94	|100	|10,38	|17,01	|15,72	|12,43	|20,82	|18,12	|18,48	|18,71	|13,43	|17,65	|17,95	|11,79	|15,84	|15,89	|17,48	|100	|16,07	|17,24	|18,59	|20,23	|13,43	|17,07	|14,66	|19,65	|15,01	|18,01	|
________________________________________________________
4	|3,66	|4,02	|1,45	|100	|0	|3,15	|2,53	|3,98	|2,28	|0	|2,86	|4,67	|1,99	|2,53	|4,2	|3,47	|27,69	|20,3	|0	|17,99	|0	|16,11	|18,57	|19,25	|17,73	|10,03	|15,13	|20,2	|11,91	|10,64	|16,87	|16,03	|22,44	|21,86	|16,94	|0	|17,3	|17,05	|16,87	|13,79	|21,03	|16,29	|17,26	|17,59	|20,27	|10,71	|10,5	|100	|16,25	|14,66	|17,95	|20,52	|21,43	|15,64	|15,49	|20,77	|20,85	|16,65	|14,98	|16,21	|19,07	|15,24	|100	|17,05	|19,51	|19,29	|18,53	|16,9	|18,24	|20,88	|17,34	|16,18	|
________________________________________________________
5	|4,93	|4,45	|2,23	|0	|100	|2,23	|1,62	|3,41	|2,94	|3,68	|1,82	|2,67	|2,87	|2,8	|0	|3,44	|22,57	|19,5	|14,84	|23,65	|100	|10,7	|17,34	|20,38	|15,96	|10,93	|17,54	|19,94	|17,21	|13,02	|16,7	|15,62	|18,52	|16,53	|21,83	|19,5	|15,76	|15,28	|22,23	|13,77	|100	|18,49	|19,2	|19,03	|18,69	|12,99	|12,69	|0	|9,72	|0	|21,59	|19,03	|23,41	|16,46	|11,84	|16,6	|21,46	|13,73	|17,48	|16,73	|15,76	|15,59	|20,28	|12,45	|15,45	|15,49	|21,52	|18,29	|15,35	|0	|19,47	|18,18	|
________________________________________________________
6	|2,52	|4,31	|2,9	|3,23	|2,45	|100	|2,23	|2,67	|1,86	|4,49	|2,45	|3,49	|2,08	|3,82	|3,49	|3,49	|23,61	|18,6	|12,88	|21,79	|16,52	|12,58	|100	|20,53	|16,11	|9,91	|12,18	|19,19	|12,25	|11,14	|19,97	|12,62	|11,14	|17,89	|17,59	|19,82	|16,93	|16,93	|17,74	|100	|16,96	|20,16	|18,37	|19,52	|19,3	|14,48	|12,73	|18,75	|15,37	|0	|12,44	|0	|22,87	|16,11	|10,84	|19,86	|16,78	|13,18	|19,64	|14,55	|13,44	|21,42	|15,81	|15,52	|16,44	|16,04	|0	|12,55	|20,68	|19,6	|18,78	|19,45	|
________________________________________________________
7	|3,47	|0	|2,21	|3,37	|2,31	|2,89	|100	|2,55	|1,59	|2,31	|2,36	|3,03	|4,24	|2,84	|4,19	|3,27	|26	|17,77	|15,7	|0	|14,3	|0	|20,65	|19,64	|16,18	|10,16	|13,29	|13,29	|21,33	|11,7	|18,25	|17,14	|14,88	|22,24	|18,39	|17,19	|16,18	|16,03	|0	|10,59	|20,03	|18,39	|19,5	|18,49	|18,58	|12,66	|14,06	|19,35	|100	|11,51	|17,09	|22,34	|23,06	|16,08	|12,13	|13,67	|19,79	|12,52	|17,14	|18,63	|19,64	|16,32	|16,8	|13,72	|17,38	|16,95	|19,98	|100	|16,85	|20,75	|18,2	|17,43	|
________________________________________________________
8	|4,58	|4,58	|1,83	|3,73	|3,43	|2,44	|1,8	|100	|2,48	|2,21	|1,63	|3,73	|2,72	|0	|3,22	|4,01	|24,98	|19,11	|13,51	|24,3	|20,81	|0	|13,34	|0	|16,4	|10,52	|13,99	|16,19	|14,09	|13,14	|21,38	|13,85	|23,25	|17,48	|22,44	|14,49	|16,63	|17,48	|21,83	|16,77	|15,04	|0	|19,01	|20,5	|18,67	|13,68	|11,74	|20,13	|12,56	|12,73	|100	|19,28	|23,22	|16,43	|12,15	|18,26	|16,12	|15,75	|19,59	|19,11	|19,62	|12,66	|20,2	|10,08	|16,84	|16,63	|24,78	|17,07	|100	|19,96	|18,23	|18,57	|
________________________________________________________
9	|5,56	|4,2	|2,25	|3,3	|4,56	|2,62	|1,73	|3,83	|100	|2,62	|1,89	|4,4	|3,09	|2,94	|3,15	|5,3	|16,68	|23,86	|12,43	|19,04	|20,35	|11,43	|16,89	|15,36	|22,86	|100	|12,53	|16,31	|17,72	|12,22	|19,93	|17,57	|21,87	|19,56	|22,6	|17,99	|100	|16,2	|17,2	|13,58	|19,87	|15,63	|18,35	|12,69	|10,85	|15,78	|12,06	|16,47	|15,52	|10,44	|17,62	|16,31	|0	|10,38	|0	|24,28	|20,03	|13,9	|19,14	|19,56	|19,45	|15,52	|20,24	|16,57	|13,63	|0	|19,35	|15,36	|19,87	|16,62	|22,55	|13,11	|
________________________________________________________
10	|3,33	|5,69	|1,95	|0	|3,74	|4,15	|1,65	|2,23	|1,71	|100	|2,5	|3,53	|2,64	|3,74	|0	|3,4	|20,88	|15,33	|14,54	|22,7	|19	|17,63	|15,88	|15,67	|20,4	|10,56	|10,49	|100	|18,38	|13,61	|18,96	|19,86	|20,54	|19,92	|21,12	|100	|17,01	|21,09	|17,39	|15,05	|19,14	|18,55	|16,19	|17,56	|16,77	|11,11	|13,51	|20,64	|10,53	|11,35	|17,15	|15,67	|28,05	|19,24	|0	|15,64	|0	|14,27	|18,35	|19,27	|18,59	|16,05	|0	|12,55	|21,09	|20,06	|17,08	|16,22	|14,64	|20,78	|15,81	|16,91	|
________________________________________________________
11	|0	|5,14	|2,25	|3,42	|2,33	|2,85	|2,12	|2,08	|1,56	|3,16	|100	|3,03	|3,37	|4,28	|4,28	|2,46	|21,57	|18,98	|14,05	|19,46	|16,6	|14,01	|15,87	|15,61	|0	|7,18	|0	|20,58	|17,9	|13,36	|17,81	|20,02	|20,32	|20,1	|0	|15,39	|18,55	|21,23	|17,81	|14,09	|13,92	|24,25	|17,25	|18,5	|19,84	|12,75	|16,04	|16,9	|12,67	|13,06	|16,9	|16,34	|26,33	|100	|11,85	|18,68	|20,28	|13,32	|18,76	|19,2	|18,24	|15,82	|18,68	|100	|15,87	|21,7	|20,36	|15,78	|10,72	|20,19	|14,66	|17,9	|
________________________________________________________
12	|3,68	|3,86	|1,75	|3,83	|2,35	|2,79	|1,87	|3,27	|2,5	|3,06	|2,08	|100	|0	|3,27	|3,74	|3,65	|23,2	|16,22	|14,14	|22,76	|13,37	|13,46	|16,22	|16,31	|20,59	|12,63	|0	|13,37	|0	|12,66	|17,97	|19,37	|19,96	|19,64	|22,4	|20,83	|15,83	|0	|16,7	|15,57	|15,89	|16,31	|22,61	|13,73	|17,68	|10,52	|12,51	|20,38	|10,37	|11,32	|17,11	|15,6	|24,87	|15,45	|11,56	|100	|20,05	|14,2	|18,81	|19,43	|19,16	|19,04	|19,31	|14,97	|100	|18,57	|19,49	|16,01	|16,93	|17,29	|19,01	|18,98	|
________________________________________________________
13	|3,55	|3,02	|1,88	|2,25	|3,47	|2,29	|3,59	|3,27	|2,41	|3,14	|3,18	|0	|100	|2,04	|2,33	|2,98	|22,46	|16,78	|12,9	|14,9	|18,54	|12,74	|14,17	|17,8	|18,54	|11,8	|14,9	|21,03	|100	|11,43	|14,99	|21,6	|17,72	|16,82	|20,17	|15,31	|19,23	|18,82	|19,89	|17,84	|21,11	|16,7	|100	|19,11	|16,66	|11,27	|11,39	|13,76	|18,58	|12,9	|16,5	|19,4	|26,75	|19,52	|14,94	|0	|11,15	|0	|20,82	|21,07	|16,74	|13,88	|18,21	|12,86	|23,32	|13,92	|21,64	|17,84	|20,66	|20,17	|13,07	|0	|
________________________________________________________
14	|2,5	|3,54	|2,61	|2,61	|3,09	|3,84	|2,2	|0	|2,09	|4,06	|3,69	|4,1	|1,86	|100	|2,94	|2,68	|21,42	|16,13	|10,8	|19,26	|16,47	|13,93	|18,26	|19	|18,52	|12,59	|11,89	|20,75	|14,87	|12,3	|100	|21,2	|18,03	|16,69	|15,57	|20,9	|15,2	|18,82	|19,82	|16,58	|18,96	|100	|17,03	|19,6	|17,36	|12,07	|11,96	|18,67	|12,93	|14,2	|21,2	|13,67	|24,4	|19,6	|13,71	|23,73	|20,45	|0	|12,56	|0	|17,29	|15,61	|13,71	|19	|15,8	|20,08	|20,27	|18,41	|0	|14,23	|19,82	|20,01	|
________________________________________________________
15	|2,44	|3,19	|2	|3,94	|0	|3,19	|2,95	|3,22	|2,04	|0	|3,36	|4,28	|1,93	|2,68	|100	|2,68	|20,71	|16,4	|12,29	|17,79	|20,64	|15,27	|15,51	|17,38	|19,25	|10,86	|14,29	|0	|10,15	|0	|20,2	|20,71	|17,62	|16,84	|15,89	|21,11	|16,36	|14,87	|20,33	|17,01	|0	|14,77	|19,79	|20,94	|15,99	|10,39	|17,11	|19,96	|15,65	|14,6	|16,26	|15,41	|27,09	|17,68	|15,34	|23,42	|100	|12,73	|16,63	|20,74	|15,68	|13,31	|18,7	|16,77	|16,19	|16,73	|20,3	|18,87	|19,79	|100	|17,24	|19,31	|
________________________________________________________
16	|3,26	|3,76	|1,73	|3,19	|3,39	|3,12	|2,26	|3,92	|3,36	|3,29	|1,89	|4,09	|2,43	|2,39	|2,63	|100	|23,63	|16,68	|11,7	|21,83	|17,31	|13,09	|20,64	|13,66	|19,24	|13,06	|13,92	|19,14	|17,45	|0	|12,56	|0	|17,58	|16,95	|19,94	|17,75	|21,7	|15,59	|20,04	|15,39	|20,07	|19,38	|15,35	|0	|16,92	|11,83	|10,93	|18,08	|12,5	|12,79	|20,87	|11,93	|24,76	|19,11	|13,56	|22,77	|17,81	|11,8	|100	|22,03	|17,41	|14,22	|17,71	|11,5	|17,95	|10,83	|21,73	|18,41	|20,34	|17,15	|100	|19,44	|
________________________________________________________
17	|3,65	|4,41	|0	|3,49	|3,05	|2,9	|2,46	|3,36	|1,45	|2,78	|2,28	|3,56	|2,51	|2,62	|2,78	|3,24	|100	|18,64	|14,11	|22,65	|18,68	|13,77	|19,05	|18,46	|18,64	|8,08	|12,4	|16,76	|14,6	|11,2	|16,44	|16,17	|17,9	|17,08	|18,81	|16,85	|16,49	|15,96	|17,74	|15,09	|17	|16,32	|16,8	|16,53	|14,58	|0	|13,71	|19,31	|15,44	|13,4	|19,28	|19,14	|25,07	|14,65	|12,98	|18,98	|16,87	|12,26	|17,1	|17,1	|16,76	|15,29	|16,94	|14,08	|16,76	|16,59	|18,23	|15,81	|17,26	|16,6	|17,03	|16,09	|
________________________________________________________
18	|19,68	|3,6	|1,38	|3,38	|3,48	|3,01	|2,22	|3,39	|2,74	|2,69	|2,64	|3,29	|2,47	|2,61	|2,91	|3,02	|24,57	|100	|11,97	|22,83	|19,34	|13,89	|19,01	|18,72	|19,98	|13,81	|12,12	|17,26	|14,68	|11,16	|17,08	|16,5	|18,51	|16,5	|19,68	|16,81	|16,47	|15,71	|17,53	|14,8	|17,42	|16,45	|16,9	|16,73	|0	|9,12	|0	|19,16	|14,85	|13,14	|18,73	|19,11	|18,81	|19,65	|11,84	|18,51	|16,51	|12,11	|16,82	|16,33	|16,72	|15,57	|16,7	|13,55	|16,44	|16,73	|18,29	|15,9	|16,69	|16,48	|16,9	|16,11	|
________________________________________________________
19	|3,51	|4,04	|0	|0	|3,59	|2,83	|2,66	|3,25	|1,93	|3,46	|2,65	|3,88	|2,58	|2,37	|2,95	|2,87	|25,21	|16,23	|100	|20,14	|21,09	|14,67	|18,62	|18	|18,46	|9,21	|14,43	|16,34	|15,26	|10,97	|17,02	|16,33	|21,88	|17,21	|19,52	|21,21	|18,74	|18,52	|20,01	|12,72	|16,62	|15,69	|16,25	|16,51	|20,26	|0	|9,62	|0	|15,6	|13,01	|18,99	|19,17	|24,09	|16,75	|13,43	|18,45	|17,14	|12,26	|16,84	|16,4	|20,77	|0	|0	|17,49	|18,58	|18,64	|20,07	|16,17	|16,59	|16,49	|16,23	|16,29	|
________________________________________________________
20	|3,4	|18,55	|2,25	|2,49	|3,51	|2,94	|0	|3,58	|1,82	|3,31	|2,25	|3,83	|1,83	|2,59	|2,62	|3,29	|24,83	|18,98	|12,35	|100	|18,88	|13,88	|18,85	|18,66	|16,65	|10,91	|10,85	|19,11	|11,44	|10,83	|16,39	|16,46	|17,75	|18,55	|19,43	|17,51	|16,99	|16,67	|17,88	|14,95	|17,58	|16,28	|16,58	|16,64	|19,49	|13,11	|0	|14,89	|0	|14,11	|18,36	|18,42	|22,51	|16,14	|11,81	|22,05	|14,85	|12,79	|16,79	|16,78	|16,22	|15,21	|16,31	|14,16	|16,57	|17,25	|18,74	|16,35	|17,18	|16,98	|16,98	|16,7	|
________________________________________________________
21	|4,21	|4,11	|2,07	|0	|17,43	|2,62	|1,75	|3,61	|2,28	|3,26	|2,26	|2,65	|2,67	|2,6	|3,58	|3,06	|24,08	|18,9	|15,21	|22,19	|100	|11,77	|18,94	|18,88	|16,67	|10,83	|13,55	|19,13	|17,4	|10,92	|16,28	|16,5	|18,24	|16,33	|19,55	|17,08	|16,49	|16,09	|17,44	|14,81	|17,43	|16,01	|16,27	|16,81	|18,95	|12,62	|13,32	|0	|10,23	|0	|19,46	|18,64	|22,82	|16,33	|12,04	|15,86	|20,73	|12,5	|16,79	|16,76	|16,55	|14,97	|16,49	|14,32	|16,07	|16,4	|18,03	|16,11	|17,21	|16,64	|16,77	|16,19	|
________________________________________________________
22	|3,52	|4,49	|2,14	|3,66	|2,6	|2,79	|0	|0	|1,79	|4,22	|2,66	|3,72	|2,56	|3,07	|3,7	|3,24	|24,8	|18,96	|14,77	|22,8	|16,44	|100	|17,3	|20,09	|16,54	|10,53	|11,98	|18,53	|13,19	|13,62	|16,52	|16,49	|18,36	|17,13	|17,21	|19,06	|17,2	|16,44	|21,51	|15,25	|16,43	|19,29	|18,98	|18,03	|18,95	|13,19	|13,08	|20,61	|0	|10,22	|0	|20,38	|21,69	|16,32	|11,65	|20,25	|17,26	|12,91	|16,82	|16,8	|15,76	|15,27	|17,02	|16,52	|16,38	|17,09	|22,47	|0	|0	|20,47	|18,25	|18,17	|
________________________________________________________
23	|3,69	|4,18	|1,99	|3,11	|3,11	|16,32	|2,6	|2,38	|1,95	|2,8	|2,22	|3,31	|2,1	|2,97	|2,77	|3,76	|25,28	|19,14	|13,83	|22,82	|19,51	|12,75	|100	|19,29	|16,45	|10,32	|12,2	|16,75	|14,45	|9,79	|18,83	|11,94	|18,11	|16,29	|19,08	|17,44	|16,87	|16,44	|16,57	|16,32	|17,41	|16,19	|16,56	|17,12	|18,8	|12,93	|12,32	|18,62	|14,95	|0	|13,05	|0	|22,7	|16,36	|11,65	|18,53	|16,48	|12,4	|21,26	|15,07	|17,11	|15,63	|16,81	|13,82	|16,59	|16,82	|17,79	|16,11	|17,25	|17,05	|17,05	|17,04	|
________________________________________________________
24	|3,58	|4,11	|1,84	|3,23	|3,67	|3,36	|2,48	|0	|1,78	|2,78	|2,19	|3,33	|2,65	|3,1	|3,11	|2,5	|24,56	|18,9	|13,41	|22,66	|19,5	|14,85	|19,35	|100	|16,7	|10,5	|11,94	|16,8	|14,62	|12,46	|19,15	|18,44	|18,29	|16,69	|18,91	|16,83	|16,59	|16,4	|17,52	|15,39	|16,61	|16,65	|16,87	|16,4	|18,88	|12,88	|12,22	|18,67	|15,11	|13,82	|0	|8,09	|22,24	|16,27	|12,2	|18,65	|17,04	|11,91	|14,3	|21,59	|16,66	|15,59	|16,79	|13,98	|16,64	|16,83	|17,89	|15,82	|16,8	|16,93	|16,49	|15,65	|
________________________________________________________
25	|3,87	|3,86	|1,34	|2,95	|2,84	|2,61	|2,02	|2,9	|2,62	|3,58	|0	|4,17	|2,73	|2,99	|3,41	|3,48	|24,56	|19,97	|13,61	|20,01	|17,04	|12,1	|16,34	|16,53	|100	|13,94	|14,77	|19,11	|16,54	|12,69	|18,98	|19,01	|18,42	|16,67	|18,76	|17,35	|16,15	|15,98	|17,62	|14,71	|16,86	|16,39	|16,34	|16,65	|20,03	|8,94	|11,13	|17,31	|13,34	|11,89	|16,72	|16,55	|18,65	|0	|14,19	|21,65	|19,24	|13,91	|18,78	|19,34	|16,91	|14,39	|16,66	|14,42	|16,47	|16,36	|18,41	|16,17	|16,87	|17,15	|16,73	|16,09	|
________________________________________________________
26	|4,24	|3,27	|2,5	|2,62	|3,07	|2,53	|2	|2,94	|18,07	|2,92	|1,57	|4,03	|2,74	|3,2	|3,03	|3,72	|16,78	|21,74	|10,7	|20,66	|17,45	|12,14	|16,14	|16,37	|21,96	|100	|11,84	|19,11	|16,84	|12,44	|19,31	|19,15	|18,82	|17,06	|18,87	|17,2	|18,07	|15,78	|17,82	|14,14	|17,29	|16,46	|16,96	|16,8	|10,83	|16,79	|11,43	|15,88	|12,97	|11,59	|16,61	|16,44	|0	|10,58	|0	|22,28	|18,89	|13,5	|18,79	|19,09	|17,43	|14,75	|16,18	|14,66	|16,21	|16,49	|18,63	|16,47	|16,64	|16,85	|17,01	|16,44	|
________________________________________________________
27	|3,96	|3,68	|2,04	|3,5	|4,36	|2,75	|2,31	|3,45	|2	|2,56	|0	|0	|3,06	|2,67	|3,53	|3,51	|22,76	|16,88	|14,82	|18,16	|19,3	|12,21	|16,88	|16,47	|20,58	|10,47	|100	|16,98	|18,2	|12,75	|18,05	|18,02	|20,56	|18,84	|22,8	|16,35	|16,33	|20,71	|17,68	|14,56	|18,73	|14,31	|16,7	|16,52	|16,72	|11,52	|12,28	|16,92	|14,87	|11,41	|17,46	|16,44	|27,52	|0	|10,39	|0	|20,23	|14,12	|18,53	|17,96	|18,71	|16,68	|21,1	|0	|0	|21,19	|18,1	|15,72	|19,17	|17,31	|16,62	|16,12	|
________________________________________________________
28	|3,51	|4,18	|1,66	|3,34	|3,54	|3,09	|1,65	|2,85	|1,86	|17,45	|2,85	|2,69	|3,08	|3,33	|0	|3,45	|21,98	|17,17	|11,99	|22,86	|19,47	|13,5	|16,55	|16,55	|19,03	|12,07	|12,13	|100	|18,89	|13,84	|18,86	|19,25	|18,91	|16,57	|19,55	|17,45	|16,65	|16,47	|17,58	|15,14	|17,6	|15,91	|17,24	|17,17	|16,81	|11,06	|11,2	|20,26	|10,47	|11,71	|16,18	|16,66	|25,35	|18,67	|0	|15,33	|0	|14,42	|18,3	|19,07	|17,06	|14,53	|16,59	|13,96	|16,47	|16,83	|18,52	|15,8	|17,17	|16,64	|16,49	|16,66	|
________________________________________________________
29	|3,39	|2,88	|2,03	|2,23	|3,46	|2,24	|3	|2,81	|2,29	|3,63	|2,81	|0	|16,6	|2,7	|2,03	|3,56	|21,68	|16,53	|12,68	|15,49	|20,05	|10,88	|16,17	|16,31	|18,64	|12,05	|14,73	|21,39	|100	|11,39	|19,3	|19,46	|18,06	|15,98	|19,82	|17,03	|15,97	|15,82	|17,85	|14,89	|17,53	|15,96	|16,6	|17,2	|16,58	|11,52	|12,41	|12,58	|17,62	|11,39	|16,99	|16,74	|25,52	|18,97	|14,7	|0	|11,76	|0	|19,17	|19,5	|16,29	|14,79	|17,85	|13,49	|16,28	|16,54	|18,36	|16,51	|16,75	|16,6	|15,85	|16,88	|
________________________________________________________
30	|3,41	|3,52	|1,77	|2,66	|3,49	|2,71	|2,2	|3,5	|2,1	|3,59	|2,79	|3,85	|2,53	|2,98	|0	|0	|22,18	|16,76	|12,15	|19,56	|16,78	|14,97	|14,6	|18,53	|19,06	|11,86	|13,75	|20,89	|15,19	|100	|18,15	|20,15	|18,94	|16,66	|19,32	|16,49	|15,6	|18,94	|19,56	|16,78	|21,04	|16,56	|17,66	|19,58	|16,12	|11,6	|11,01	|16,79	|13,04	|13,55	|16,5	|18,79	|25,28	|18,99	|14,16	|22,5	|0	|10,17	|0	|19,31	|16,48	|14,96	|16,54	|14,26	|15,98	|18,9	|20,44	|17,57	|20,45	|0	|0	|20,23	|
________________________________________________________
31	|3,38	|3,53	|1,87	|2,81	|2,98	|3,24	|2,28	|3,79	|2,29	|3,33	|2,48	|3,64	|2,21	|16,16	|3,58	|2,28	|21,68	|17,08	|12,56	|19,71	|16,66	|12,1	|18,71	|18,98	|19	|12,27	|12,97	|18,97	|17,14	|12,09	|100	|21,06	|18,33	|17,01	|19,54	|17,13	|17,08	|16,23	|17,47	|15,42	|16,98	|16,16	|16,66	|16,59	|16,87	|11,5	|10,79	|16,43	|13,49	|11,8	|21,71	|14,25	|25,68	|18,99	|13,54	|21,31	|19,75	|0	|12,83	|0	|16,74	|15,2	|16,96	|14,17	|15,84	|16,62	|18,41	|16,52	|16,88	|17	|16,34	|16,51	|
________________________________________________________
32	|3,22	|3,68	|1,75	|2,68	|2,8	|2,06	|2,16	|2,47	|2,03	|3,51	|2,8	|3,95	|3,2	|3,45	|3,69	|0	|21,45	|16,61	|12,12	|19,92	|16,98	|12,15	|11,94	|18,38	|19,15	|12,24	|13,03	|19,48	|17,39	|13,51	|21,18	|100	|18,57	|17,03	|18,92	|16,74	|16,92	|16	|17,65	|15,22	|16,69	|16,72	|16,98	|16,33	|16,14	|11,43	|11,01	|16,72	|13,05	|12,76	|14,14	|21,09	|25,72	|19,04	|13,66	|21,6	|19,2	|14,2	|0	|8,25	|16,59	|15,02	|16,49	|14,56	|16,19	|16,98	|18,84	|15,77	|17,39	|17,24	|16,54	|15,79	|
________________________________________________________
33	|3,88	|3,94	|0	|3,36	|2,97	|1,62	|1,67	|3,71	|2,26	|3,24	|2,54	|3,64	|2,35	|2,62	|2,81	|2,86	|21,23	|16,65	|14,52	|19,2	|16,79	|12,1	|16,19	|16,3	|16,58	|10,76	|13,29	|17,1	|14,42	|11,35	|16,48	|16,6	|100	|19,01	|21,83	|19,17	|19,04	|18,5	|20,35	|10,37	|16,88	|15,82	|16,54	|16,82	|16,63	|11,65	|13,63	|16,18	|12,99	|13,4	|16,91	|16,58	|22,66	|17	|13,52	|18,55	|16,28	|12,37	|16,77	|16,97	|15,3	|0	|19,16	|15,61	|18,92	|19,07	|23,1	|13,98	|17,62	|16,36	|16,57	|16,51	|
________________________________________________________
34	|3,32	|21,9	|1,25	|3,57	|2,89	|2,85	|2,73	|3,04	|2,2	|3,43	|2,75	|3,9	|2,43	|2,65	|2,93	|3,01	|22,11	|16,2	|12,46	|21,9	|16,4	|12,32	|15,88	|16,23	|16,38	|10,64	|13,29	|16,35	|13,93	|10,89	|16,69	|16,61	|20,75	|100	|21,98	|19,52	|19,18	|18,59	|19,83	|17	|17,27	|16,27	|16,62	|16,82	|16,93	|11,22	|0	|16,79	|12,87	|11,41	|16,52	|16,29	|22,94	|16,55	|13,65	|19,43	|16,81	|12,27	|16,95	|16,54	|0	|12,96	|18,99	|15,62	|18,85	|19,02	|16,74	|21,39	|17,35	|17,12	|16,62	|16,62	|
________________________________________________________
35	|17,14	|3,75	|2,1	|2,45	|3,39	|2,48	|2	|3,47	|2,26	|3,23	|0	|3,95	|2,59	|2,19	|2,45	|3,15	|21,61	|17,14	|12,54	|20,36	|17,43	|10,98	|16,51	|16,32	|16,36	|10,44	|14,27	|17,13	|15,33	|11,21	|17,02	|16,38	|21,15	|19,51	|100	|18,87	|18,98	|17,91	|17,92	|15,16	|18,97	|11,77	|16,83	|17,03	|16,52	|11,09	|0	|16,17	|13,44	|11,45	|16,98	|16,55	|22,66	|16,31	|14,76	|18,1	|16,99	|12,75	|16,9	|16,7	|18,75	|17,25	|15,2	|0	|18,57	|18,85	|18,02	|15,99	|21,21	|14,47	|16,54	|16,4	|
________________________________________________________
36	|3,48	|4,58	|1,99	|0	|3,35	|3,1	|2,07	|2,48	|1,99	|16,92	|2,07	|4,07	|2,18	|3,26	|3,61	|3,1	|21,43	|16,21	|15,09	|20,31	|16,85	|13,46	|16,71	|16,07	|16,75	|10,54	|11,33	|16,92	|14,58	|10,59	|16,51	|16,04	|20,55	|19,17	|20,89	|100	|19,74	|18,95	|17,91	|15,15	|19,58	|18,84	|16,4	|16,06	|16,44	|11,64	|13,63	|16,7	|12,88	|11,58	|16,89	|16,49	|22,46	|16,04	|0	|18,65	|16,22	|12,24	|16,63	|17,07	|18,47	|16,48	|0	|12,73	|19,57	|19,28	|17,96	|15,83	|14,12	|21,66	|17,15	|16,96	|
________________________________________________________
37	|3,93	|4,27	|1,69	|2,88	|2,82	|2,75	|2,03	|2,95	|11,5	|2,99	|2,59	|3,21	|2,84	|2,46	|2,91	|3,94	|21,79	|16,5	|13,85	|20,47	|16,9	|12,62	|16,79	|16,47	|16,19	|11,5	|11,76	|16,77	|14,2	|10,41	|17,1	|16,84	|21,2	|19,57	|21,82	|20,51	|100	|18,01	|17,76	|14,79	|17,22	|16,54	|19,37	|11,67	|16,07	|11,12	|11,88	|16,22	|12,99	|11,65	|16,54	|16,36	|21,84	|16,05	|0	|18,97	|16,37	|12,06	|17,04	|17,1	|18,85	|16,81	|17,95	|15,84	|14,87	|0	|19,07	|15,75	|16,62	|16,73	|21,8	|13,96	|
________________________________________________________
38	|3,48	|4,23	|1,88	|2,89	|2,78	|2,8	|2,04	|3,16	|1,9	|3,77	|3,01	|0	|2,83	|3,1	|2,69	|2,88	|21,45	|16,02	|13,93	|20,43	|16,78	|12,28	|16,66	|16,56	|16,31	|10,22	|15,17	|16,88	|14,32	|12,86	|16,54	|16,21	|20,96	|19,31	|20,96	|20,04	|18,32	|100	|17,81	|14,97	|16,66	|16,75	|19	|19,1	|16,16	|11,43	|12,1	|16,28	|13,29	|11,77	|17,4	|17,01	|22,51	|16,57	|14,5	|17,93	|16,39	|11,79	|16,41	|16,31	|18,69	|16,78	|18,26	|16,64	|0	|15,48	|18,39	|16,07	|16,85	|17,21	|14,27	|21,75	|
________________________________________________________
39	|3,62	|4,08	|1,23	|2,63	|3,71	|2,69	|0	|3,62	|1,85	|2,86	|2,32	|3,17	|2,74	|3	|3,37	|3,4	|21,89	|16,42	|13,82	|20,13	|16,7	|14,75	|15,41	|16,25	|16,51	|10,6	|11,89	|16,55	|14,84	|12,2	|16,35	|16,42	|21,18	|18,91	|19,26	|17,39	|16,6	|16,35	|100	|15,61	|19,65	|18,59	|19,08	|18,99	|16,66	|10,96	|10,95	|16,61	|12,61	|14,63	|16,67	|16,42	|22,72	|16,41	|12,1	|18,48	|17,24	|13,63	|16,88	|16,57	|21,61	|12,01	|16,32	|14,34	|16,15	|16,82	|17,61	|0	|19,34	|19,43	|18,77	|19,12	|
________________________________________________________
40	|2,66	|4,24	|2,51	|2,54	|2,72	|17,95	|1,47	|3,29	|1,73	|2,92	|2,17	|3,49	|2,91	|2,96	|3,34	|3,08	|22,03	|16,39	|10,39	|19,91	|16,78	|12,37	|17,95	|16,88	|16,3	|9,95	|11,58	|16,86	|14,64	|12,37	|17,07	|16,74	|12,76	|19,17	|19,26	|17,39	|16,34	|16,26	|18,46	|100	|19,23	|18,86	|19,16	|19,42	|17,1	|11,83	|11,17	|16,37	|12,46	|0	|16,48	|16,54	|22,25	|16,21	|12,19	|18,57	|16,87	|13,1	|16,37	|16,11	|12,88	|20,89	|15,93	|14,34	|16,72	|17	|0	|12,95	|19,46	|18,67	|18,51	|18,58	|
________________________________________________________
41	|3,8	|3,58	|1,72	|3,4	|17,36	|2,68	|2,44	|2,6	|2,22	|3,27	|1,89	|3,13	|3,03	|2,98	|0	|3,54	|21,81	|16,96	|11,94	|20,58	|17,36	|11,72	|16,84	|16,02	|16,43	|10,69	|13,1	|17,22	|15,15	|13,64	|16,53	|16,14	|18,26	|17,12	|21,2	|19,76	|16,74	|15,91	|20,43	|16,91	|100	|18,47	|19,33	|19,01	|16,89	|11,45	|10,77	|16,4	|13,33	|0	|16,63	|16,58	|22,95	|16,42	|11,77	|18,72	|17,26	|14,27	|16,79	|16,6	|16,79	|15,04	|20,53	|12,04	|16,67	|17,13	|21,41	|17,73	|14,86	|0	|19,32	|18,88	|
________________________________________________________
42	|2,5	|3,82	|2,09	|2,76	|3,36	|3,33	|2,34	|0	|1,83	|3,32	|3,44	|3,37	|2,51	|16,46	|2,67	|3,58	|21,93	|16,77	|11,8	|19,95	|16,7	|14,4	|16,4	|16,81	|16,71	|10,65	|10,48	|16,31	|14,45	|11,24	|16,46	|16,94	|17,92	|16,89	|13,77	|19,92	|16,83	|16,75	|20,24	|17,36	|19,34	|100	|20	|19,16	|16,37	|11,19	|12,44	|17,57	|12,83	|14,26	|16,57	|16,02	|22,2	|16,66	|11,54	|19,13	|16,84	|0	|16,75	|16,51	|16,41	|15,52	|13,92	|19,44	|17,19	|17,1	|20,62	|18,21	|0	|14,65	|19,31	|18,95	|
________________________________________________________
43	|3,28	|3,62	|1,67	|2,84	|3,39	|2,95	|2,41	|3,34	|2,08	|2,81	|2,38	|4,53	|14,59	|2,72	|3,47	|2,75	|21,92	|16,73	|11,86	|19,74	|16,48	|13,76	|16,28	|16,54	|16,18	|10,66	|11,88	|17,15	|14,59	|11,64	|16,49	|16,7	|18,2	|16,76	|19,13	|16,83	|19,14	|18,45	|20,17	|17,13	|19,65	|19,42	|100	|18,98	|16,52	|11,23	|11,09	|16,7	|13,38	|13,38	|16,83	|16,67	|22,46	|16,62	|11,79	|18,9	|16,76	|0	|17	|16,77	|16,8	|14,59	|16,55	|13,87	|21,91	|14,52	|21,07	|17,88	|18,85	|19,3	|14,77	|0	|
________________________________________________________
44	|3,22	|3,73	|1,9	|2,91	|3,38	|3,15	|2,3	|3,62	|1,45	|3,07	|2,56	|2,77	|2,8	|3,15	|3,7	|0	|21,7	|16,65	|12,12	|19,92	|17,12	|13,14	|16,93	|16,17	|16,59	|10,62	|11,81	|17,18	|15,2	|12,98	|16,51	|16,15	|18,61	|17,05	|19,46	|16,57	|11,59	|18,65	|20,19	|17,46	|19,44	|18,71	|19,08	|100	|16,72	|11,46	|10,98	|17,14	|13,31	|13,29	|16,93	|16,57	|22,67	|16,27	|13,32	|18,07	|17,44	|14,78	|16,6	|16,66	|16,47	|14,75	|16,98	|14,09	|13,73	|21,34	|20,2	|17,81	|18,86	|19,19	|0	|14,01	|
________________________________________________________
45	|0	|4,69	|2,05	|3,38	|3,34	|3,14	|2,33	|3,32	|1,25	|2,95	|2,77	|3,59	|2,46	|2,81	|2,84	|3,07	|19,28	|0	|14,99	|23,51	|19,44	|13,91	|18,73	|18,76	|20,1	|6,9	|12,04	|16,95	|14,76	|10,77	|16,9	|16,08	|18,54	|17,29	|19,02	|17,09	|16,08	|15,9	|17,85	|15,49	|17,4	|16,1	|16,73	|16,84	|100	|13,77	|12,52	|18,71	|14,61	|12,68	|19,01	|18,6	|26,28	|20,35	|13,4	|18,88	|17,1	|12,25	|17,15	|17,01	|16,95	|14,44	|16,01	|14,13	|16,72	|16,56	|18,43	|15,79	|17,14	|16,73	|16,9	|16,48	|
________________________________________________________
46	|2,49	|4,01	|14,94	|2,59	|3,37	|3,42	|2,3	|3,53	|2,64	|2,84	|2,59	|3,1	|2,42	|2,84	|2,68	|3,12	|0	|13,28	|0	|22,97	|18,8	|14,07	|18,71	|18,58	|13,02	|15,53	|12,05	|16,2	|14,9	|11,25	|16,75	|16,55	|18,87	|16,64	|18,55	|17,57	|16,17	|16,33	|17,05	|15,56	|17,13	|15,99	|16,52	|16,77	|20,01	|100	|11,31	|18,66	|14,88	|13,18	|19,24	|18,55	|18,18	|19,12	|10,74	|18,43	|17,13	|12,22	|16,86	|16,87	|16,48	|14,94	|16,14	|13,72	|17,25	|17,34	|18,44	|16,14	|17,48	|16,51	|16,82	|16,41	|
________________________________________________________
47	|0	|0	|1,59	|2,61	|3,38	|3,08	|2,62	|3,11	|2,07	|3,54	|3,33	|3,78	|2,51	|2,88	|4,53	|2,96	|26,99	|0	|10,6	|0	|20,35	|14,31	|18,29	|18,07	|16,63	|10,85	|13,17	|16,82	|16,45	|10,95	|16,11	|16,35	|22,63	|0	|0	|21,1	|17,7	|17,72	|17,47	|15,07	|16,53	|18,22	|16,73	|16,47	|18,65	|11,59	|100	|16,69	|16,23	|14,08	|18,37	|17,93	|22,04	|16,59	|14,14	|17,49	|18,52	|12,37	|16,76	|16,97	|20,37	|14,41	|16,18	|18,22	|19,1	|18,63	|18,44	|16,18	|15,36	|19,73	|16,81	|16,71	|
________________________________________________________
48	|3,85	|3,21	|1,75	|16,63	|0	|3,04	|2,42	|3,57	|1,89	|3,62	|2,35	|4,13	|2,03	|3,02	|3,54	|3,27	|25,46	|19,17	|0	|17,91	|0	|15,09	|18,51	|18,5	|17,32	|10,09	|12,16	|20,37	|11,17	|11,19	|16,43	|16,62	|18	|17,11	|18,56	|17,32	|16,19	|15,97	|17,74	|14,79	|16,85	|17,24	|16,87	|17,22	|18,66	|12,81	|11,18	|100	|15,86	|14,43	|18,78	|19,09	|22,37	|16,08	|12,46	|22,23	|19,88	|13,14	|16,7	|17,04	|16,59	|15,53	|16,63	|14,5	|17,07	|17,15	|18,7	|16	|16,61	|17,38	|17,11	|16,4	|
________________________________________________________
49	|3,99	|0	|2,03	|3,4	|2,18	|3,14	|15,75	|2,81	|2,24	|2,33	|2,22	|2,65	|3,45	|2,63	|3,5	|2,85	|25,65	|18,71	|14,5	|0	|13,18	|0	|18,71	|18,86	|16,82	|10,38	|13,46	|13,27	|19,71	|10,95	|16,99	|16,34	|18,2	|16,51	|19,44	|16,82	|16,33	|16,43	|16,97	|14,18	|17,25	|15,85	|17,04	|16,85	|18,36	|12,87	|13,69	|19,98	|100	|11,86	|19,4	|19,15	|23,12	|16,57	|12,08	|13,92	|20,24	|11,35	|17,25	|16,54	|16,94	|14,66	|16,74	|14,07	|16,52	|15,96	|18,94	|15,75	|16,94	|17,01	|17,06	|16,49	|
________________________________________________________
50	|3,64	|4,49	|1,81	|3,46	|0	|0	|2,04	|3,2	|1,7	|2,83	|2,58	|3,26	|2,7	|3,26	|3,67	|3,29	|25,09	|18,66	|13,63	|24,09	|0	|10,63	|0	|19,44	|16,9	|10,45	|11,64	|16,72	|14,36	|12,82	|16,75	|18	|21,15	|16,5	|18,67	|17,05	|16,51	|16,39	|22,18	|0	|0	|19,87	|19,2	|18,96	|17,95	|12,85	|13,39	|20,48	|13,36	|100	|17,55	|20,23	|22,67	|16,86	|12,15	|18,22	|16,67	|14,64	|15,44	|17,75	|19,4	|12,72	|16,81	|14,46	|16,34	|17,07	|22,15	|16,21	|16,79	|21,17	|18,71	|18,34	|
________________________________________________________
51	|3,7	|4,16	|2,13	|2,97	|3,83	|2,01	|2,13	|17,64	|2,01	|2,99	|2,34	|3,45	|2,42	|3,41	|2,87	|3,76	|25,31	|18,65	|13,94	|21,98	|19,82	|0	|12,9	|0	|16,65	|10,5	|12,49	|16,19	|15,02	|10,94	|21,6	|13,99	|18,72	|16,75	|19,4	|17,43	|16,44	|16,99	|17,72	|14,82	|17	|16,18	|16,93	|16,93	|18,87	|13,15	|12,24	|18,69	|15,33	|12,3	|100	|19,8	|23,3	|16,41	|12,19	|18,62	|17,09	|12,16	|19,71	|18,88	|16,94	|15,48	|16,37	|13,74	|16,51	|16,76	|18,48	|16,72	|17,64	|16,47	|16,87	|16,72	|
________________________________________________________
52	|3,82	|3,98	|1,86	|3,41	|3,39	|0	|2,79	|3,42	|1,87	|2,75	|2,27	|3,16	|2,86	|2,21	|2,73	|2,16	|25,24	|19,11	|14,14	|22,16	|19,07	|14,92	|0	|8,01	|16,57	|10,44	|11,81	|16,75	|14,86	|12,52	|14,24	|20,96	|18,43	|16,6	|19	|17,09	|16,33	|16,68	|17,54	|14,93	|17,03	|15,71	|16,84	|16,65	|18,55	|12,73	|12	|19,09	|15,2	|14,25	|19,89	|100	|22,52	|16,34	|12,04	|18,7	|16,34	|12,15	|12,05	|18,83	|16,76	|15,15	|16,55	|14,37	|16,22	|16,57	|17,55	|15,98	|16,5	|16,78	|16,58	|16,63	|
________________________________________________________
53	|2,76	|3,9	|1,39	|2,62	|3,07	|2,73	|2,12	|3,03	|0	|3,62	|2,7	|3,71	|2,9	|2,9	|3,53	|3,3	|24,32	|13,84	|13,08	|19,92	|17,18	|11,69	|16,6	|16,21	|13,73	|0	|14,55	|18,75	|16,67	|12,39	|18,89	|18,8	|18,53	|17,19	|19,13	|17,14	|16,04	|16,25	|17,85	|14,79	|17,34	|16,02	|16,69	|16,75	|19,28	|9,18	|10,86	|16,45	|13,5	|11,75	|17,23	|16,57	|100	|19,24	|13,72	|21,41	|19,5	|13,52	|19,15	|19,17	|16,65	|14,67	|16,62	|14,32	|16,99	|16,78	|18,5	|15,96	|17,22	|16,86	|16,92	|16,36	|
________________________________________________________
54	|3,93	|3,73	|1,95	|2,64	|2,98	|2,65	|2,04	|2,96	|1,21	|3,43	|14,13	|3,18	|2,92	|3,21	|3,18	|3,51	|19,6	|19,94	|12,54	|19,7	|16,96	|12,13	|16,5	|16,36	|0	|6,82	|0	|19,05	|17,09	|12,84	|19,27	|19,2	|19,18	|17,11	|19	|16,88	|16,26	|16,5	|17,79	|14,86	|17,12	|16,59	|17,04	|16,59	|20,6	|13,33	|11,27	|16,32	|13,35	|12,05	|16,73	|16,58	|26,54	|100	|12,25	|21,3	|19,2	|13,09	|19,82	|19,24	|16,88	|14,74	|16,34	|14,13	|16,29	|16,68	|18,47	|15,9	|16,87	|16,73	|16,73	|16,6	|
________________________________________________________
55	|3,82	|3,96	|1,89	|3,54	|2,9	|2,41	|2,08	|2,96	|0	|0	|2,26	|3,21	|3,02	|3,04	|3,73	|3,37	|23,49	|16,25	|13,6	|19,49	|16,92	|11,71	|15,89	|16,59	|19,49	|0	|10,25	|0	|17,92	|12,95	|18,59	|18,64	|20,63	|19,08	|23,26	|0	|0	|19,53	|17,74	|15,12	|16,6	|15,54	|16,36	|18,37	|18,35	|10,13	|12,99	|17,11	|13,16	|11,75	|16,82	|16,53	|25,59	|16,57	|100	|19,25	|20,87	|14,84	|19,69	|19,08	|18,4	|16,76	|20,16	|14,41	|16,71	|20,1	|18,35	|16,12	|17,45	|16,79	|14,98	|17,92	|
________________________________________________________
56	|3,11	|4,35	|1,61	|3,07	|2,63	|2,86	|1,52	|2,88	|2,48	|2,44	|2,31	|18,02	|0	|3,41	|3,69	|3,67	|22,25	|16,47	|12,11	|23,59	|14,43	|13,19	|16,37	|16,43	|19,27	|12,59	|0	|13,71	|0	|13,33	|18,95	|19,09	|18,34	|17,6	|18,48	|17,2	|16,84	|15,64	|17,56	|14,92	|17,11	|16,69	|16,98	|16,15	|16,75	|11,26	|10,42	|19,77	|9,83	|11,41	|16,63	|16,63	|25,88	|18,66	|12,47	|100	|20,93	|13,49	|19,44	|19,1	|16,86	|15,74	|15,98	|14,65	|18,02	|16	|18,36	|16,08	|16,66	|17,12	|16,75	|16,63	|
________________________________________________________
57	|3,27	|3,46	|1,81	|3,41	|3,76	|2,68	|2,43	|2,81	|2,26	|0	|2,78	|4	|1,62	|3,25	|17,44	|3,17	|21,88	|16,24	|12,44	|17,57	|20,86	|12,44	|16,11	|16,61	|18,94	|11,8	|14,3	|0	|10,28	|0	|19,42	|18,77	|17,81	|16,85	|19,19	|16,55	|16,08	|15,81	|18,11	|14,99	|17,45	|16,25	|16,66	|17,24	|16,78	|11,57	|12,2	|19,55	|15,81	|11,55	|16,89	|16,07	|26,08	|18,61	|14,95	|23,15	|100	|12,78	|19,62	|19,36	|15,77	|14,47	|16,94	|14,15	|16,1	|16,64	|18,05	|16,1	|17,11	|17,44	|16,89	|16,76	|
________________________________________________________
58	|3,31	|3,98	|1,66	|3,79	|3,36	|2,93	|2,14	|3,83	|2,19	|3,43	|2,54	|3,94	|0	|0	|3,09	|2,93	|22,15	|16,6	|12,39	|21,08	|17,53	|12,95	|16,89	|16,17	|19,07	|11,75	|13,9	|19,87	|0	|9,28	|0	|19,34	|18,85	|17,13	|20,05	|17,4	|16,49	|15,85	|19,95	|16,22	|20,09	|0	|0	|20,35	|16,75	|11,49	|11,35	|18,01	|12,34	|14,12	|16,75	|16,66	|25,17	|17,68	|14,81	|20,78	|17,8	|100	|17,69	|20,02	|16,74	|14,93	|17,58	|12,98	|15,88	|16,29	|20	|17,62	|20,14	|17,13	|16,64	|19,71	|
________________________________________________________
59	|3,32	|3,66	|1,61	|2,47	|3,08	|3,15	|2,12	|3,44	|2,17	|3,19	|2,58	|3,77	|3,04	|2,01	|2,92	|17,92	|22,31	|16,65	|12,29	|19,98	|17	|12,19	|20,9	|14,03	|18,61	|11,81	|13,17	|18,21	|16,84	|0	|12,69	|0	|18,46	|17,09	|19,19	|17,07	|16,83	|15,93	|17,84	|14,63	|17,07	|16,26	|17	|16,5	|16,93	|11,46	|11,11	|16,53	|13,55	|10,76	|19,6	|11,92	|25,76	|19,33	|14,2	|21,63	|19,74	|12,77	|100	|21,45	|16,7	|14,95	|16,61	|13,78	|16,07	|16,08	|18,78	|16,31	|16,87	|16,55	|17,92	|16,25	|
________________________________________________________
60	|3,31	|3,62	|1,62	|2,68	|2,97	|2,35	|2,32	|3,37	|2,23	|3,36	|2,66	|3,92	|3,09	|0	|3,66	|3,97	|22,43	|16,25	|12,04	|20,08	|17,06	|12,24	|14,9	|21,28	|19,26	|12,06	|12,84	|19,08	|17,23	|12,8	|0	|8,16	|18,77	|16,76	|19,07	|17,61	|16,99	|15,91	|17,61	|14,48	|16,97	|16,11	|16,85	|16,65	|16,88	|11,53	|11,3	|16,96	|13,06	|12,44	|18,88	|18,73	|25,93	|18,87	|13,83	|21,36	|19,58	|14,54	|21,57	|100	|16,88	|14,45	|16,26	|13,72	|16,45	|16,7	|18,09	|15,57	|17,06	|16,5	|16,9	|16,15	|
________________________________________________________
61	|3,97	|0	|1,78	|3,15	|2,79	|2,16	|2,44	|3,46	|2,22	|3,24	|2,52	|3,86	|2,45	|2,77	|2,76	|3,13	|21,95	|16,61	|15,23	|19,38	|16,82	|11,47	|16,89	|16,4	|16,81	|11	|13,36	|17,04	|14,37	|10,9	|16,63	|16,38	|16,9	|0	|21,38	|19,03	|18,69	|18,22	|22,93	|11,56	|17,13	|16	|16,86	|16,44	|16,8	|11,24	|13,55	|16,48	|13,36	|13,57	|16,91	|16,66	|22,49	|16,52	|13,32	|18,84	|15,93	|12,14	|16,76	|16,85	|100	|15,99	|19,01	|16,09	|18,95	|18,96	|21,22	|18,75	|16,9	|16,88	|16,86	|16,58	|
________________________________________________________
62	|3,88	|3,11	|11,36	|2,8	|3,08	|3,84	|2,26	|2,48	|1,97	|3,12	|2,44	|4,27	|2,26	|2,79	|2,61	|2,85	|22,32	|17,24	|0	|20,25	|16,95	|12,38	|17,19	|17,09	|15,95	|10,37	|13,27	|16,17	|14,54	|11,03	|16,83	|16,52	|0	|14,61	|21,92	|18,92	|18,58	|18,22	|14,2	|20,88	|17,11	|16,86	|16,31	|16,4	|15,95	|11,36	|10,68	|17,19	|12,88	|9,92	|17,22	|16,77	|22,08	|16,07	|13,52	|19,58	|16,28	|12,06	|16,72	|16,08	|17,82	|100	|18,56	|15,79	|19,29	|19,06	|12,86	|18,71	|16,97	|17,12	|16,85	|17,16	|
________________________________________________________
63	|3,05	|4,15	|1,66	|16,71	|3,63	|2,58	|2,11	|3,6	|2,33	|0	|2,61	|3,93	|2,7	|2,23	|3,33	|3,22	|22,44	|16,78	|0	|19,71	|16,96	|12,52	|16,78	|16,72	|16,76	|10,33	|15,23	|16,76	|15,93	|11,07	|17,04	|16,47	|21,4	|19,44	|17,53	|0	|18,01	|18	|17,51	|14,46	|21,19	|13,72	|16,8	|17,14	|16,05	|11,14	|10,89	|16,71	|13,35	|11,9	|16,53	|16,63	|22,7	|16,18	|14,76	|18,05	|17,3	|12,89	|16,87	|16,42	|19,23	|16,85	|100	|15,67	|18,3	|18,58	|18,65	|15,95	|19,74	|19,76	|16,76	|16,05	|
________________________________________________________
64	|0	|4,76	|2,08	|3,33	|2,61	|2,96	|2,02	|2,1	|2,24	|2,59	|16,37	|3,57	|2,23	|3,61	|3,5	|2,45	|21,84	|15,94	|15,18	|20,04	|17,23	|14,23	|16,15	|16,29	|16,98	|10,96	|0	|16,51	|14,09	|11,18	|16,66	|17,02	|20,41	|18,71	|0	|15,53	|18,59	|19,2	|18,02	|15,24	|14,55	|22,44	|16,48	|16,65	|16,58	|11,08	|14,35	|17,05	|13,14	|11,98	|16,24	|16,9	|22,89	|16,37	|12,34	|19,37	|16,92	|11,14	|16,38	|16,22	|19,05	|16,78	|18,34	|100	|18,67	|19,61	|18,72	|15,86	|11,01	|19,95	|16,4	|16,45	|
________________________________________________________
65	|3,66	|3,96	|1,9	|3,24	|2,75	|2,66	|2,17	|2,98	|1,56	|3,69	|2,2	|20,22	|3,43	|2,55	|2,87	|3,24	|22,06	|16,42	|13,68	|19,89	|16,42	|11,97	|16,45	|16,45	|16,45	|10,28	|0	|16,53	|14,43	|10,63	|15,8	|16,06	|20,99	|19,17	|21,28	|20,26	|14,82	|0	|17,22	|15,07	|17,09	|16,83	|22,09	|13,77	|16,64	|11,82	|12,76	|17,04	|13,09	|11,49	|16,55	|16,19	|23,05	|16,02	|12,15	|20,22	|16,33	|11,57	|16,21	|16,5	|19,04	|17,39	|18,18	|15,84	|100	|18,57	|18,88	|16,26	|16,79	|16,9	|19,44	|18,75	|
________________________________________________________
66	|3,52	|4,13	|2,06	|3,18	|2,74	|2,58	|2,1	|2,93	|0	|3,49	|3	|3,73	|2,04	|3,22	|2,94	|1,95	|21,7	|16,6	|13,64	|20,58	|16,64	|12,42	|16,58	|16,54	|16,24	|10,39	|15,1	|16,79	|14,57	|12,49	|16,48	|16,74	|21,04	|19,22	|21,47	|19,84	|0	|15,06	|17,82	|15,23	|17,46	|16,64	|14,55	|21,27	|16,38	|11,81	|12,37	|17,01	|12,57	|11,93	|16,71	|16,44	|22,62	|16,31	|14,52	|17,84	|16,78	|11,8	|16,12	|16,65	|18,94	|17,08	|18,34	|16,54	|18,46	|100	|18,4	|16,24	|17,04	|17,12	|12,02	|19,2	|
________________________________________________________
67	|3,55	|3,55	|1,24	|2,78	|3,46	|0	|2,25	|3,96	|2	|2,7	|2,55	|3,56	|2,87	|2,95	|3,24	|3,55	|21,66	|16,48	|13,35	|20,31	|16,62	|14,83	|15,93	|15,97	|16,6	|10,67	|11,72	|16,78	|14,69	|12,27	|16,59	|16,87	|23,14	|15,36	|18,64	|16,78	|17,15	|16,25	|16,95	|0	|19,82	|18,23	|19,19	|18,29	|16,56	|11,41	|11,13	|16,85	|13,55	|14,06	|16,74	|15,81	|22,66	|16,4	|12,04	|18,6	|16,53	|13,15	|17,1	|16,38	|19,25	|10,47	|16,72	|14,34	|17,05	|16,72	|100	|17,93	|19,98	|19,16	|19,57	|19,05	|
________________________________________________________
68	|3,46	|5,04	|1,81	|2,9	|3,37	|2,1	|12,9	|3,13	|1,82	|2,94	|2,27	|3,35	|2,72	|3,07	|3,45	|3,44	|21,52	|16,42	|12,31	|20,3	|17,02	|0	|16,53	|16,19	|16,71	|10,8	|11,66	|16,4	|15,14	|12,08	|17,05	|16,19	|16,05	|22,5	|18,96	|16,94	|16,23	|16,28	|0	|12,08	|18,8	|18,45	|18,65	|18,48	|16,27	|11,44	|11,19	|16,51	|12,9	|11,79	|17,35	|16,5	|22,4	|16,18	|12,13	|18,67	|16,9	|13,28	|17,02	|16,16	|19,49	|17,45	|16,39	|13,92	|16,82	|16,91	|20,55	|100	|19,44	|19,41	|18,96	|18,94	|
________________________________________________________
69	|4,03	|3,68	|1,48	|2,98	|2,69	|3,29	|2,07	|17,4	|2,24	|2,52	|1,46	|3,37	|2,99	|0	|3,44	|3,61	|22,34	|16,38	|12,01	|20,28	|17,29	|0	|16,83	|16,33	|16,57	|10,37	|13,52	|16,94	|14,6	|13,37	|16,56	|16,96	|19,23	|17,34	|23,89	|14,37	|16,28	|16,22	|20,27	|17,25	|14,98	|0	|18,69	|18,6	|16,78	|11,78	|10,09	|16,29	|13,19	|11,6	|17,4	|16,19	|22,97	|16,31	|12,48	|18,38	|17,07	|14,43	|16,73	|16,83	|16,7	|15,04	|19,28	|9,18	|16,51	|16,85	|21,76	|18,48	|100	|19,34	|18,73	|18,73	|
________________________________________________________
70	|2,6	|3,76	|1,98	|3,4	|0	|3,11	|2,54	|3,47	|1,87	|3,57	|2,75	|3,43	|2,91	|2,25	|17,38	|3,04	|21,45	|16,15	|11,93	|20,01	|16,69	|14,69	|16,61	|16,44	|16,82	|10,49	|12,19	|16,4	|14,44	|0	|16,66	|16,79	|17,83	|17,09	|16,28	|22,01	|16,37	|16,55	|20,34	|16,53	|0	|14,09	|19,12	|18,9	|16,36	|11,11	|12,95	|17,03	|13,24	|14,62	|16,22	|16,44	|22,47	|16,15	|11,99	|18,87	|17,38	|12,26	|16,39	|16,25	|16,65	|15,16	|19,27	|16,63	|16,59	|16,92	|20,84	|18,43	|19,31	|100	|18,87	|18,55	|
________________________________________________________
71	|3,26	|3,64	|1,53	|2,86	|3,45	|3,02	|2,26	|3,21	|2,57	|2,75	|2,02	|3,82	|1,91	|3,18	|3,03	|17,97	|22,28	|16,77	|11,88	|20,26	|17,03	|13,26	|16,81	|16,21	|16,61	|10,72	|11,85	|16,45	|13,97	|0	|16,21	|16,31	|18,28	|16,8	|18,85	|17,65	|21,59	|13,89	|19,9	|16,6	|19,69	|18,8	|14,81	|0	|16,73	|11,46	|11,17	|16,98	|13,44	|13,08	|16,82	|16,46	|22,82	|16,36	|10,83	|18,69	|17,04	|12,05	|17,97	|16,85	|16,85	|15,11	|16,55	|13,84	|19,33	|12,03	|21,55	|18,22	|18,94	|19,1	|100	|18,75	|
________________________________________________________
72	|3,17	|3,63	|1,86	|2,71	|3,26	|3,17	|2,19	|3,31	|1,51	|2,99	|2,51	|3,87	|0	|3,25	|3,45	|3,54	|21,34	|16,22	|12,09	|20,21	|16,66	|13,39	|17,04	|15,6	|16,2	|10,51	|11,66	|16,86	|15,08	|13,56	|16,6	|15,79	|18,47	|17,04	|18,95	|17,69	|14,02	|21,47	|20,55	|16,89	|19,52	|18,71	|0	|14,16	|16,54	|11,34	|11,26	|16,5	|13,17	|13	|16,9	|16,73	|22,37	|16,46	|13,13	|18,81	|17,14	|14,48	|16,52	|16,34	|16,8	|15,6	|16,07	|14,07	|18,9	|19,48	|21,27	|18,46	|19,21	|19,04	|19,01	|100	|
________________________________________________________
