0	|1	|2	|3	|4	|5	|6	|7	|8	|9	|10	|11	|12	|13	|14	|15	|16	|17	|18	|19	|20	|21	|22	|23	|24	|25	|26	|27	|28	|29	|30	|31	|32	|33	|34	|35	|36	|37	|38	|39	|40	|41	|42	|43	|44	|45	|46	|47	|48	|49	|50	|51	|52	|53	|54	|55	|56	|57	|58	|59	|60	|61	|62	|63	|64	|65	|66	|67	|68	|69	|70	|71	|72	|
1	|100	|3,46	|2,02	|3,04	|4,03	|2,26	|2,92	|4,66	|3,46	|2,65	|0	|3,94	|3,19	|1,87	|2,68	|3,34	|24,2	|100	|11,8	|20,82	|20,94	|13,24	|18,57	|18,48	|20,1	|14,93	|13,39	|15,74	|16,04	|11,04	|17,21	|16,97	|23,77	|17,54	|100	|18,9	|19,74	|19,05	|20,82	|12,61	|19,98	|11,22	|17,48	|16,46	|0	|8,94	|0	|19,47	|17,06	|12,37	|19,8	|18,72	|19,32	|21,46	|13,93	|18,57	|16,88	|13,24	|17,79	|17,09	|19,86	|16,52	|14,69	|0	|18,66	|17,6	|19,77	|16,16	|22,48	|14,32	|17,33	|16,28	|
________________________________________________________
2	|3,16	|100	|2	|3,08	|3,43	|3,6	|0	|3,6	|1,81	|3,95	|3,19	|4,28	|1,67	|2,58	|2,44	|3,1	|25,51	|16,5	|12,63	|100	|19,55	|13,81	|18,75	|18,89	|18,15	|8,29	|13,23	|19,74	|11,2	|11,5	|16,78	|16,2	|17,68	|100	|19,55	|20,81	|19,55	|18,67	|20,62	|16,89	|16,39	|16,39	|17,19	|17,22	|20,46	|12,85	|0	|14,28	|0	|14,42	|18,64	|18,75	|23,56	|16,78	|13,1	|21,77	|14,88	|11,78	|16,72	|16,58	|0	|13,87	|19,66	|18,45	|19,36	|18,7	|15,9	|21,47	|16,94	|16,12	|16,28	|16,28	|
________________________________________________________
3	|4,04	|4,4	|100	|2,23	|4,04	|4,04	|2,47	|2,89	|3,01	|3,44	|3,56	|3,32	|2,83	|3,01	|3,68	|3,56	|0	|14,59	|0	|25,86	|21,34	|13,44	|19,17	|19,41	|14,1	|14,65	|14,04	|16,4	|15,85	|10,85	|16,03	|16,03	|0	|16,03	|24,77	|21,16	|18,69	|18,99	|15,43	|21,4	|19,77	|18,57	|16,7	|16,58	|18,2	|100	|10,07	|16,88	|15,37	|11,57	|17,9	|19,41	|17,6	|20,43	|15,01	|15,97	|18,38	|14,23	|16,21	|15,67	|19,35	|100	|17,3	|19,11	|18,38	|19,95	|12,48	|18,63	|15,79	|18,63	|17,96	|17,6	|
________________________________________________________
4	|3,63	|4,02	|1,33	|100	|0	|3,34	|2,73	|3,95	|2,41	|0	|2,37	|4,63	|1,97	|2,51	|4,2	|4,2	|27,22	|20,36	|0	|17,09	|0	|14,58	|19,21	|18,78	|18,46	|10,38	|14,83	|20,14	|13	|11,1	|15,66	|15,37	|23,63	|19,46	|17,38	|0	|18,82	|18,17	|17,63	|14,65	|21,87	|13,18	|16,23	|16,66	|22,51	|12,06	|10,56	|100	|17,85	|13,72	|18,38	|18,42	|23,09	|15,66	|14,72	|20,9	|21,04	|17,31	|16,77	|17,49	|19,57	|14,9	|100	|14,83	|17,27	|18,46	|17,81	|16,27	|19,39	|19,35	|15,94	|17,41	|
________________________________________________________
5	|4,63	|4,31	|2,31	|0	|100	|2,59	|2,38	|3,62	|2,21	|3,8	|2,28	|3,11	|3,24	|2,87	|0	|4,59	|25,16	|19,74	|14,43	|22,68	|100	|12,7	|16,57	|19,71	|15,81	|9,91	|17,36	|19,12	|16,43	|13,32	|17,71	|15,67	|16,85	|16,4	|22,09	|19,61	|14,84	|16,71	|22,16	|15,08	|100	|18,29	|18,16	|18,71	|17,98	|12,91	|13,36	|0	|10,8	|0	|21,06	|18,64	|23,68	|17,78	|12,74	|15,91	|23,2	|14,84	|18,05	|16,5	|16,09	|15,57	|21,85	|11,01	|14,77	|15,4	|21,64	|19,36	|14,88	|0	|20,16	|20,37	|
________________________________________________________
6	|2,76	|4,82	|2,47	|3,42	|2,76	|100	|1,88	|3,28	|2,1	|4,49	|2,5	|3,46	|2,54	|4,12	|3,57	|3,98	|24,48	|18,78	|12,63	|23,64	|16,9	|13,22	|100	|20,1	|16,75	|10,82	|12,26	|17,86	|12,89	|12,81	|20,21	|12,15	|11,41	|19,07	|16,31	|18,78	|17,71	|17,05	|18,89	|100	|16,46	|20,25	|20,95	|18,92	|18,59	|13,11	|12,96	|20,91	|15,83	|0	|13,18	|0	|23,6	|16,72	|12,15	|20,91	|19,18	|12,63	|20,88	|13,92	|13,88	|21,21	|16,53	|16,83	|17,34	|15,46	|0	|12,81	|20,58	|20,1	|18,23	|19	|
________________________________________________________
7	|4,5	|0	|1,9	|3,53	|3,2	|2,37	|100	|3,11	|1,81	|2,23	|2,09	|2,46	|3,39	|3,62	|4,04	|2,23	|24,41	|19,44	|14,43	|0	|13,18	|0	|18,89	|21,11	|16,66	|10,44	|12,99	|12,81	|19,68	|12,3	|15,92	|17,59	|15,45	|23,16	|18,7	|14,94	|16,66	|16,43	|0	|11,79	|19,95	|20,09	|18,65	|18,89	|18,7	|12,11	|13,41	|22,46	|100	|11,79	|16,84	|20,7	|22,41	|16,71	|13,5	|13,64	|19,91	|13,27	|13,92	|19,81	|19,63	|17,49	|16,94	|14,76	|16,33	|15,59	|19,77	|100	|17,45	|19,86	|17,91	|17,17	|
________________________________________________________
8	|5,2	|4,39	|1,61	|3,69	|3,52	|2,99	|2,25	|100	|2,01	|2,58	|1,17	|3,52	|2,65	|0	|3,25	|4,29	|23,28	|18,48	|14,53	|25,7	|20,76	|0	|13,15	|0	|15,67	|11,37	|13,72	|16,94	|15,23	|13,42	|21,27	|14,83	|21,7	|17,38	|24,32	|14,99	|16,47	|15,33	|21,34	|17,21	|15,46	|0	|18,69	|18,01	|18,35	|13,65	|11,14	|20,16	|13,96	|11	|100	|19,19	|22,81	|17,48	|12,75	|19,32	|18,58	|14,69	|19,19	|19,66	|20,23	|12,51	|18,72	|8,15	|15,67	|17,41	|23,21	|16,84	|100	|18,92	|19,02	|18,69	|
________________________________________________________
9	|6,04	|3,47	|2,63	|3,52	|3,36	|2,99	|2,05	|3,15	|100	|2,52	|1,63	|3,52	|3,73	|2,31	|3,41	|4,78	|17,8	|22,74	|12,82	|17,49	|18,12	|12,34	|17,12	|16,28	|23,42	|100	|10,45	|17,49	|18,38	|11,55	|18,64	|18,33	|20,54	|18,8	|22,9	|17,38	|100	|18,33	|18,17	|14,76	|18,49	|14,34	|18,86	|11,5	|11,19	|14,86	|13,5	|17,33	|15,18	|11,5	|16,12	|16,33	|0	|10,98	|0	|23,27	|20,48	|13,5	|20,64	|19,8	|19,75	|17,33	|19,91	|16,07	|14,76	|0	|18,8	|15,55	|18,75	|17,23	|20,22	|14,34	|
________________________________________________________
10	|3,06	|5	|1,98	|0	|3,82	|4,24	|1,67	|2,68	|1,67	|100	|2,43	|3,41	|3,13	|3,72	|0	|3,51	|21,44	|15,81	|15,64	|23,11	|20,47	|16,92	|17,06	|17,1	|20,92	|11,01	|11,64	|100	|19,81	|13,52	|20,29	|19,84	|21,2	|18,1	|20,71	|100	|16,68	|20,33	|17,1	|15,36	|20,47	|18,31	|16,89	|18,31	|17,03	|11,99	|13,34	|19,7	|10,39	|10,84	|15,77	|16,57	|26,79	|19,35	|0	|15,43	|0	|12,82	|19,11	|19,84	|18,97	|16,75	|0	|12,58	|20,15	|21,51	|18,49	|16,33	|14,77	|22,17	|14,94	|17,13	|
________________________________________________________
11	|0	|5,05	|2,57	|2,87	|2,87	|2,96	|1,96	|1,52	|1,35	|3,05	|100	|3,26	|2,39	|4	|4,61	|2,96	|18,32	|20,5	|14,75	|19,1	|18,32	|12,75	|16,32	|16,67	|0	|6,4	|0	|20,84	|15,45	|12,14	|18,32	|18,54	|21,15	|20,1	|0	|15,1	|19,5	|20,63	|18,36	|14,01	|14,45	|22,28	|15,97	|19,67	|19,28	|13,88	|12,53	|16,45	|13,05	|11,14	|16,06	|15,71	|26,85	|100	|10,31	|19,1	|21,24	|13,23	|18,71	|18,19	|19,15	|15,67	|18,89	|100	|16,49	|21,19	|17,15	|16,01	|10,4	|19,32	|14,84	|19,19	|
________________________________________________________
12	|4	|4,76	|1,68	|3,94	|2,75	|2,87	|1,62	|3,21	|2,05	|2,99	|2,29	|100	|0	|3,33	|3,05	|3,57	|21,29	|16,34	|13,35	|23,06	|15,24	|12,86	|16,07	|16,95	|20,65	|11,36	|0	|13,1	|0	|13,99	|18,81	|18,63	|20,86	|19,12	|22,45	|21,47	|15,73	|0	|18,14	|14,87	|17,2	|16,31	|22,51	|15,12	|18,36	|11,24	|12,16	|19,52	|10,38	|11,36	|17,62	|16,34	|25,2	|16,22	|11,45	|100	|20,37	|14,2	|18,2	|18,81	|18,81	|16,83	|19,76	|14,02	|100	|18,23	|17,93	|15,39	|17,35	|16,4	|17,32	|18,75	|
________________________________________________________
13	|4,3	|2,47	|1,91	|2,23	|3,81	|2,8	|2,96	|3,2	|2,88	|3,65	|2,23	|0	|100	|2,03	|3,16	|3,97	|21,77	|16,7	|13,46	|15,16	|20,55	|13,78	|15,08	|19,21	|18,97	|12,36	|15,81	|21,36	|100	|11,03	|16,74	|19,94	|18,28	|16,34	|21,28	|16,58	|19,09	|18,36	|20,75	|17,07	|20,11	|16,21	|100	|19,98	|16,74	|11,23	|11,88	|13,5	|17,55	|13,74	|16,09	|19,86	|25,42	|18,16	|13,13	|0	|13,25	|0	|20,67	|22,66	|16,9	|13,25	|17,92	|12,73	|22,09	|13,74	|20,96	|18,16	|20,84	|20,55	|14,55	|0	|
________________________________________________________
14	|2,24	|3,4	|1,81	|2,53	|3	|4,05	|2,82	|0	|1,59	|3,87	|3,33	|3,94	|1,81	|100	|2,89	|3,4	|20,1	|16,52	|12,76	|18,87	|16,31	|14,68	|20,86	|19,63	|19,2	|11,61	|11,1	|18,91	|14,82	|10,95	|100	|21,44	|18,11	|17,28	|13,56	|20,64	|14,28	|17,43	|20,25	|16,92	|20,32	|100	|17,79	|20,86	|16,2	|10,12	|11,28	|16,99	|13,77	|14,86	|22,05	|13,3	|24,58	|19,09	|14,24	|23,9	|21,04	|0	|12,15	|0	|16,56	|14,61	|12,8	|18,69	|16,34	|19,05	|21,44	|17,35	|0	|12,98	|20,93	|19,02	|
________________________________________________________
15	|3,02	|3,02	|2,07	|3,97	|0	|3,29	|2,95	|3,29	|2,21	|0	|3,6	|3,39	|2,65	|2,72	|100	|2,61	|21,32	|16,73	|11,95	|17,82	|21,69	|14,83	|16,87	|17,04	|19,25	|11,68	|14,46	|0	|10,29	|0	|19,42	|20,71	|17,18	|16,02	|16,46	|23,32	|15,82	|14,73	|20,81	|16,97	|0	|13,78	|21,25	|20,2	|16,97	|10,9	|15,95	|19,72	|15,34	|13,27	|16,7	|16,09	|24,61	|18,91	|14,73	|22,34	|100	|12,53	|15,85	|20,23	|16,12	|13,68	|19,21	|16,6	|15,44	|15,85	|21,11	|17,82	|19,79	|100	|15,95	|20,26	|
________________________________________________________
16	|3,72	|3,79	|1,98	|3,93	|4,46	|3,62	|1,61	|4,3	|3,05	|3,39	|2,28	|3,93	|3,29	|3,15	|2,58	|100	|21,48	|16,21	|11,44	|21,64	|18,62	|13,49	|22,11	|14,33	|18,99	|12,21	|13,93	|20,37	|19,46	|0	|12,42	|0	|17,65	|16,58	|20,3	|14,83	|21,38	|14,56	|19,63	|17,32	|21,44	|21,24	|14,7	|0	|16,91	|11,51	|11,07	|18,56	|11,17	|12,45	|19,09	|10,2	|25,17	|18,69	|14,19	|21,95	|17,75	|12,45	|100	|21,17	|16,58	|14,87	|19,36	|12,89	|17,99	|10,94	|21,07	|17,79	|19,63	|16,41	|100	|18,89	|
________________________________________________________
17	|3,68	|4,26	|0	|3,47	|3,34	|3,05	|2,41	|3,18	|1,55	|2,83	|1,93	|3,19	|2,46	|2,55	|2,88	|2,93	|100	|18,28	|13,68	|22,91	|19,45	|13,57	|19,1	|18,38	|18,67	|8,37	|11,44	|16,82	|14,56	|11,22	|16,58	|16,68	|18,32	|17,02	|19,42	|16,91	|16,7	|17,04	|18,12	|14,77	|16,94	|15,77	|16,59	|16,81	|14,72	|0	|13,27	|19,32	|15,33	|12,68	|19,1	|18,72	|25,23	|14,42	|12,49	|18,5	|17,39	|12,14	|16,38	|16,57	|16,53	|14,68	|16,27	|14,23	|16,02	|16,57	|17,74	|15,94	|16,59	|16,73	|16,53	|16,65	|
________________________________________________________
18	|19,94	|3,61	|1,45	|3,4	|3,43	|3,06	|2,51	|3,31	|2,6	|2,73	|2,83	|3,21	|2,47	|2,74	|2,96	|2,9	|23,94	|100	|12,2	|23,09	|19,33	|13,62	|19,24	|18,82	|19,82	|14,38	|11,55	|15,97	|14,86	|10,69	|16,74	|16,36	|18,3	|17,05	|19,94	|16,81	|17,03	|16,56	|17,59	|14,66	|17,58	|15,89	|16,53	|16,64	|0	|9,21	|0	|19,27	|15,66	|13,02	|19,02	|19,28	|19,07	|20,16	|11,92	|18,94	|17,64	|12,34	|16,7	|16,7	|16,13	|14,88	|16,78	|14,27	|16,04	|16,05	|17,84	|16,08	|17,16	|16,5	|16,67	|16,4	|
________________________________________________________
19	|3,22	|3,78	|0	|0	|3,44	|2,82	|2,56	|3,56	|2,01	|3,7	|2,79	|3,59	|2,73	|2,9	|2,9	|2,8	|24,55	|16,73	|100	|20,58	|20,95	|13,93	|18,94	|18,24	|17,86	|8,84	|14,11	|17,11	|15,04	|11,06	|16,67	|16,87	|22,34	|16,97	|19,68	|20,68	|18,91	|18,87	|20,24	|12,63	|16,54	|16,73	|17,15	|16,73	|19,47	|0	|9,51	|0	|16,2	|13,32	|19,05	|18,02	|24,27	|16,58	|13,54	|18,67	|16,9	|12,17	|17	|16,25	|20,64	|0	|0	|17,45	|18,39	|18,38	|20,1	|16,42	|16,56	|16,9	|16,22	|16,94	|
________________________________________________________
20	|3,45	|18,16	|2,14	|2,37	|3,28	|3,2	|0	|3,82	|1,66	|3,32	|2,19	|3,76	|1,86	|2,6	|2,62	|3,22	|24,93	|19,19	|12,47	|100	|19,67	|13,9	|18,64	|18,63	|16,72	|10,53	|10,99	|18,86	|11,54	|11,03	|16,59	|16,52	|17,53	|18,16	|19,02	|17,18	|17,08	|16,8	|17,78	|14,76	|17,15	|16,16	|16,6	|16,99	|19,04	|13,46	|0	|14,31	|0	|13,87	|19,4	|18,79	|22,55	|16,06	|11,93	|21,88	|15,23	|13	|16,45	|16,21	|16,41	|14,9	|16,4	|14,68	|16,53	|16,73	|18,29	|16,24	|16,86	|17,26	|16,63	|16,82	|
________________________________________________________
21	|4,06	|4,15	|2,06	|0	|16,89	|2,68	|1,66	|3,61	|2,01	|3,43	|2,45	|2,91	|2,96	|2,63	|3,73	|3,24	|24,75	|18,79	|14,85	|23,01	|100	|12,09	|18,94	|18,69	|16,38	|10,57	|13,18	|19,51	|17,57	|10,81	|16,57	|16,72	|17,59	|16,52	|19,64	|17,18	|16,24	|16,49	|18,01	|14,65	|16,89	|16,15	|16,96	|16,5	|18,85	|13,24	|13,41	|0	|10,36	|0	|19,08	|18,68	|22,66	|16,4	|11,9	|15,97	|21,29	|12,08	|17,34	|16,58	|15,99	|15,01	|16,68	|14,02	|16,19	|15,91	|18,07	|15,99	|17,07	|17,16	|16,81	|16,76	|
________________________________________________________
22	|3,65	|4,17	|1,85	|3,36	|3,05	|2,98	|0	|0	|1,95	|4,04	|2,43	|3,49	|2,82	|3,36	|3,62	|3,33	|24,56	|18,82	|14,03	|23,11	|17,19	|100	|17,83	|20,5	|16,66	|11,14	|12,1	|17,79	|13,14	|13,27	|16,94	|17,07	|17,3	|16,65	|17,45	|19,04	|16,9	|16,23	|22,22	|15,03	|17,67	|19,68	|19,03	|18,16	|18,97	|13,38	|12,62	|20,35	|0	|9,99	|0	|19,63	|22,04	|16,08	|11,65	|19,99	|17,7	|13,36	|16,38	|16,68	|16,29	|14,59	|16,69	|15,5	|16,59	|16,84	|22,68	|0	|0	|20,28	|18,9	|18,33	|
________________________________________________________
23	|3,74	|4,14	|1,93	|3,24	|2,91	|16,46	|2,47	|2,38	|1,98	|2,98	|2,27	|3,19	|2,25	|3,5	|3,01	|3,99	|25,26	|19,43	|13,95	|22,66	|19,69	|13,03	|100	|19,29	|16,83	|10,79	|12,16	|16,47	|15,05	|9,93	|19,65	|12,09	|18,06	|16,72	|19,59	|17	|16,84	|16,61	|17,66	|16,46	|17,37	|16,91	|17,44	|17,06	|18,92	|13,36	|12,08	|19,45	|15,43	|0	|13,76	|0	|22,45	|16,22	|12,04	|18,39	|17,76	|11,99	|21,31	|14,54	|16,84	|15,2	|16,66	|14,36	|16,4	|16,2	|17,86	|15,94	|16,86	|16,77	|16,63	|17,06	|
________________________________________________________
24	|3,75	|4,2	|1,96	|3,19	|3,48	|3,33	|2,78	|0	|1,89	|3	|2,34	|3,39	|2,89	|3,31	|3,06	|2,61	|24,47	|19,14	|13,53	|22,8	|19,55	|15,09	|19,42	|100	|16,84	|10,7	|11,68	|16,85	|14,94	|12,32	|19,1	|18,69	|18,13	|17,22	|19,69	|17,1	|16,47	|16,74	|17,18	|14,8	|17	|16,14	|16,44	|16,25	|19	|13,32	|11,27	|18,94	|15,41	|13,83	|0	|8,58	|22,87	|16,45	|11,93	|18,97	|17,41	|12,26	|14,56	|21,34	|16,23	|14,97	|16,31	|14,56	|16,57	|16,53	|17,41	|15,93	|16,65	|16,74	|16,64	|16,44	|
________________________________________________________
25	|4	|3,96	|1,4	|3,08	|2,74	|2,73	|2,15	|2,8	|2,67	|3,61	|0	|4,05	|2,8	|3,18	|3,4	|3,39	|24,41	|19,79	|13	|20,09	|16,83	|12,04	|16,63	|16,53	|100	|13,97	|14,6	|19,05	|16,01	|12,36	|19,5	|19,04	|18,8	|16,94	|18,65	|16,63	|16,43	|16,11	|17,59	|15,13	|17,32	|16,47	|17,12	|16,36	|20,23	|9,31	|10,93	|16,89	|13,63	|11,29	|16,44	|16,2	|19,06	|0	|14,44	|21,5	|20,07	|13,62	|19,39	|18,97	|16,47	|14,75	|16,93	|14,53	|16,41	|16,25	|17,89	|16,25	|17,14	|16,86	|16,78	|16,63	|
________________________________________________________
26	|4,67	|2,84	|2,29	|2,72	|2,7	|2,77	|2,12	|3,19	|17,91	|2,98	|1,38	|3,5	|2,87	|3,02	|3,24	|3,42	|17,19	|22,55	|10,11	|19,86	|17,06	|12,65	|16,75	|16,49	|21,94	|100	|11,64	|19,62	|16,66	|12,54	|18,78	|19,18	|18,55	|16,19	|19,12	|17,01	|17,91	|15,9	|17,25	|15,03	|16,64	|16,26	|16,61	|16,37	|10,7	|16,22	|11,1	|17,13	|13,54	|11,55	|16,96	|16,4	|0	|10,61	|0	|21,6	|19,4	|13,84	|19,03	|19,95	|16,23	|15,51	|16,2	|14,14	|15,83	|16,32	|18,44	|16	|17,15	|17,29	|16,37	|16,67	|
________________________________________________________
27	|3,75	|4,06	|1,96	|3,48	|4,24	|2,8	|2,36	|3,45	|1,68	|2,82	|0	|0	|3,29	|2,59	|3,59	|3,5	|21,02	|16,21	|14,45	|18,57	|19,04	|12,3	|16,9	|16,13	|20,54	|10,42	|100	|17,03	|18,2	|12,9	|17,78	|18,21	|20,32	|18,87	|22,6	|16,9	|16,34	|21,18	|17,58	|15,44	|19,1	|14,24	|16,85	|17,01	|16,96	|11,83	|12,58	|16,69	|15,45	|11,35	|16,75	|16,53	|28,1	|0	|10,68	|0	|20,53	|14,24	|18,9	|18,07	|18,19	|16,8	|20,62	|0	|0	|20,88	|18,07	|16,29	|18,45	|17,09	|16,91	|17,23	|
________________________________________________________
28	|3,15	|4,32	|1,64	|3,37	|3,33	|2,92	|1,66	|3,04	|2	|17,31	|2,88	|2,58	|3,17	|3,15	|0	|3,65	|22,09	|16,01	|12,51	|22,75	|20,13	|12,91	|16,35	|16,61	|19,13	|12,54	|12,16	|100	|18,74	|13,55	|19,16	|19,3	|18,1	|17,2	|19,02	|17,31	|17,02	|16,9	|17,62	|14,94	|17,33	|16,29	|16,81	|17,3	|16,73	|11,53	|10,79	|20,47	|11,1	|11,6	|16,8	|16,34	|25,08	|18,33	|0	|15,37	|0	|14,31	|18,91	|19,02	|16,71	|14,69	|16,65	|14,36	|16,15	|16,53	|18,74	|16,16	|16,87	|17,22	|16,1	|17,27	|
________________________________________________________
29	|3,58	|2,74	|1,77	|2,43	|3,2	|2,35	|2,85	|3,05	|2,35	|3,83	|2,39	|0	|16,58	|2,76	|2,04	|3,9	|21,36	|16,65	|12,29	|15,56	|20,26	|10,65	|16,69	|16,45	|17,96	|11,9	|14,52	|20,94	|100	|11,15	|19,37	|19,09	|17,76	|16,27	|20,47	|16,86	|15,95	|15,75	|17,94	|14,93	|17,33	|16,19	|16,58	|17,25	|16,4	|11,68	|12,06	|13,11	|18,19	|11,62	|16,57	|16,61	|25,34	|18,81	|14,49	|0	|12,11	|0	|19,14	|18,87	|16,04	|14,29	|17,34	|12,69	|15,83	|16,16	|17,88	|15,85	|17,77	|16,65	|16,68	|16,98	|
________________________________________________________
30	|3,35	|3,82	|1,64	|2,82	|3,52	|3,17	|2,42	|3,65	|2,01	|3,55	|2,54	|4,18	|2,48	|2,76	|0	|0	|22,35	|16,25	|12,26	|20,18	|16,91	|14,6	|14,95	|18,41	|18,82	|12,16	|13,96	|20,55	|15,13	|100	|17,87	|19,87	|18,13	|16,86	|19,17	|16,99	|14,68	|19,04	|19,76	|16,58	|20,83	|16,13	|16,65	|20,11	|16,65	|11,65	|11,13	|16,78	|13,74	|13,02	|15,95	|18,52	|25,44	|18,8	|13,64	|22,77	|0	|10,24	|0	|19,24	|16,34	|14,61	|16,54	|14,14	|16,38	|18,39	|20,42	|18,01	|20,48	|0	|0	|20,24	|
________________________________________________________
31	|3,44	|3,67	|1,6	|2,62	|3,08	|3,3	|2,06	|3,81	|2,13	|3,51	|2,53	|3,7	|2,48	|16,63	|3,44	|2,22	|21,75	|16,78	|12,19	|20,01	|17,09	|12,29	|19,5	|18,82	|19,57	|12	|12,69	|19,15	|17,33	|11,78	|100	|21,06	|18,11	|16,75	|19	|17,46	|16,52	|16,2	|17,96	|15,27	|17,89	|16,63	|16,99	|16,81	|16,1	|11,15	|10,88	|16,38	|13,73	|11,72	|21,87	|14,2	|25,83	|18,76	|14,06	|21,47	|19,57	|0	|12,08	|0	|16,53	|14,89	|16,38	|14,34	|16,01	|16,24	|18,36	|15,7	|16,51	|16,24	|16,5	|16,37	|
________________________________________________________
32	|3,38	|3,53	|1,59	|2,56	|2,72	|1,97	|2,27	|2,64	|2,09	|3,42	|2,55	|3,65	|2,94	|3,55	|3,65	|0	|21,78	|16,32	|12,27	|19,83	|17,16	|12,33	|11,94	|18,33	|19,02	|12,2	|12,94	|19,2	|16,99	|13,03	|20,96	|100	|18,69	|16,65	|19,62	|17,17	|16,75	|16,22	|17,59	|14,55	|16,9	|16,68	|16,23	|16,29	|16,46	|11,55	|11,04	|16,68	|13,58	|12,69	|14,57	|21,15	|25,38	|18,45	|13,64	|21,39	|19,78	|14,29	|0	|8,47	|16,53	|14,75	|15,8	|14,37	|15,94	|16,51	|18,22	|15,64	|17,19	|16,93	|16,25	|16,07	|
________________________________________________________
33	|4,33	|3,53	|0	|3,61	|2,67	|1,7	|1,83	|3,55	|2,14	|3,34	|2,66	|3,74	|2,47	|2,75	|2,77	|2,88	|21,91	|16,72	|14,89	|19,27	|16,53	|11,44	|16,33	|16,29	|17,21	|10,81	|13,22	|16,5	|14,49	|10,9	|16,51	|17,12	|100	|18,2	|22,09	|19,79	|18,86	|19,12	|20,15	|10,05	|16,97	|16,22	|16,56	|17,13	|16,43	|11,51	|13,26	|16,76	|13,37	|13,44	|16,83	|16,61	|22,17	|16,48	|13,13	|18,79	|16,61	|12,52	|16,66	|16,6	|14,93	|0	|19,06	|15,9	|18,59	|18,89	|22,95	|13,87	|16,85	|16,95	|16,41	|16,07	|
________________________________________________________
34	|3,46	|21,62	|1,58	|3,22	|2,82	|3,08	|2,96	|3,08	|2,13	|3,09	|2,74	|3,72	|2,39	|2,84	|2,8	|2,93	|22,06	|16,87	|12,25	|21,62	|16,83	|11,93	|16,38	|16,76	|16,79	|10,22	|13,3	|16,98	|14,37	|10,97	|16,54	|16,52	|19,71	|100	|22,25	|19,04	|19,18	|19,15	|19,8	|17,15	|16,65	|16,3	|17,11	|16,6	|16,64	|11,32	|0	|17	|13,1	|11,63	|16,41	|16,36	|22,27	|16,25	|13,38	|18,85	|16,57	|11,87	|17,06	|16,3	|0	|13,23	|18,72	|15,95	|18,67	|18,69	|16,04	|21,81	|17,54	|16,64	|16,57	|16,31	|
________________________________________________________
35	|17,27	|3,7	|2,14	|2,52	|3,33	|2,3	|2,09	|3,77	|2,27	|3,1	|0	|3,82	|2,73	|1,95	|2,52	|3,14	|22,02	|17,27	|12,43	|19,82	|17,5	|10,94	|16,8	|16,77	|16,18	|10,56	|13,94	|16,44	|15,82	|10,92	|16,43	|17,03	|20,94	|19,48	|100	|18,77	|18,62	|18,57	|17,97	|15,2	|19,48	|11,74	|16,85	|16,61	|16,23	|11,24	|0	|16,6	|13,74	|11,15	|17,1	|16,8	|22,63	|16,63	|14,6	|17,9	|17,34	|13,29	|16,73	|16,53	|18,72	|17,2	|14,66	|0	|18,41	|18,35	|18,07	|15,36	|21,65	|14,64	|16,52	|16,68	|
________________________________________________________
36	|3,69	|4,45	|2,06	|0	|3,34	|2,99	|1,89	|2,62	|1,94	|16,9	|2,04	|4,13	|2,4	|3,35	|4,03	|2,6	|21,68	|16,45	|14,76	|20,24	|17,31	|13,49	|16,48	|16,45	|16,3	|10,62	|11,78	|16,9	|14,73	|10,94	|17,06	|16,85	|21,2	|18,83	|21,21	|100	|19,34	|19,03	|17,39	|15,4	|19,1	|19,2	|17,22	|16,95	|17,03	|11,3	|13,9	|16,65	|13,27	|11,57	|16,66	|16,75	|22,61	|16,64	|0	|18,79	|17,09	|11,73	|16,36	|16,94	|18,47	|16,84	|0	|12,09	|19,36	|19,43	|18,02	|15,96	|14,84	|22,59	|16,29	|16,6	|
________________________________________________________
37	|3,95	|4,28	|1,86	|3,15	|2,59	|2,89	|2,16	|2,95	|11,45	|2,89	|2,7	|3,1	|2,83	|2,38	|2,8	|3,83	|21,93	|17,08	|13,83	|20,61	|16,75	|12,27	|16,72	|16,24	|16,5	|11,45	|11,67	|17,03	|14,28	|9,68	|16,53	|16,84	|20,7	|19,44	|21,56	|19,81	|100	|18,42	|17,65	|14,73	|16,52	|17,03	|19,48	|11,39	|16,46	|11,73	|12,39	|17,19	|13,33	|11,71	|16,91	|16,56	|22,31	|16,44	|0	|18,76	|16,98	|12,03	|17,54	|17	|18,62	|16,97	|18,24	|16,6	|15,15	|0	|18,47	|16,27	|16,33	|16,89	|21,59	|14,49	|
________________________________________________________
38	|3,81	|4,09	|1,9	|3,04	|2,91	|2,79	|2,13	|2,75	|2,1	|3,52	|2,85	|0	|2,73	|2,9	|2,61	|2,61	|22,38	|16,61	|13,8	|20,27	|17,02	|11,78	|16,49	|16,51	|16,18	|10,17	|15,13	|16,91	|14,1	|12,56	|16,22	|16,31	|20,99	|19,41	|21,5	|19,5	|18,42	|100	|17,32	|14,77	|17,31	|16,22	|19,17	|19,15	|16,46	|11,15	|12,37	|16,94	|13,18	|11,66	|16,34	|16,66	|22,4	|16,52	|14,52	|18	|16,45	|12,05	|17,14	|16,57	|18,41	|17,33	|18,38	|16,01	|0	|15,08	|18,28	|15,99	|16,55	|16,62	|14,23	|21,42	|
________________________________________________________
39	|3,92	|4,26	|1,45	|2,78	|3,64	|2,91	|0	|3,6	|1,96	|2,79	|2,39	|3,37	|2,9	|3,17	|3,47	|3,32	|22,42	|16,62	|13,95	|20,21	|17,51	|15,19	|16,52	|15,96	|16,65	|10,39	|11,83	|16,61	|15,13	|12,28	|16,93	|16,66	|20,84	|18,9	|19,6	|16,79	|16,63	|16,31	|100	|15,67	|19,29	|18,7	|19,06	|19,1	|16,86	|11,55	|10,82	|16,81	|13,87	|13,83	|16,27	|16,23	|22,42	|16,87	|12,12	|18,91	|17,3	|13,57	|16,94	|16,44	|22,09	|12,17	|16,22	|14,06	|16,02	|16,03	|17,88	|0	|19,58	|19,13	|18,79	|18,82	|
________________________________________________________
40	|2,8	|4,11	|2,37	|2,73	|2,92	|18,14	|1,7	|3,43	|1,88	|2,95	|2,15	|3,25	|2,81	|3,13	|3,34	|3,45	|21,53	|16,32	|10,26	|19,77	|16,79	|12,12	|18,14	|16,2	|16,87	|10,67	|12,24	|16,59	|14,84	|12,14	|16,97	|16,24	|12,25	|19,29	|19,54	|17,51	|16,35	|16,4	|18,46	|100	|19,4	|18,48	|19,07	|18,92	|16,67	|11,48	|10,83	|16,83	|13,21	|0	|16,41	|16,35	|22,49	|16,13	|12,54	|18,54	|17,47	|13,46	|16,92	|16,75	|13,38	|21,25	|16,47	|14,24	|16,49	|16,28	|0	|13,51	|19,53	|18,92	|19,35	|18,63	|
________________________________________________________
41	|3,88	|3,49	|1,92	|3,56	|16,93	|2,61	|2,51	|2,69	|2,06	|3,44	|1,94	|3,29	|2,9	|3,28	|0	|3,73	|21,61	|17,12	|11,75	|20,1	|16,93	|12,46	|16,75	|16,28	|16,89	|10,33	|13,25	|16,84	|15,07	|13,35	|17,39	|16,5	|18,09	|16,39	|21,91	|19	|16,05	|16,81	|19,89	|16,98	|100	|18,75	|18,79	|18,97	|16,37	|11,23	|10,93	|16,49	|13,27	|0	|16,77	|16,41	|22,94	|16,67	|12,18	|18,69	|17,68	|14,44	|16,95	|16,51	|16,86	|15,39	|20,97	|11,85	|16,3	|16,23	|20,72	|17,87	|14,68	|0	|19,3	|19,45	|
________________________________________________________
42	|2,26	|3,62	|1,87	|2,23	|3,22	|3,34	|2,63	|0	|1,66	|3,2	|3,11	|3,24	|2,43	|16,79	|2,47	|3,84	|20,9	|16,08	|12,35	|19,68	|16,81	|14,42	|16,95	|16,07	|16,7	|10,49	|10,26	|16,45	|14,63	|10,74	|16,79	|16,93	|17,97	|16,67	|13,72	|19,85	|17,18	|16,36	|20,03	|16,79	|19,48	|100	|19,8	|19,26	|16,48	|11,26	|12,53	|16,79	|13,45	|14,21	|16,91	|16,33	|22,06	|16,1	|12,17	|18,8	|16,95	|0	|17,38	|16,17	|16,08	|15,1	|13,14	|19,41	|16,32	|16,68	|20,58	|18,01	|0	|14	|19,05	|19,03	|
________________________________________________________
43	|3,46	|3,73	|1,65	|2,7	|3,14	|3,39	|2,4	|3,32	|2,14	|2,9	|2,19	|4,39	|14,71	|2,93	|3,73	|2,61	|21,59	|16,43	|12,43	|19,85	|17,34	|13,69	|17,16	|16,07	|17,04	|10,52	|11,93	|16,67	|14,71	|10,88	|16,85	|16,17	|18,02	|17,18	|19,34	|17,49	|19,31	|19	|20,05	|17,02	|19,17	|19,45	|100	|19,6	|17,06	|11,54	|11	|16,82	|13,09	|13,34	|16,82	|16,43	|22,4	|15,71	|11,73	|18,86	|17,73	|0	|16,74	|16,6	|16,55	|14,5	|16,45	|14,05	|21,13	|14,18	|20,49	|17,92	|18,69	|19,9	|14,24	|0	|
________________________________________________________
44	|3,26	|3,73	|1,64	|2,76	|3,23	|3,06	|2,42	|3,2	|1,3	|3,14	|2,69	|2,95	|2,94	|3,44	|3,54	|0	|21,85	|16,51	|12,11	|20,29	|16,85	|13,05	|16,77	|15,86	|16,26	|10,36	|12,02	|17,13	|15,28	|13,13	|16,65	|16,21	|18,61	|16,65	|19,03	|17,18	|11,27	|18,95	|20,07	|16,86	|19,33	|18,89	|19,57	|100	|16,41	|11,42	|10,87	|16,98	|13,77	|12,9	|16,86	|16,51	|22,95	|16,76	|12,95	|18,64	|16,78	|14,33	|16,45	|15,95	|16,78	|14,59	|16,45	|14,28	|14,33	|21,36	|21,09	|18,18	|18,77	|19,42	|0	|14,06	|
________________________________________________________
45	|0	|4,49	|1,82	|3,78	|3,14	|3,05	|2,43	|3,3	|1,28	|2,95	|2,67	|3,62	|2,49	|2,7	|3,01	|3,04	|19,37	|0	|14,27	|23,02	|19,49	|13,8	|18,83	|18,78	|20,37	|6,86	|12,14	|16,78	|14,71	|11	|16,15	|16,59	|18,07	|16,9	|18,83	|17,49	|16,5	|16,5	|17,94	|15,05	|16,9	|16,37	|17,25	|16,62	|100	|14,18	|13,12	|19,79	|15,15	|12,96	|19,01	|18,37	|26,29	|19,87	|13,36	|18,64	|17,35	|12,35	|17,06	|17,16	|16,09	|14,86	|16,64	|13,95	|16,14	|16,4	|17,91	|15,76	|16,96	|16,85	|16,78	|16,66	|
________________________________________________________
46	|2,58	|4,07	|14,43	|2,92	|3,25	|3,1	|2,27	|3,54	|2,46	|3	|2,78	|3,2	|2,41	|2,44	|2,79	|2,98	|0	|13,35	|0	|23,49	|19,76	|14,05	|19,17	|18,99	|13,52	|15	|12,22	|16,68	|15,12	|11,11	|16,14	|16,79	|18,26	|16,58	|18,82	|16,75	|16,96	|16,12	|17,73	|14,95	|16,72	|16,13	|16,84	|16,69	|20,46	|100	|10,87	|19,44	|15,08	|13,55	|19,03	|19,13	|17,63	|19,85	|11,5	|18,44	|17,22	|12,3	|16,33	|16,51	|16,57	|14,43	|17,14	|14,24	|16,82	|16,73	|18,74	|15,85	|17,45	|16,79	|16,89	|16,19	|
________________________________________________________
47	|0	|0	|1,53	|2,69	|3,54	|3,22	|2,64	|3,04	|2,35	|3,51	|2,63	|3,64	|2,68	|2,85	|4,3	|3,02	|26,49	|0	|10,57	|0	|21,02	|13,93	|18,23	|16,89	|16,69	|10,79	|13,65	|16,4	|16,41	|11,16	|16,55	|16,87	|22,12	|0	|0	|21,64	|18,83	|18,8	|17,46	|14,82	|17,1	|18,87	|16,86	|16,7	|19,89	|11,43	|100	|16,73	|16,85	|14,06	|18,62	|17,89	|22,91	|16,01	|14,37	|17,14	|19,21	|12,26	|16,72	|16,75	|20,33	|14,91	|16,68	|17,12	|18,36	|18,31	|18,58	|15,97	|14,3	|19,18	|16,56	|16,28	|
________________________________________________________
48	|3,85	|3,1	|1,67	|16,59	|0	|3,38	|2,88	|3,58	|1,97	|3,38	|2,25	|3,81	|1,98	|2,8	|3,46	|3,29	|25,12	|19,13	|0	|17,1	|0	|14,63	|19,11	|18,49	|16,79	|10,84	|11,8	|20,27	|11,62	|10,96	|16,22	|16,6	|18,21	|17,05	|19,02	|16,88	|17,01	|16,76	|17,66	|15,01	|16,8	|16,47	|16,79	|16,98	|19,55	|13,31	|10,9	|100	|16,74	|13,88	|19,07	|18,48	|22,63	|16,2	|12,12	|22,11	|20,4	|13,29	|16,44	|16,75	|15,97	|14,88	|16,59	|14,45	|16,36	|16,56	|18,33	|16,11	|16,76	|17	|16,58	|16,84	|
________________________________________________________
49	|4,17	|0	|1,88	|3,66	|2,3	|3,17	|15,86	|3,06	|2,13	|2,2	|2,21	|2,5	|3,19	|2,8	|3,33	|2,45	|24,62	|19,21	|14,5	|0	|13,07	|0	|18,74	|18,59	|16,75	|10,59	|13,5	|13,59	|19,93	|11,09	|16,81	|16,71	|17,95	|16,25	|19,47	|16,64	|16,31	|16,13	|18,01	|14,56	|16,72	|16,31	|16,16	|17,03	|18,5	|12,76	|13,57	|20,69	|100	|11,93	|19,33	|19,05	|22,9	|16,61	|11,92	|13,84	|20,11	|11,26	|16,82	|17,12	|16,35	|14,63	|17,07	|14,19	|15,98	|15,95	|18,35	|15,86	|17,28	|16,58	|16,06	|16,58	|
________________________________________________________
50	|3,55	|4,53	|1,66	|3,3	|0	|0	|2,19	|2,83	|1,89	|2,69	|2,21	|3,21	|2,93	|3,55	|3,37	|3,2	|23,89	|18,73	|13,97	|24	|0	|10,4	|0	|19,56	|16,27	|10,6	|11,63	|16,64	|14,92	|12,32	|16,83	|18,31	|21,16	|16,91	|18,52	|17	|16,8	|16,72	|21,07	|0	|0	|20,21	|19,31	|18,7	|18,55	|13,44	|13,27	|20,12	|13,99	|100	|17,31	|20,02	|22,49	|16,53	|11,99	|18,95	|16,91	|14,26	|15,29	|17,6	|18,34	|12,27	|16,82	|14,77	|15,65	|16,31	|21,96	|16,62	|16,89	|20,42	|18,51	|18,25	|
________________________________________________________
51	|3,94	|4,06	|1,78	|3,06	|3,65	|2,14	|2,17	|17,83	|1,84	|2,72	|2,21	|3,45	|2,38	|3,65	|2,94	|3,4	|24,94	|18,97	|13,86	|23,28	|19,58	|0	|13,58	|0	|16,42	|10,78	|11,89	|16,71	|14,75	|10,46	|21,76	|14,56	|18,37	|16,54	|19,69	|16,97	|16,82	|16,25	|17,17	|14,69	|17,16	|16,66	|16,88	|16,94	|18,86	|13,08	|12,18	|19,16	|15,71	|12	|100	|19,98	|22,54	|16,47	|12,17	|18,68	|17,77	|11,91	|19,58	|18,4	|16,48	|14,69	|16,41	|13,86	|16,33	|17,06	|18,81	|16,48	|17,83	|16,66	|16	|16,28	|
________________________________________________________
52	|3,74	|4,1	|1,93	|3,08	|3,24	|0	|2,68	|3,44	|1,87	|2,87	|2,17	|3,21	|2,94	|2,21	|2,85	|1,83	|24,54	|19,3	|13,16	|22,64	|19,24	|14,23	|0	|8,45	|16,25	|10,47	|11,79	|16,32	|14,85	|12,2	|14,19	|21,23	|18,2	|16,55	|19,42	|17,14	|16,54	|16,63	|17,21	|14,71	|16,87	|16,15	|16,56	|16,66	|18,3	|13,21	|11,75	|18,65	|15,55	|13,94	|20,06	|100	|22,14	|16,42	|12,16	|18,41	|17,4	|12,04	|11,8	|18,28	|16,46	|15,46	|16,65	|13,99	|16,55	|16,86	|17,3	|15,9	|16,42	|16,72	|15,92	|16,11	|
________________________________________________________
53	|2,85	|3,8	|1,29	|2,85	|3,04	|2,84	|2,14	|3,02	|0	|3,42	|2,74	|3,66	|2,78	|3,02	|3,21	|3,33	|24,42	|14,09	|13,08	|20,05	|17,24	|11,79	|16,42	|16,62	|14,11	|0	|14,79	|18,49	|16,72	|12,37	|19,05	|18,81	|17,93	|16,63	|19,31	|17,08	|16,45	|16,5	|17,54	|14,93	|17,4	|16,11	|16,66	|17,09	|19,33	|8,99	|11,11	|16,85	|13,8	|11,56	|16,7	|16,34	|100	|18,79	|13,57	|21,72	|19,38	|13,53	|19,53	|18,68	|16,3	|14,79	|16,4	|14,16	|16,25	|16,43	|18,15	|16,42	|16,9	|16,67	|16,48	|16,62	|
________________________________________________________
54	|4,36	|3,74	|2,07	|2,67	|3,15	|2,78	|2,2	|3,19	|1,28	|3,41	|14,06	|3,25	|2,74	|3,23	|3,41	|3,41	|19,25	|20,55	|12,33	|19,71	|17,21	|11,87	|16,38	|16,49	|0	|6,9	|0	|18,64	|17,12	|12,61	|19,09	|18,86	|18,39	|16,74	|19,57	|17,33	|16,71	|16,8	|18,2	|14,77	|17,45	|16,22	|16,11	|17,22	|20,16	|13,96	|10,71	|16,64	|13,8	|11,71	|16,84	|16,72	|25,92	|100	|11,85	|21,53	|19,38	|13,65	|19,43	|18,99	|16,57	|15,01	|16,03	|14,06	|16,03	|16,31	|18,6	|16,04	|17,32	|16,9	|16,47	|16,42	|
________________________________________________________
55	|3,84	|3,96	|2,07	|3,4	|3,06	|2,74	|2,42	|3,16	|0	|0	|1,97	|3,11	|2,69	|3,27	|3,6	|3,51	|22,63	|16,5	|13,67	|19,86	|16,95	|11,67	|16,5	|16,24	|20,01	|0	|10,53	|0	|17,9	|12,42	|19,42	|18,92	|19,89	|18,71	|23,33	|0	|0	|20,03	|17,76	|15,59	|17,31	|16,64	|16,33	|18,06	|18,39	|10,98	|13,05	|16,9	|13,44	|11,53	|16,9	|16,81	|25,41	|16,08	|100	|19,25	|20,99	|14,71	|19,55	|18,24	|17,87	|16,76	|20,11	|14,19	|16,02	|19,69	|17,48	|16,6	|17,34	|16,66	|15,26	|17,62	|
________________________________________________________
56	|3,31	|4,25	|1,42	|3,12	|2,47	|3,05	|1,58	|3,09	|2,38	|2,38	|2,36	|17,57	|0	|3,55	|3,53	|3,51	|21,67	|16,94	|12,18	|23,55	|14,69	|12,94	|16,28	|16,68	|19,26	|12,32	|0	|13,71	|0	|13,39	|19,17	|19,18	|18,39	|17,04	|18,48	|17,16	|16,73	|16,05	|17,9	|14,89	|17,16	|16,62	|16,97	|16,79	|16,59	|11,37	|10,05	|19,92	|10,09	|11,78	|16,76	|16,44	|26,29	|18,89	|12,44	|100	|21,25	|13,67	|18,9	|18,75	|16,73	|15,03	|15,73	|14,86	|17,57	|16,06	|18,48	|16,06	|17,13	|17,1	|16,24	|16,57	|
________________________________________________________
57	|3,25	|3,14	|1,77	|3,4	|3,89	|3,02	|2,49	|3,21	|2,26	|0	|2,83	|3,86	|1,89	|3,37	|17,07	|3,07	|21,99	|17,04	|11,9	|17,7	|21,16	|12,38	|16,98	|16,54	|19,41	|11,95	|14,12	|0	|10,44	|0	|18,87	|19,16	|17,56	|16,17	|19,34	|16,86	|16,35	|15,84	|17,69	|15,15	|17,53	|16,17	|17,23	|16,33	|16,67	|11,47	|12,17	|19,85	|15,83	|11,35	|17,22	|16,78	|25,33	|18,36	|14,65	|22,95	|100	|12,58	|19,1	|18,85	|16,07	|14,71	|16,73	|14,12	|15,84	|15,88	|18,15	|15,92	|17,28	|17,07	|16,17	|16,23	|
________________________________________________________
58	|3,64	|3,55	|1,95	|3,99	|3,56	|2,84	|2,37	|3,63	|2,13	|3,05	|2,52	|3,85	|0	|0	|3,05	|3,07	|21,93	|17,02	|12,25	|21,58	|17,15	|13,35	|16,38	|16,64	|18,83	|12,18	|13,99	|19,7	|0	|9,3	|0	|19,77	|18,91	|16,55	|21,17	|16,53	|16,56	|16,57	|19,82	|16,68	|20,46	|0	|0	|19,92	|16,96	|11,71	|11,1	|18,48	|12,66	|13,68	|16,47	|16,6	|25,26	|18,47	|14,67	|21,09	|17,97	|100	|18,15	|20,66	|16,26	|14,55	|18,18	|12,6	|16,04	|16,41	|20,65	|17,93	|20,23	|16,96	|16,67	|20,42	|
________________________________________________________
59	|3,52	|3,63	|1,6	|2,78	|3,12	|3,38	|1,79	|3,41	|2,34	|3,28	|2,56	|3,55	|3,04	|2	|2,78	|17,76	|21,31	|16,58	|12,32	|19,66	|17,72	|11,78	|20,95	|14,22	|19,29	|12,05	|13,37	|18,73	|16,97	|0	|11,98	|0	|18,11	|17,12	|19,18	|16,6	|17,37	|16,97	|17,81	|15,09	|17,28	|17,05	|16,73	|16,46	|16,86	|11,18	|10,9	|16,45	|13,61	|10,56	|19,49	|11,71	|26,25	|18,92	|14,03	|20,98	|19,64	|13,06	|100	|21	|16,74	|15,1	|17,09	|13,95	|15,77	|16,29	|18,51	|16,07	|16,89	|16,44	|17,76	|16,19	|
________________________________________________________
60	|3,44	|3,66	|1,57	|2,95	|2,89	|2,29	|2,59	|3,55	|2,28	|3,46	|2,53	|3,73	|3,39	|0	|3,61	|3,82	|21,9	|16,86	|11,97	|19,69	|17,22	|12,19	|14,53	|21,18	|19,18	|12,84	|12,99	|19,16	|17	|12,77	|0	|8,57	|18,34	|16,62	|19,26	|17,47	|17,11	|16,68	|17,57	|15,19	|17,11	|16,13	|16,86	|16,22	|17,24	|11,49	|11,09	|17,04	|14,08	|12,35	|18,63	|18,43	|25,51	|18,8	|13,31	|21,16	|19,7	|15,11	|21,35	|100	|16,64	|15,18	|16,5	|13,96	|16,07	|16,44	|17,5	|16,38	|17,38	|17,24	|15,99	|15,79	|
________________________________________________________
61	|4	|0	|1,94	|3,3	|2,82	|2,28	|2,56	|3,65	|2,28	|3,31	|2,67	|3,73	|2,53	|2,78	|2,88	|2,99	|21,86	|16,29	|15,2	|19,94	|16,61	|11,91	|16,84	|16,12	|16,66	|10,45	|13,08	|16,84	|14,46	|10,86	|16,66	|16,74	|16,5	|0	|21,83	|19,06	|18,75	|18,53	|23,61	|12,14	|17,48	|16,04	|16,81	|17,08	|16,17	|11,54	|13,47	|16,24	|13,46	|12,88	|16,69	|16,6	|22,27	|16,41	|13,04	|18,89	|16,81	|11,9	|17,03	|16,65	|100	|16,51	|18,68	|16	|18,73	|18,43	|21,56	|18,37	|17,41	|16,81	|16,58	|16,99	|
________________________________________________________
62	|3,69	|3,39	|11,15	|2,79	|3,03	|3,87	|2,53	|2,51	|2,22	|3,24	|2,42	|3,7	|2,2	|2,72	|2,71	|2,98	|21,54	|16,67	|0	|20,09	|17,3	|11,84	|16,86	|16,5	|16,55	|11,08	|13,41	|16,42	|14,29	|10,77	|16,65	|16,57	|0	|14,98	|22,25	|19,27	|18,96	|19,36	|14,44	|21,39	|17,7	|16,72	|16,35	|16,48	|16,57	|11,15	|10,96	|16,8	|13,36	|9,56	|16,51	|17,3	|22,42	|16,5	|13,57	|18,84	|17,07	|11,82	|17,04	|16,85	|18,31	|100	|19,13	|16,09	|18,81	|18,85	|12,11	|18,9	|17,14	|16,7	|16,89	|16,55	|
________________________________________________________
63	|2,95	|4,33	|1,74	|16,86	|3,83	|2,72	|2,21	|3,38	|2,29	|0	|2,63	|3,92	|2,68	|2,14	|3,43	|3,49	|21,5	|16,93	|0	|19,91	|17,31	|12,19	|16,65	|16,18	|17,11	|10,42	|14,82	|16,76	|15,62	|10,98	|16,49	|15,98	|21,06	|19,08	|17,08	|0	|18,36	|18,49	|17,33	|14,93	|21,72	|13,1	|16,7	|16,73	|16,7	|11,93	|11,04	|16,86	|14,04	|11,8	|16,61	|16,78	|22,39	|15,87	|14,66	|17,75	|17,48	|13,29	|17,37	|16,49	|18,66	|17,23	|100	|16,05	|18,28	|18,3	|17,89	|15,9	|19,71	|19,09	|16,74	|16,67	|
________________________________________________________
64	|0	|4,73	|2,23	|2,91	|2,25	|3,22	|2,24	|1,71	|2,15	|2,55	|16,18	|3,23	|2,21	|3,64	|3,44	|2,7	|21,88	|16,74	|14,93	|20,74	|16,93	|13,17	|16,69	|16,8	|17,08	|10,58	|0	|16,81	|13,29	|10,91	|16,79	|16,91	|20,42	|18,92	|0	|14,49	|19,43	|18,74	|17,47	|15,01	|14,27	|22,51	|16,59	|16,88	|16,29	|11,53	|13,18	|17,08	|13,57	|12,05	|16,31	|16,4	|22,49	|16,18	|12,03	|19,5	|17,15	|10,72	|16,49	|16,23	|18,6	|16,85	|18,67	|100	|18,52	|19,23	|18,36	|16,43	|10,98	|19,5	|16,39	|16,77	|
________________________________________________________
65	|3,8	|4,32	|1,87	|2,95	|2,62	|2,89	|2,16	|2,86	|1,72	|3,56	|2,32	|20,07	|3,34	|2,77	|2,79	|3,29	|21,44	|16,39	|13,71	|20,33	|17,02	|12,28	|16,6	|16,65	|16,79	|10,31	|0	|16,46	|14,44	|11,01	|16,33	|16,33	|20,79	|19,28	|21,72	|20,21	|15,45	|0	|17,33	|15,14	|17,1	|16,48	|21,72	|14,75	|16,41	|11,85	|12,31	|16,85	|13,31	|11,12	|16,73	|16,89	|22,47	|16,06	|11,83	|20,07	|16,76	|11,88	|16,22	|16,27	|18,95	|17,16	|18,51	|16,13	|100	|18,47	|18,01	|15,95	|16,84	|16,84	|18,66	|18,89	|
________________________________________________________
66	|3,55	|4,14	|2,01	|3,12	|2,71	|2,55	|2,04	|3,15	|0	|3,76	|2,96	|3,62	|2,06	|3,2	|2,84	|1,98	|21,96	|16,24	|13,57	|20,37	|16,57	|12,34	|16,24	|16,45	|16,47	|10,53	|15,05	|16,69	|14,6	|12,24	|16,4	|16,75	|20,93	|19,11	|21,44	|20,09	|0	|15,22	|17,18	|14,8	|16,86	|16,68	|14,44	|21,79	|16,52	|11,68	|12,16	|16,89	|13,16	|11,48	|17,31	|17,04	|22,5	|16,19	|14,4	|18,18	|16,64	|12,03	|16,6	|16,49	|18,47	|17,03	|18,36	|16,58	|18,29	|100	|17,7	|15,69	|16,95	|17,13	|11,54	|18,43	|
________________________________________________________
67	|3,59	|3,17	|1,13	|2,71	|3,43	|0	|2,33	|3,79	|1,96	|2,91	|2,16	|3,21	|2,83	|3,24	|3,4	|3,44	|21,19	|16,27	|13,37	|20,07	|16,96	|14,98	|16,13	|15,61	|16,34	|10,72	|11,74	|17,04	|14,56	|12,25	|16,71	|16,66	|22,91	|14,78	|19,03	|16,79	|16,8	|16,62	|17,26	|0	|19,4	|18,54	|18,8	|19,38	|16,25	|11,79	|11,12	|16,84	|13,64	|13,92	|17,2	|15,76	|22,39	|16,64	|11,52	|18,85	|17,14	|13,65	|16,99	|15,81	|19,47	|9,85	|16,17	|14,27	|16,07	|15,95	|100	|17,88	|19,08	|19,26	|19,09	|18,83	|
________________________________________________________
68	|3,35	|4,88	|1,93	|2,83	|3,5	|2,17	|13,46	|3,14	|1,85	|2,94	|2,3	|3,15	|2,8	|3	|3,28	|3,31	|21,73	|16,74	|12,47	|20,35	|17,12	|0	|16,43	|16,31	|16,94	|10,62	|12,08	|16,78	|14,73	|12,33	|16,31	|16,33	|15,81	|22,94	|18,45	|16,97	|16,89	|16,6	|0	|12,63	|19,1	|18,52	|18,77	|19,07	|16,32	|11,38	|10,91	|16,9	|13,46	|12,03	|17,21	|16,53	|23,12	|16,38	|12,48	|18,7	|17,16	|13,53	|16,85	|16,89	|18,93	|17,56	|16,4	|14,57	|16,25	|16,14	|20,4	|100	|19,74	|18,86	|18,69	|19,07	|
________________________________________________________
69	|4,41	|3,65	|1,55	|3,19	|2,55	|3,3	|2,22	|17,61	|2,11	|2,51	|1,41	|3,36	|3,04	|0	|3,44	|3,46	|21,39	|16,9	|11,89	|19,98	|17,3	|0	|16,44	|16,12	|16,91	|10,77	|12,94	|16,57	|15,62	|13,26	|16,23	|16,97	|18,16	|17,45	|24,61	|14,93	|16,04	|16,25	|20,41	|17,28	|14,84	|0	|18,52	|18,63	|16,62	|11,85	|9,24	|16,63	|13,87	|11,56	|17,61	|16,15	|22,52	|16,73	|12,34	|18,87	|17,62	|14,43	|16,75	|16,95	|16,98	|15,06	|19,23	|9,22	|16,22	|16,5	|20,6	|18,67	|100	|19,46	|18,89	|18,65	|
________________________________________________________
70	|2,82	|3,48	|1,83	|3,19	|0	|3,24	|2,54	|3,34	|1,94	|3,78	|2,63	|3,18	|3	|2,13	|17,46	|2,9	|21,63	|16,3	|12,17	|20,51	|17,44	|14,5	|16,4	|16,26	|16,68	|10,89	|12,02	|16,96	|14,68	|0	|16	|16,76	|18,32	|16,6	|16,69	|22,79	|16,63	|16,37	|20	|16,79	|0	|13,66	|19,77	|19,32	|16,56	|11,44	|12,43	|16,91	|13,34	|14,02	|16,5	|16,5	|22,27	|16,37	|11,89	|18,89	|17,46	|12,14	|16,35	|16,87	|16,44	|14,72	|18,68	|16,41	|16,28	|16,72	|20,86	|17,89	|19,52	|100	|18,89	|18,68	|
________________________________________________________
71	|3,49	|3,59	|1,8	|2,69	|3,54	|3	|2,34	|3,43	|2,33	|2,6	|2,07	|3,43	|2,17	|3,51	|2,85	|18,05	|21,85	|16,83	|11,94	|20,2	|17,46	|13,81	|16,62	|16,52	|16,96	|10,54	|12,16	|16,21	|15,03	|0	|16,63	|16,45	|18,13	|16,9	|19,26	|16,8	|21,74	|14,32	|20,08	|17,55	|20	|19,01	|14,46	|0	|16,85	|11,76	|10,97	|16,86	|13,21	|12,99	|16,2	|16,05	|22,51	|16,31	|11,13	|18,33	|16,9	|12,19	|18,05	|16	|16,57	|15,21	|16,75	|14,09	|18,43	|11,51	|21,13	|18,12	|19,36	|19,31	|100	|19,4	|
________________________________________________________
72	|3,27	|3,58	|1,77	|2,93	|3,57	|3,12	|2,24	|3,37	|1,65	|2,98	|2,67	|3,71	|0	|3,18	|3,61	|3,4	|21,97	|16,53	|12,45	|20,39	|17,37	|13,37	|17,02	|16,29	|16,78	|10,71	|12,36	|17,36	|15,28	|13,41	|16,46	|16,24	|17,72	|16,61	|19,4	|17,09	|14,56	|21,52	|20,07	|16,86	|20,12	|18,94	|0	|14,28	|16,7	|11,25	|10,76	|17,09	|13,61	|12,78	|16,45	|16,21	|22,65	|16,23	|12,83	|18,67	|16,93	|14,91	|16,43	|15,76	|16,95	|14,88	|16,64	|14,39	|18,62	|18,35	|20,8	|18,46	|19,08	|19,05	|19,36	|100	|
________________________________________________________
