0	|1	|2	|3	|4	|5	|6	|7	|8	|9	|10	|11	|12	|13	|14	|15	|16	|17	|18	|19	|20	|21	|22	|23	|24	|25	|26	|27	|28	|29	|30	|31	|32	|33	|34	|35	|36	|37	|38	|39	|40	|41	|42	|43	|44	|45	|46	|47	|48	|49	|50	|51	|52	|53	|54	|55	|56	|57	|58	|59	|60	|61	|62	|63	|64	|65	|66	|67	|68	|69	|70	|71	|72	|
1	|3271	|108	|64	|105	|150	|81	|105	|142	|105	|95	|0	|135	|86	|59	|79	|114	|784	|3271	|385	|622	|705	|427	|587	|635	|620	|477	|454	|504	|466	|353	|538	|591	|789	|540	|3271	|602	|640	|628	|656	|387	|646	|363	|546	|562	|0	|307	|0	|658	|560	|430	|634	|592	|642	|663	|481	|597	|575	|457	|537	|523	|669	|601	|519	|0	|629	|633	|704	|554	|696	|454	|526	|554	|
________________________________________________________
2	|108	|3544	|61	|107	|111	|120	|0	|135	|64	|135	|116	|165	|72	|94	|100	|98	|907	|550	|449	|3544	|667	|501	|648	|675	|630	|316	|440	|632	|414	|389	|555	|568	|753	|3544	|714	|758	|628	|652	|719	|593	|605	|596	|524	|573	|755	|451	|0	|502	|0	|487	|674	|688	|851	|615	|496	|819	|556	|448	|573	|642	|0	|446	|708	|604	|639	|662	|569	|736	|586	|619	|609	|612	|
________________________________________________________
3	|64	|61	|1700	|41	|71	|84	|62	|56	|54	|60	|68	|56	|49	|62	|59	|58	|0	|212	|0	|422	|383	|248	|341	|353	|231	|244	|221	|315	|274	|204	|293	|278	|0	|261	|414	|346	|314	|316	|246	|349	|307	|331	|294	|272	|339	|1700	|166	|290	|308	|205	|286	|321	|315	|373	|218	|284	|305	|222	|286	|296	|305	|1700	|253	|290	|316	|307	|208	|290	|276	|293	|299	|284	|
________________________________________________________
4	|105	|107	|41	|2812	|0	|92	|72	|95	|71	|0	|77	|131	|76	|54	|104	|114	|732	|587	|0	|481	|0	|451	|527	|473	|451	|326	|412	|575	|370	|319	|471	|473	|630	|544	|500	|0	|521	|534	|479	|400	|634	|381	|491	|464	|556	|316	|293	|2812	|435	|398	|530	|523	|630	|456	|428	|582	|591	|483	|438	|467	|593	|435	|2812	|498	|531	|500	|519	|444	|529	|536	|480	|503	|
________________________________________________________
5	|150	|111	|71	|0	|3015	|60	|64	|116	|76	|105	|63	|96	|107	|112	|0	|95	|728	|608	|429	|680	|3015	|367	|493	|613	|477	|314	|549	|584	|540	|433	|510	|531	|504	|457	|645	|540	|477	|432	|651	|475	|3015	|588	|569	|587	|621	|442	|421	|0	|304	|0	|612	|622	|706	|529	|379	|488	|616	|434	|480	|514	|491	|443	|696	|334	|493	|452	|697	|569	|458	|0	|549	|586	|
________________________________________________________
6	|81	|120	|84	|92	|60	|2672	|62	|76	|41	|108	|60	|117	|76	|110	|90	|121	|658	|495	|359	|590	|448	|295	|2672	|491	|449	|241	|342	|480	|357	|288	|499	|335	|319	|520	|457	|463	|421	|460	|526	|2672	|423	|533	|516	|504	|506	|337	|349	|538	|438	|0	|362	|0	|623	|433	|339	|574	|473	|381	|599	|417	|357	|583	|481	|435	|444	|436	|0	|329	|555	|572	|490	|538	|
________________________________________________________
7	|105	|0	|62	|72	|64	|62	|2180	|60	|49	|36	|43	|62	|91	|67	|98	|66	|511	|422	|345	|0	|278	|0	|455	|452	|369	|221	|280	|269	|422	|304	|365	|404	|351	|488	|440	|369	|379	|350	|0	|272	|462	|421	|424	|442	|398	|294	|306	|441	|2180	|230	|327	|448	|499	|400	|302	|300	|435	|293	|334	|381	|434	|374	|377	|289	|352	|351	|471	|2180	|375	|434	|429	|399	|
________________________________________________________
8	|142	|135	|56	|95	|116	|76	|60	|2922	|65	|69	|33	|78	|79	|0	|78	|108	|760	|566	|414	|694	|624	|0	|402	|0	|444	|296	|388	|477	|448	|404	|659	|394	|623	|457	|671	|375	|462	|457	|665	|521	|446	|0	|551	|561	|550	|387	|357	|575	|391	|327	|2922	|596	|653	|492	|399	|516	|470	|416	|522	|534	|574	|415	|568	|271	|493	|474	|643	|486	|2922	|565	|543	|554	|
________________________________________________________
9	|105	|64	|54	|71	|76	|41	|49	|65	|1866	|36	|29	|84	|71	|48	|61	|97	|305	|444	|228	|343	|355	|247	|309	|282	|410	|1866	|242	|290	|339	|197	|376	|342	|385	|344	|406	|299	|1866	|316	|311	|263	|366	|257	|355	|218	|202	|329	|244	|316	|270	|204	|306	|321	|0	|195	|0	|426	|381	|266	|376	|367	|365	|331	|407	|291	|293	|0	|334	|308	|340	|289	|433	|257	|
________________________________________________________
10	|95	|135	|60	|0	|105	|108	|36	|69	|36	|2780	|69	|97	|97	|111	|0	|89	|594	|481	|435	|623	|542	|508	|437	|471	|557	|291	|315	|2780	|525	|352	|534	|524	|586	|532	|560	|2780	|445	|583	|508	|412	|533	|541	|455	|477	|441	|313	|363	|567	|278	|333	|463	|456	|767	|548	|0	|444	|0	|388	|551	|510	|479	|472	|0	|350	|525	|599	|503	|437	|400	|627	|458	|507	|
________________________________________________________
11	|0	|116	|68	|77	|63	|60	|43	|33	|29	|69	|2309	|86	|57	|90	|116	|82	|448	|438	|333	|464	|403	|335	|366	|373	|0	|145	|0	|488	|361	|299	|426	|446	|476	|442	|0	|341	|444	|498	|408	|339	|345	|510	|357	|451	|431	|345	|304	|384	|289	|262	|350	|364	|591	|2309	|238	|482	|476	|290	|467	|430	|433	|376	|457	|2309	|406	|476	|413	|380	|246	|454	|312	|440	|
________________________________________________________
12	|135	|165	|56	|131	|96	|117	|62	|78	|84	|97	|86	|3291	|0	|112	|103	|144	|775	|575	|464	|758	|508	|433	|572	|528	|664	|436	|0	|447	|0	|398	|609	|615	|670	|606	|717	|678	|505	|0	|594	|505	|598	|528	|718	|456	|609	|330	|423	|642	|310	|361	|518	|568	|871	|572	|412	|3291	|668	|440	|635	|642	|627	|580	|666	|514	|3291	|606	|619	|520	|558	|551	|678	|621	|
________________________________________________________
13	|86	|72	|49	|76	|107	|76	|91	|79	|71	|97	|57	|0	|2542	|66	|76	|98	|560	|401	|326	|391	|512	|323	|410	|486	|472	|319	|349	|509	|2542	|255	|419	|519	|469	|408	|504	|432	|486	|486	|526	|422	|556	|445	|2542	|506	|449	|282	|315	|351	|469	|313	|384	|441	|632	|460	|370	|0	|318	|0	|566	|498	|387	|367	|478	|314	|568	|331	|557	|446	|511	|496	|342	|0	|
________________________________________________________
14	|59	|94	|62	|54	|112	|110	|67	|0	|48	|111	|90	|112	|66	|2667	|84	|81	|584	|434	|314	|545	|509	|381	|481	|459	|492	|319	|332	|526	|400	|273	|2667	|570	|482	|463	|362	|547	|426	|499	|564	|459	|559	|2667	|450	|531	|426	|336	|300	|443	|358	|328	|592	|402	|703	|488	|358	|631	|563	|0	|352	|0	|469	|386	|344	|521	|389	|492	|556	|500	|0	|362	|532	|523	|
________________________________________________________
15	|79	|100	|59	|104	|0	|90	|98	|78	|61	|0	|116	|103	|76	|84	|2927	|78	|626	|463	|338	|537	|654	|435	|477	|490	|529	|339	|413	|0	|309	|0	|592	|612	|543	|471	|467	|661	|480	|455	|564	|472	|0	|394	|582	|581	|455	|332	|524	|562	|463	|371	|477	|486	|741	|590	|443	|658	|2927	|355	|480	|614	|479	|397	|590	|502	|477	|467	|625	|555	|547	|2927	|498	|557	|
________________________________________________________
16	|114	|98	|58	|114	|95	|121	|66	|108	|97	|89	|82	|144	|98	|81	|78	|3020	|667	|525	|370	|653	|504	|365	|630	|418	|563	|403	|402	|589	|590	|0	|407	|0	|552	|474	|608	|491	|667	|414	|625	|501	|607	|614	|443	|0	|469	|342	|351	|576	|349	|406	|574	|359	|816	|591	|403	|679	|535	|369	|3020	|628	|514	|465	|570	|397	|562	|331	|646	|561	|631	|540	|3020	|599	|
________________________________________________________
17	|784	|907	|0	|732	|728	|658	|511	|760	|305	|594	|448	|775	|560	|584	|626	|667	|21786	|4116	|2992	|4977	|4189	|2952	|4037	|4101	|3983	|1809	|2637	|3548	|3224	|2386	|3609	|3629	|4050	|3672	|4122	|3708	|3503	|3606	|3975	|3223	|3741	|3518	|3501	|3756	|3215	|0	|2991	|4167	|3292	|2823	|4066	|4179	|5463	|3217	|2845	|4098	|3689	|2616	|3672	|3675	|3693	|3229	|3678	|3040	|3546	|3697	|4109	|3434	|3834	|3623	|3549	|3632	|
________________________________________________________
18	|3271	|550	|212	|587	|608	|495	|422	|566	|444	|481	|438	|575	|401	|434	|463	|525	|4116	|16771	|2020	|3866	|3307	|2300	|3074	|3144	|3286	|2376	|2006	|2699	|2453	|1847	|2775	|2787	|3131	|2735	|3271	|2824	|2838	|2748	|3030	|2412	|2879	|2656	|2752	|2847	|0	|1521	|0	|3215	|2505	|2218	|3187	|3204	|3167	|3335	|2023	|3123	|2870	|2061	|2860	|2774	|2800	|2570	|2888	|2388	|2802	|2736	|3048	|2721	|2924	|2791	|2814	|2785	|
________________________________________________________
19	|385	|449	|0	|0	|429	|359	|345	|414	|228	|435	|333	|464	|326	|314	|338	|370	|2992	|2020	|12336	|2482	|2475	|1807	|2280	|2219	|2123	|1146	|1791	|1965	|1853	|1365	|1971	|2103	|2768	|2140	|2413	|2567	|2198	|2209	|2427	|1590	|2140	|2045	|2080	|2127	|2457	|0	|1181	|0	|1970	|1621	|2291	|2305	|3033	|2106	|1665	|2287	|2077	|1482	|2026	|2046	|2514	|0	|0	|2143	|2270	|2320	|2478	|2035	|2052	|2017	|1991	|1996	|
________________________________________________________
20	|622	|3544	|422	|481	|680	|590	|0	|694	|343	|623	|464	|758	|391	|545	|537	|653	|4977	|3866	|2482	|19850	|3868	|2793	|3617	|3731	|3272	|2109	|2160	|3702	|2309	|2211	|3292	|3265	|3600	|3544	|3800	|3324	|3257	|3345	|3662	|2965	|3451	|3228	|3193	|3354	|3843	|2615	|0	|2916	|0	|2717	|3724	|3768	|4409	|3320	|2462	|4345	|2969	|2505	|3290	|3353	|3238	|2893	|3353	|2836	|3299	|3307	|3650	|3066	|3366	|3424	|3284	|3359	|
________________________________________________________
21	|705	|667	|383	|0	|3015	|448	|278	|624	|355	|542	|403	|508	|512	|509	|654	|504	|4189	|3307	|2475	|3868	|17112	|2039	|3201	|3169	|2815	|1844	|2301	|3331	|2974	|1933	|2867	|2894	|3064	|2792	|3255	|2914	|2805	|2788	|3112	|2544	|3015	|2785	|2816	|2881	|3269	|2251	|2338	|0	|1830	|0	|3246	|3266	|3959	|2823	|2085	|2760	|3572	|2103	|2875	|2876	|2849	|2637	|2971	|2426	|2780	|2810	|3197	|2717	|2904	|2897	|2796	|2851	|
________________________________________________________
22	|427	|501	|248	|451	|367	|295	|0	|0	|247	|508	|335	|433	|323	|381	|435	|365	|2952	|2300	|1807	|2793	|2039	|12055	|2022	|2405	|1969	|1361	|1479	|2300	|1588	|1663	|1964	|2067	|2145	|1970	|2067	|2250	|2058	|1999	|2632	|1787	|2080	|2446	|2149	|2297	|2207	|1584	|1542	|2367	|0	|1164	|0	|2454	|2824	|2035	|1405	|2394	|2058	|1592	|1918	|2045	|2040	|1828	|2046	|1854	|2016	|1970	|2737	|0	|0	|2452	|2156	|2284	|
________________________________________________________
23	|587	|648	|341	|527	|493	|2672	|455	|402	|309	|437	|366	|572	|410	|481	|477	|630	|4037	|3074	|2280	|3617	|3201	|2022	|16327	|3181	|2701	|1644	|1975	|2703	|2465	|1649	|3095	|2007	|3007	|2693	|3176	|2686	|2730	|2726	|2812	|2672	|2784	|2621	|2721	|2842	|3160	|2130	|2072	|3101	|2500	|0	|2175	|0	|3763	|2705	|2039	|3098	|2777	|2113	|3456	|2447	|2774	|2553	|2899	|2362	|2708	|2733	|2988	|2606	|2792	|2736	|2756	|2821	|
________________________________________________________
24	|635	|675	|353	|473	|613	|491	|452	|0	|282	|471	|373	|528	|486	|459	|490	|418	|4101	|3144	|2219	|3731	|3169	|2405	|3181	|16449	|2634	|1704	|1966	|2717	|2460	|2010	|3102	|3180	|3010	|2712	|3185	|2794	|2683	|2785	|2812	|2372	|2801	|2562	|2623	|2722	|3117	|2168	|1998	|3034	|2478	|2330	|0	|1427	|3819	|2768	|1915	|3009	|2762	|1945	|2363	|3510	|2730	|2581	|2749	|2220	|2699	|2773	|2904	|2651	|2791	|2799	|2638	|2661	|
________________________________________________________
25	|620	|630	|231	|451	|477	|449	|369	|444	|410	|557	|0	|664	|472	|492	|529	|563	|3983	|3286	|2123	|3272	|2815	|1969	|2701	|2634	|16426	|2334	|2359	|3047	|2693	|2044	|3131	|3220	|3041	|2771	|3160	|2858	|2624	|2656	|2942	|2485	|2767	|2638	|2693	|2696	|3322	|1464	|1843	|2781	|2155	|1853	|2706	|2840	|3131	|0	|2393	|3590	|3199	|2261	|3085	|3009	|2801	|2503	|2826	|2305	|2774	|2611	|2977	|2655	|2747	|2796	|2782	|2744	|
________________________________________________________
26	|477	|316	|244	|326	|314	|241	|221	|296	|1866	|291	|145	|436	|319	|319	|339	|403	|1809	|2376	|1146	|2109	|1844	|1361	|1644	|1704	|2334	|10656	|1283	|2013	|1778	|1306	|2025	|2011	|1916	|1758	|2022	|1774	|1866	|1744	|1934	|1583	|1856	|1747	|1806	|1788	|1137	|1786	|1230	|1810	|1363	|1264	|1762	|1794	|0	|1104	|0	|2332	|2075	|1435	|2084	|2059	|1840	|1561	|1766	|1484	|1840	|1694	|1999	|1675	|1806	|1772	|1810	|1770	|
________________________________________________________
27	|454	|440	|221	|412	|549	|342	|280	|388	|242	|315	|0	|0	|349	|332	|413	|402	|2637	|2006	|1791	|2160	|2301	|1479	|1975	|1966	|2359	|1283	|12017	|1950	|2190	|1609	|2191	|2234	|2594	|2251	|2782	|2057	|1960	|2508	|2154	|1815	|2328	|1688	|1962	|2126	|2058	|1369	|1472	|1964	|1733	|1343	|1970	|2014	|3418	|0	|1283	|0	|2475	|1686	|2124	|2198	|2255	|1999	|2493	|0	|0	|2587	|2299	|1969	|2283	|2087	|1958	|2036	|
________________________________________________________
28	|504	|632	|315	|575	|584	|480	|269	|477	|290	|2780	|488	|447	|509	|526	|0	|589	|3548	|2699	|1965	|3702	|3331	|2300	|2703	|2717	|3047	|2013	|1950	|16526	|3142	|2189	|3172	|3168	|3080	|2806	|3179	|2780	|2756	|2737	|2925	|2394	|2850	|2668	|2715	|2868	|2768	|2001	|1826	|3397	|1727	|1915	|2706	|2758	|4191	|3217	|0	|2518	|0	|2326	|3195	|3148	|2672	|2518	|2784	|2301	|2685	|2708	|3128	|2649	|2775	|2930	|2753	|2923	|
________________________________________________________
29	|466	|414	|274	|370	|540	|357	|422	|448	|339	|525	|361	|0	|2542	|400	|309	|590	|3224	|2453	|1853	|2309	|2974	|1588	|2465	|2460	|2693	|1778	|2190	|3142	|14827	|1600	|2839	|2832	|2766	|2434	|2890	|2512	|2405	|2328	|2736	|2122	|2576	|2353	|2542	|2594	|2456	|1674	|1862	|1962	|2602	|1717	|2449	|2471	|3846	|2751	|2181	|0	|1754	|0	|2961	|2758	|2349	|2119	|2759	|1937	|2331	|2430	|2840	|2389	|2554	|2477	|2388	|2575	|
________________________________________________________
30	|353	|389	|204	|319	|433	|288	|304	|404	|197	|352	|299	|398	|255	|273	|0	|0	|2386	|1847	|1365	|2211	|1933	|1663	|1649	|2010	|2044	|1306	|1609	|2189	|1600	|11045	|1919	|2199	|2038	|1843	|2122	|1864	|1571	|2108	|2188	|1824	|2347	|1824	|1819	|2216	|1841	|1271	|1232	|1879	|1470	|1410	|1750	|2042	|2860	|2087	|1464	|2411	|0	|1155	|0	|2140	|1860	|1651	|1867	|1581	|1722	|2134	|2324	|1989	|2245	|0	|0	|2256	|
________________________________________________________
31	|538	|555	|293	|471	|510	|499	|365	|659	|376	|534	|426	|609	|419	|2667	|592	|407	|3609	|2775	|1971	|3292	|2867	|1964	|3095	|3102	|3131	|2025	|2191	|3172	|2839	|1919	|16702	|3570	|3095	|2792	|3113	|2816	|2868	|2780	|2984	|2451	|2905	|2667	|2795	|2735	|2779	|1959	|1888	|2771	|2214	|1893	|3629	|2493	|4388	|3131	|2234	|3504	|3281	|0	|2112	|0	|2856	|2479	|2843	|2435	|2628	|2712	|3158	|2703	|2882	|2879	|2769	|2783	|
________________________________________________________
32	|591	|568	|278	|473	|531	|335	|404	|394	|342	|524	|446	|615	|519	|570	|612	|0	|3629	|2787	|2103	|3265	|2894	|2067	|2007	|3180	|3220	|2011	|2234	|3168	|2832	|2199	|3570	|16814	|3149	|2729	|3244	|2942	|2821	|2805	|2963	|2533	|2910	|2794	|2725	|2669	|2731	|1917	|1957	|2802	|2205	|2052	|2298	|3637	|4357	|3153	|2374	|3525	|3355	|2377	|0	|1418	|2825	|2488	|2834	|2419	|2679	|2819	|3108	|2667	|2840	|2857	|2687	|2765	|
________________________________________________________
33	|789	|753	|0	|630	|504	|319	|351	|623	|385	|586	|476	|670	|469	|482	|543	|552	|4050	|3131	|2768	|3600	|3064	|2145	|3007	|3010	|3041	|1916	|2594	|3080	|2766	|2038	|3095	|3149	|18491	|3396	|4098	|3608	|3449	|3541	|3783	|1880	|3168	|2943	|2992	|3151	|3006	|2092	|2507	|3155	|2435	|2336	|3051	|3071	|4333	|3069	|2532	|3446	|3150	|2191	|3054	|3111	|2779	|0	|3534	|2919	|3452	|3459	|4181	|2618	|3136	|3221	|3040	|3038	|
________________________________________________________
34	|540	|3544	|261	|544	|457	|520	|488	|457	|344	|532	|442	|606	|408	|463	|471	|474	|3672	|2735	|2140	|3544	|2792	|1970	|2693	|2712	|2771	|1758	|2251	|2806	|2434	|1843	|2792	|2729	|3396	|16734	|3611	|3252	|3188	|3064	|3406	|2834	|2936	|2762	|2707	|2761	|2830	|1922	|0	|2742	|2189	|1858	|2709	|2734	|3843	|2766	|2205	|3217	|2814	|2011	|2772	|2846	|0	|2198	|3244	|2608	|3120	|3149	|2745	|3638	|2925	|2881	|2750	|2791	|
________________________________________________________
35	|3271	|714	|414	|500	|645	|457	|440	|671	|406	|560	|0	|717	|504	|362	|467	|608	|4122	|3271	|2413	|3800	|3255	|2067	|3176	|3185	|3160	|2022	|2782	|3179	|2890	|2122	|3113	|3244	|4098	|3611	|19121	|3547	|3635	|3616	|3442	|2808	|3691	|2190	|3070	|3237	|3205	|2217	|0	|3186	|2614	|2208	|3140	|3178	|4352	|3196	|2814	|3437	|3318	|2535	|3182	|3115	|3621	|3253	|2940	|0	|3473	|3524	|3596	|3076	|4071	|2808	|3166	|3173	|
________________________________________________________
36	|602	|758	|346	|0	|540	|463	|369	|375	|299	|2780	|341	|678	|432	|547	|661	|491	|3708	|2824	|2567	|3324	|2914	|2250	|2686	|2794	|2858	|1774	|2057	|2780	|2512	|1864	|2816	|2942	|3608	|3252	|3547	|17040	|3207	|3252	|3061	|2525	|3324	|3229	|2738	|2867	|2848	|1925	|2311	|2821	|2191	|1920	|2788	|2928	|3858	|2780	|0	|3298	|2978	|2061	|2778	|2785	|3175	|2895	|0	|2158	|3187	|3341	|3187	|2762	|2487	|3778	|2753	|2878	|
________________________________________________________
37	|640	|628	|314	|521	|477	|421	|379	|462	|1866	|445	|444	|505	|486	|426	|480	|667	|3503	|2838	|2198	|3257	|2805	|2058	|2730	|2683	|2624	|1866	|1960	|2756	|2405	|1571	|2868	|2821	|3449	|3188	|3635	|3207	|16491	|2963	|2975	|2439	|2855	|2752	|3156	|1960	|2678	|1927	|2001	|2773	|2161	|1837	|2676	|2800	|3787	|2802	|0	|3058	|2772	|1987	|2833	|2844	|3096	|2783	|3119	|2653	|2478	|0	|2992	|2680	|2760	|2750	|3627	|2270	|
________________________________________________________
38	|628	|652	|316	|534	|432	|460	|350	|457	|316	|583	|498	|0	|486	|499	|455	|414	|3606	|2748	|2209	|3345	|2788	|1999	|2726	|2785	|2656	|1744	|2508	|2737	|2328	|2108	|2780	|2805	|3541	|3064	|3616	|3252	|2963	|16493	|2892	|2437	|2811	|2755	|3126	|3231	|2677	|1844	|2065	|2780	|2161	|1901	|2748	|2773	|3720	|2756	|2434	|2955	|2778	|1916	|2748	|2709	|3108	|2744	|3132	|2647	|0	|2464	|3041	|2701	|2719	|2799	|2294	|3557	|
________________________________________________________
39	|656	|719	|246	|479	|651	|526	|0	|665	|311	|508	|408	|594	|526	|564	|564	|625	|3975	|3030	|2427	|3662	|3112	|2632	|2812	|2812	|2942	|1934	|2154	|2925	|2736	|2188	|2984	|2963	|3783	|3406	|3442	|3061	|2975	|2892	|17984	|2936	|3592	|3390	|3350	|3419	|2995	|2060	|1957	|3009	|2296	|2445	|3027	|2952	|4072	|2920	|2110	|3326	|3075	|2355	|3031	|3063	|3955	|2206	|3027	|2499	|2968	|2957	|3165	|0	|3527	|3429	|3318	|3378	|
________________________________________________________
40	|387	|593	|349	|400	|475	|2672	|272	|521	|263	|412	|339	|505	|422	|459	|472	|501	|3223	|2412	|1590	|2965	|2544	|1787	|2672	|2372	|2485	|1583	|1815	|2394	|2122	|1824	|2451	|2533	|1880	|2834	|2808	|2525	|2439	|2437	|2936	|14849	|2877	|2773	|2852	|2843	|2523	|1667	|1678	|2473	|1959	|0	|2516	|2506	|3375	|2502	|1746	|2841	|2610	|1984	|2484	|2482	|1918	|3136	|2518	|2065	|2440	|2437	|0	|1970	|2953	|2849	|2776	|2844	|
________________________________________________________
41	|646	|605	|307	|634	|3015	|423	|462	|446	|366	|533	|345	|598	|556	|559	|0	|607	|3741	|2879	|2140	|3451	|3015	|2080	|2784	|2801	|2767	|1856	|2328	|2850	|2576	|2347	|2905	|2910	|3168	|2936	|3691	|3324	|2855	|2811	|3592	|2877	|17297	|3333	|3281	|3363	|2901	|2028	|1866	|2879	|2273	|0	|2807	|2904	|3886	|2907	|2076	|3212	|3035	|2522	|2819	|2837	|2894	|2596	|3746	|2020	|2843	|2726	|3633	|3123	|2547	|0	|3291	|3237	|
________________________________________________________
42	|363	|596	|331	|381	|588	|533	|421	|0	|257	|541	|510	|528	|445	|2667	|394	|614	|3518	|2656	|2045	|3228	|2785	|2446	|2621	|2562	|2638	|1747	|1688	|2668	|2353	|1824	|2667	|2794	|2943	|2762	|2190	|3229	|2752	|2755	|3390	|2773	|3333	|16290	|3157	|3134	|2657	|1887	|2015	|2760	|2136	|2224	|2665	|2730	|3678	|2744	|1905	|3106	|2676	|0	|2750	|2676	|2767	|2413	|2302	|3181	|2678	|2729	|3440	|3012	|0	|2316	|3154	|3093	|
________________________________________________________
43	|546	|524	|294	|491	|569	|516	|424	|551	|355	|455	|357	|718	|2542	|450	|582	|443	|3501	|2752	|2080	|3193	|2816	|2149	|2721	|2623	|2693	|1806	|1962	|2715	|2542	|1819	|2795	|2725	|2992	|2707	|3070	|2738	|3156	|3126	|3350	|2852	|3281	|3157	|16469	|3209	|2752	|1942	|1843	|2759	|2234	|2148	|2718	|2707	|3664	|2699	|1978	|3040	|2831	|0	|2757	|2760	|2732	|2472	|2821	|2305	|3540	|2248	|3400	|2996	|3137	|3202	|2346	|0	|
________________________________________________________
44	|562	|573	|272	|464	|587	|504	|442	|561	|218	|477	|451	|456	|506	|531	|581	|0	|3756	|2847	|2127	|3354	|2881	|2297	|2842	|2722	|2696	|1788	|2126	|2868	|2594	|2216	|2735	|2669	|3151	|2761	|3237	|2867	|1960	|3231	|3419	|2843	|3363	|3134	|3209	|16973	|2763	|1920	|1878	|2811	|2288	|2170	|2818	|2834	|3800	|2824	|2222	|3109	|2836	|2446	|2820	|2771	|2873	|2550	|2871	|2443	|2310	|3656	|3542	|3055	|3209	|3283	|0	|2357	|
________________________________________________________
45	|0	|755	|339	|556	|621	|506	|398	|550	|202	|441	|431	|609	|449	|426	|455	|469	|3215	|0	|2457	|3843	|3269	|2207	|3160	|3117	|3322	|1137	|2058	|2768	|2456	|1841	|2779	|2731	|3006	|2830	|3205	|2848	|2678	|2677	|2995	|2523	|2901	|2657	|2752	|2763	|16607	|2245	|2145	|3173	|2507	|2101	|3180	|3103	|4399	|3362	|2272	|3125	|2819	|2029	|2718	|2695	|2771	|2511	|2812	|2275	|2741	|2679	|3044	|2584	|2829	|2812	|2772	|2761	|
________________________________________________________
46	|307	|451	|1700	|316	|442	|337	|294	|387	|329	|313	|345	|330	|282	|336	|332	|342	|0	|1521	|0	|2615	|2251	|1584	|2130	|2168	|1464	|1786	|1369	|2001	|1674	|1271	|1959	|1917	|2092	|1922	|2217	|1925	|1927	|1844	|2060	|1667	|2028	|1887	|1942	|1920	|2245	|11459	|1314	|2178	|1686	|1524	|2136	|2197	|2054	|2281	|1223	|2123	|1934	|1376	|1896	|1905	|1905	|1700	|1864	|1631	|1923	|1903	|2124	|1840	|1926	|1898	|1892	|1947	|
________________________________________________________
47	|0	|0	|166	|293	|421	|349	|306	|357	|244	|363	|304	|423	|315	|300	|524	|351	|2991	|0	|1181	|0	|2338	|1542	|2072	|1998	|1843	|1230	|1472	|1826	|1862	|1232	|1888	|1957	|2507	|0	|0	|2311	|2001	|2065	|1957	|1678	|1866	|2015	|1843	|1878	|2145	|1314	|11127	|1856	|1802	|1479	|1990	|2036	|2576	|1831	|1601	|1978	|2131	|1344	|1788	|1830	|2291	|1658	|1877	|1992	|2040	|2007	|2050	|1757	|1725	|2139	|1872	|1861	|
________________________________________________________
48	|658	|502	|290	|2812	|0	|538	|441	|575	|316	|567	|384	|642	|351	|443	|562	|576	|4167	|3215	|0	|2916	|0	|2367	|3101	|3034	|2781	|1810	|1964	|3397	|1962	|1879	|2771	|2802	|3155	|2742	|3186	|2821	|2773	|2780	|3009	|2473	|2879	|2760	|2759	|2811	|3173	|2178	|1856	|16728	|2705	|2335	|3194	|3154	|3828	|2759	|1963	|3621	|3390	|2196	|2803	|2803	|2815	|2506	|2812	|2438	|2735	|2826	|3081	|2698	|2756	|2831	|2821	|2849	|
________________________________________________________
49	|560	|0	|308	|435	|304	|438	|2180	|391	|270	|278	|289	|310	|469	|358	|463	|349	|3292	|2505	|1970	|0	|1830	|0	|2500	|2478	|2155	|1363	|1733	|1727	|2602	|1470	|2214	|2205	|2435	|2189	|2614	|2191	|2161	|2161	|2296	|1959	|2273	|2136	|2234	|2288	|2507	|1686	|1802	|2705	|13223	|1525	|2501	|2579	|3064	|2256	|1666	|1819	|2721	|1485	|2252	|2187	|2134	|1945	|2246	|1843	|2047	|2170	|2436	|2180	|2297	|2194	|2231	|2149	|
________________________________________________________
50	|430	|487	|205	|398	|0	|0	|230	|327	|204	|333	|262	|361	|313	|328	|371	|406	|2823	|2218	|1621	|2717	|0	|1164	|0	|2330	|1853	|1264	|1343	|1915	|1717	|1410	|1893	|2052	|2336	|1858	|2208	|1920	|1837	|1901	|2445	|0	|0	|2224	|2148	|2170	|2101	|1524	|1479	|2335	|1525	|11450	|1957	|2312	|2594	|1899	|1358	|2102	|1858	|1581	|1816	|2045	|2162	|1449	|1946	|1601	|1907	|1924	|2405	|1875	|1941	|2418	|2156	|2147	|
________________________________________________________
51	|634	|674	|286	|530	|612	|362	|327	|2922	|306	|463	|350	|518	|384	|592	|477	|574	|4066	|3187	|2291	|3724	|3246	|0	|2175	|0	|2706	|1762	|1970	|2706	|2449	|1750	|3629	|2298	|3051	|2709	|3140	|2788	|2676	|2748	|3027	|2516	|2807	|2665	|2718	|2818	|3180	|2136	|1990	|3194	|2501	|1957	|16507	|3283	|3709	|2708	|2085	|3024	|2823	|1985	|3156	|3040	|2725	|2476	|2776	|2308	|2678	|2711	|3008	|2606	|2922	|2802	|2722	|2748	|
________________________________________________________
52	|592	|688	|321	|523	|622	|0	|448	|596	|321	|456	|364	|568	|441	|402	|486	|359	|4179	|3204	|2305	|3768	|3266	|2454	|0	|1427	|2840	|1794	|2014	|2758	|2471	|2042	|2493	|3637	|3071	|2734	|3178	|2928	|2800	|2773	|2952	|2506	|2904	|2730	|2707	|2834	|3103	|2197	|2036	|3154	|2579	|2312	|3283	|16786	|3792	|2797	|2054	|3140	|2903	|2003	|2126	|3109	|2804	|2580	|2857	|2366	|2817	|2782	|2879	|2618	|2816	|2804	|2692	|2769	|
________________________________________________________
53	|642	|851	|315	|630	|706	|623	|499	|653	|0	|767	|591	|871	|632	|703	|741	|816	|5463	|3167	|3033	|4409	|3959	|2824	|3763	|3819	|3131	|0	|3418	|4191	|3846	|2860	|4388	|4357	|4333	|3843	|4352	|3858	|3787	|3720	|4072	|3375	|3886	|3678	|3664	|3800	|4399	|2054	|2576	|3828	|3064	|2594	|3709	|3792	|22744	|4412	|3200	|4796	|4534	|3081	|4354	|4278	|3772	|3431	|3800	|3230	|3697	|3739	|4252	|3697	|3822	|3929	|3776	|3832	|
________________________________________________________
54	|663	|615	|373	|456	|529	|433	|400	|492	|195	|548	|2309	|572	|460	|488	|590	|591	|3217	|3335	|2106	|3320	|2823	|2035	|2705	|2768	|0	|1104	|0	|3217	|2751	|2087	|3131	|3153	|3069	|2766	|3196	|2780	|2802	|2756	|2920	|2502	|2907	|2744	|2699	|2824	|3362	|2281	|1831	|2759	|2256	|1899	|2708	|2797	|4412	|16716	|2035	|3562	|3225	|2282	|3218	|3263	|2753	|2546	|2828	|2309	|2734	|2734	|3107	|2761	|2886	|2817	|2757	|2847	|
________________________________________________________
55	|481	|496	|218	|428	|379	|339	|302	|399	|0	|0	|238	|412	|370	|358	|443	|403	|2845	|2023	|1665	|2462	|2085	|1405	|2039	|1915	|2393	|0	|1283	|0	|2181	|1464	|2234	|2374	|2532	|2205	|2814	|0	|0	|2434	|2110	|1746	|2076	|1905	|1978	|2222	|2272	|1223	|1601	|1963	|1666	|1358	|2085	|2054	|3200	|2035	|12089	|2221	|2561	|1821	|2300	|2266	|2215	|2006	|2574	|1703	|1956	|2353	|2190	|1968	|2065	|1968	|1792	|2154	|
________________________________________________________
56	|597	|819	|284	|582	|488	|574	|300	|516	|426	|444	|482	|3291	|0	|631	|658	|679	|4098	|3123	|2287	|4345	|2760	|2394	|3098	|3009	|3590	|2332	|0	|2518	|0	|2411	|3504	|3525	|3446	|3217	|3437	|3298	|3058	|2955	|3326	|2841	|3212	|3106	|3040	|3109	|3125	|2123	|1978	|3621	|1819	|2102	|3024	|3140	|4796	|3562	|2221	|18583	|3806	|2494	|3568	|3499	|3150	|2863	|2956	|2786	|3291	|2980	|3499	|2992	|3151	|3230	|3224	|3020	|
________________________________________________________
57	|575	|556	|305	|591	|616	|473	|435	|470	|381	|0	|476	|668	|318	|563	|2927	|535	|3689	|2870	|2077	|2969	|3572	|2058	|2777	|2762	|3199	|2075	|2475	|0	|1754	|0	|3281	|3355	|3150	|2814	|3318	|2978	|2772	|2778	|3075	|2610	|3035	|2676	|2831	|2836	|2819	|1934	|2131	|3390	|2721	|1858	|2823	|2903	|4534	|3225	|2561	|3806	|17111	|2160	|3207	|3268	|2904	|2515	|2994	|2451	|2769	|2717	|3151	|2819	|2959	|2927	|2833	|2711	|
________________________________________________________
58	|457	|448	|222	|483	|434	|381	|293	|416	|266	|388	|290	|440	|0	|0	|355	|369	|2616	|2061	|1482	|2505	|2103	|1592	|2113	|1945	|2261	|1435	|1686	|2326	|0	|1155	|0	|2377	|2191	|2011	|2535	|2061	|1987	|1916	|2355	|1984	|2522	|0	|0	|2446	|2029	|1376	|1344	|2196	|1485	|1581	|1985	|2003	|3081	|2282	|1821	|2494	|2160	|12024	|2111	|2385	|2029	|1856	|2153	|1472	|1946	|1905	|2476	|2185	|2464	|1995	|2004	|2413	|
________________________________________________________
59	|537	|573	|286	|438	|480	|599	|334	|522	|376	|551	|467	|635	|566	|352	|480	|3020	|3672	|2860	|2026	|3290	|2875	|1918	|3456	|2363	|3085	|2084	|2124	|3195	|2961	|0	|2112	|0	|3054	|2772	|3182	|2778	|2833	|2748	|3031	|2484	|2819	|2750	|2757	|2820	|2718	|1896	|1788	|2803	|2252	|1816	|3156	|2126	|4354	|3218	|2300	|3568	|3207	|2111	|16628	|3585	|2734	|2532	|2851	|2426	|2704	|2719	|3140	|2783	|2791	|2838	|3020	|2771	|
________________________________________________________
60	|523	|642	|296	|467	|514	|417	|381	|534	|367	|510	|430	|642	|498	|0	|614	|628	|3675	|2774	|2046	|3353	|2876	|2045	|2447	|3510	|3009	|2059	|2198	|3148	|2758	|2140	|0	|1418	|3111	|2846	|3115	|2785	|2844	|2709	|3063	|2482	|2837	|2676	|2760	|2771	|2695	|1905	|1830	|2803	|2187	|2045	|3040	|3109	|4278	|3263	|2266	|3499	|3268	|2385	|3585	|16627	|2783	|2543	|2858	|2303	|2703	|2703	|2968	|2608	|2764	|2833	|2638	|2667	|
________________________________________________________
61	|669	|0	|305	|593	|491	|357	|434	|574	|365	|479	|433	|627	|387	|469	|479	|514	|3693	|2800	|2514	|3238	|2849	|2040	|2774	|2730	|2801	|1840	|2255	|2672	|2349	|1860	|2856	|2825	|2779	|0	|3621	|3175	|3096	|3108	|3955	|1918	|2894	|2767	|2732	|2873	|2771	|1905	|2291	|2815	|2134	|2162	|2725	|2804	|3772	|2753	|2215	|3150	|2904	|2029	|2734	|2783	|16739	|2758	|3261	|2802	|3086	|3159	|3633	|3175	|2867	|2696	|2757	|2712	|
________________________________________________________
62	|601	|446	|1700	|435	|443	|583	|374	|415	|331	|472	|376	|580	|367	|386	|397	|465	|3229	|2570	|0	|2893	|2637	|1828	|2553	|2581	|2503	|1561	|1999	|2518	|2119	|1651	|2479	|2488	|0	|2198	|3253	|2895	|2783	|2744	|2206	|3136	|2596	|2413	|2472	|2550	|2511	|1700	|1658	|2506	|1945	|1449	|2476	|2580	|3431	|2546	|2006	|2863	|2515	|1856	|2532	|2543	|2758	|14968	|2898	|2310	|2873	|2814	|1949	|2780	|2660	|2518	|2540	|2490	|
________________________________________________________
63	|519	|708	|253	|2812	|696	|481	|377	|568	|407	|0	|457	|666	|478	|344	|590	|570	|3678	|2888	|0	|3353	|2971	|2046	|2899	|2749	|2826	|1766	|2493	|2784	|2759	|1867	|2843	|2834	|3534	|3244	|2940	|0	|3119	|3132	|3027	|2518	|3746	|2302	|2821	|2871	|2812	|1864	|1877	|2812	|2246	|1946	|2776	|2857	|3800	|2828	|2574	|2956	|2994	|2153	|2851	|2858	|3261	|2898	|16927	|2692	|3183	|3060	|3138	|2721	|3366	|3319	|2793	|2841	|
________________________________________________________
64	|0	|604	|290	|498	|334	|435	|289	|271	|291	|350	|2309	|514	|314	|521	|502	|397	|3040	|2388	|2143	|2836	|2426	|1854	|2362	|2220	|2305	|1484	|0	|2301	|1937	|1581	|2435	|2419	|2919	|2608	|0	|2158	|2653	|2647	|2499	|2065	|2020	|3181	|2305	|2443	|2275	|1631	|1992	|2438	|1843	|1601	|2308	|2366	|3230	|2309	|1703	|2786	|2451	|1472	|2426	|2303	|2802	|2310	|2692	|14133	|2748	|2707	|2576	|2335	|1554	|2806	|2250	|2376	|
________________________________________________________
65	|629	|639	|316	|531	|493	|444	|352	|493	|293	|525	|406	|3291	|568	|389	|477	|562	|3546	|2802	|2270	|3299	|2780	|2016	|2708	|2699	|2774	|1840	|0	|2685	|2331	|1722	|2628	|2679	|3452	|3120	|3473	|3187	|2478	|0	|2968	|2440	|2843	|2678	|3540	|2310	|2741	|1923	|2040	|2735	|2047	|1907	|2678	|2817	|3697	|2734	|1956	|3291	|2769	|1946	|2704	|2703	|3086	|2873	|3183	|2748	|16445	|3081	|3000	|2634	|2802	|2843	|3162	|3114	|
________________________________________________________
66	|633	|662	|307	|500	|452	|436	|351	|474	|0	|599	|476	|606	|331	|492	|467	|331	|3697	|2736	|2320	|3307	|2810	|1970	|2733	|2773	|2611	|1694	|2587	|2708	|2430	|2134	|2712	|2819	|3459	|3149	|3524	|3341	|0	|2464	|2957	|2437	|2726	|2729	|2248	|3656	|2679	|1903	|2007	|2826	|2170	|1924	|2711	|2782	|3739	|2734	|2353	|2980	|2717	|1905	|2719	|2703	|3159	|2814	|3060	|2707	|3081	|16531	|3023	|2608	|2778	|2839	|1875	|3210	|
________________________________________________________
67	|704	|569	|208	|519	|697	|0	|471	|643	|334	|503	|413	|619	|557	|556	|625	|646	|4109	|3048	|2478	|3650	|3197	|2737	|2988	|2904	|2977	|1999	|2299	|3128	|2840	|2324	|3158	|3108	|4181	|2745	|3596	|3187	|2992	|3041	|3165	|0	|3633	|3440	|3400	|3542	|3044	|2124	|2050	|3081	|2436	|2405	|3008	|2879	|4252	|3107	|2190	|3499	|3151	|2476	|3140	|2968	|3633	|1949	|3138	|2576	|3000	|3023	|18535	|3388	|3520	|3595	|3430	|3505	|
________________________________________________________
68	|554	|736	|290	|444	|569	|329	|2180	|486	|308	|437	|380	|520	|446	|500	|555	|561	|3434	|2721	|2035	|3066	|2717	|0	|2606	|2651	|2655	|1675	|1969	|2649	|2389	|1989	|2703	|2667	|2618	|3638	|3076	|2762	|2680	|2701	|0	|1970	|3123	|3012	|2996	|3055	|2584	|1840	|1757	|2698	|2180	|1875	|2606	|2618	|3697	|2761	|1968	|2992	|2819	|2185	|2783	|2608	|3175	|2780	|2721	|2335	|2634	|2608	|3388	|16117	|3115	|3072	|3031	|3052	|
________________________________________________________
69	|696	|586	|276	|529	|458	|555	|375	|2922	|340	|400	|246	|558	|511	|0	|547	|631	|3834	|2924	|2052	|3366	|2904	|0	|2792	|2791	|2747	|1806	|2283	|2775	|2554	|2245	|2882	|2840	|3136	|2925	|4071	|2487	|2760	|2719	|3527	|2953	|2547	|0	|3137	|3209	|2829	|1926	|1725	|2756	|2297	|1941	|2922	|2816	|3822	|2886	|2065	|3151	|2959	|2464	|2791	|2764	|2867	|2660	|3366	|1554	|2802	|2778	|3520	|3115	|16977	|3321	|3210	|3235	|
________________________________________________________
70	|454	|619	|293	|536	|0	|572	|434	|565	|289	|627	|454	|551	|496	|362	|2927	|540	|3623	|2791	|2017	|3424	|2897	|2452	|2736	|2799	|2796	|1772	|2087	|2930	|2477	|0	|2879	|2857	|3221	|2881	|2808	|3778	|2750	|2799	|3429	|2849	|0	|2316	|3202	|3283	|2812	|1898	|2139	|2831	|2194	|2418	|2802	|2804	|3929	|2817	|1968	|3230	|2927	|1995	|2838	|2833	|2696	|2518	|3319	|2806	|2843	|2839	|3595	|3072	|3321	|17014	|3251	|3264	|
________________________________________________________
71	|526	|609	|299	|480	|549	|490	|429	|543	|433	|458	|312	|678	|342	|532	|498	|3020	|3549	|2814	|1991	|3284	|2796	|2156	|2756	|2638	|2782	|1810	|1958	|2753	|2388	|0	|2769	|2687	|3040	|2750	|3166	|2753	|3627	|2294	|3318	|2776	|3291	|3154	|2346	|0	|2772	|1892	|1872	|2821	|2231	|2156	|2722	|2692	|3776	|2757	|1792	|3224	|2833	|2004	|3020	|2638	|2757	|2540	|2793	|2250	|3162	|1875	|3430	|3031	|3210	|3251	|16546	|3198	|
________________________________________________________
72	|554	|612	|284	|503	|586	|538	|399	|554	|257	|507	|440	|621	|0	|523	|557	|599	|3632	|2785	|1996	|3359	|2851	|2284	|2821	|2661	|2744	|1770	|2036	|2923	|2575	|2256	|2783	|2765	|3038	|2791	|3173	|2878	|2270	|3557	|3378	|2844	|3237	|3093	|0	|2357	|2761	|1947	|1861	|2849	|2149	|2147	|2748	|2769	|3832	|2847	|2154	|3020	|2711	|2413	|2771	|2667	|2712	|2490	|2841	|2376	|3114	|3210	|3505	|3052	|3235	|3264	|3198	|16649	|
________________________________________________________
