0	|1	|2	|3	|4	|5	|6	|7	|8	|9	|10	|11	|12	|13	|14	|15	|16	|17	|18	|19	|20	|21	|22	|23	|24	|25	|26	|27	|28	|29	|30	|31	|32	|33	|34	|35	|36	|37	|38	|39	|40	|41	|42	|43	|44	|45	|46	|47	|48	|49	|50	|51	|52	|53	|54	|55	|56	|57	|58	|59	|60	|61	|62	|63	|64	|65	|66	|67	|68	|69	|70	|71	|72	|
1	|100	|3,3	|1,96	|3,21	|4,59	|2,48	|3,21	|4,34	|3,21	|2,9	|0	|4,13	|2,63	|1,8	|2,42	|3,49	|23,97	|100	|11,77	|19,02	|21,55	|13,05	|17,95	|19,41	|18,95	|14,58	|13,88	|15,41	|14,25	|10,79	|16,45	|18,07	|24,12	|16,51	|100	|18,4	|19,57	|19,2	|20,06	|11,83	|19,75	|11,1	|16,69	|17,18	|0	|9,39	|0	|20,12	|17,12	|13,15	|19,38	|18,1	|19,63	|20,27	|14,7	|18,25	|17,58	|13,97	|16,42	|15,99	|20,45	|18,37	|15,87	|0	|19,23	|19,35	|21,52	|16,94	|21,28	|13,88	|16,08	|16,94	|
________________________________________________________
2	|3,05	|100	|1,72	|3,02	|3,13	|3,39	|0	|3,81	|1,81	|3,81	|3,27	|4,66	|2,03	|2,65	|2,82	|2,77	|25,59	|15,52	|12,67	|100	|18,82	|14,14	|18,28	|19,05	|17,78	|8,92	|12,42	|17,83	|11,68	|10,98	|15,66	|16,03	|21,25	|100	|20,15	|21,39	|17,72	|18,4	|20,29	|16,73	|17,07	|16,82	|14,79	|16,17	|21,3	|12,73	|0	|14,16	|0	|13,74	|19,02	|19,41	|24,01	|17,35	|14	|23,11	|15,69	|12,64	|16,17	|18,12	|0	|12,58	|19,98	|17,04	|18,03	|18,68	|16,06	|20,77	|16,53	|17,47	|17,18	|17,27	|
________________________________________________________
3	|3,76	|3,59	|100	|2,41	|4,18	|4,94	|3,65	|3,29	|3,18	|3,53	|4	|3,29	|2,88	|3,65	|3,47	|3,41	|0	|12,47	|0	|24,82	|22,53	|14,59	|20,06	|20,76	|13,59	|14,35	|13	|18,53	|16,12	|12	|17,24	|16,35	|0	|15,35	|24,35	|20,35	|18,47	|18,59	|14,47	|20,53	|18,06	|19,47	|17,29	|16	|19,94	|100	|9,76	|17,06	|18,12	|12,06	|16,82	|18,88	|18,53	|21,94	|12,82	|16,71	|17,94	|13,06	|16,82	|17,41	|17,94	|100	|14,88	|17,06	|18,59	|18,06	|12,24	|17,06	|16,24	|17,24	|17,59	|16,71	|
________________________________________________________
4	|3,73	|3,81	|1,46	|100	|0	|3,27	|2,56	|3,38	|2,52	|0	|2,74	|4,66	|2,7	|1,92	|3,7	|4,05	|26,03	|20,87	|0	|17,11	|0	|16,04	|18,74	|16,82	|16,04	|11,59	|14,65	|20,45	|13,16	|11,34	|16,75	|16,82	|22,4	|19,35	|17,78	|0	|18,53	|18,99	|17,03	|14,22	|22,55	|13,55	|17,46	|16,5	|19,77	|11,24	|10,42	|100	|15,47	|14,15	|18,85	|18,6	|22,4	|16,22	|15,22	|20,7	|21,02	|17,18	|15,58	|16,61	|21,09	|15,47	|100	|17,71	|18,88	|17,78	|18,46	|15,79	|18,81	|19,06	|17,07	|17,89	|
________________________________________________________
5	|4,98	|3,68	|2,35	|0	|100	|1,99	|2,12	|3,85	|2,52	|3,48	|2,09	|3,18	|3,55	|3,71	|0	|3,15	|24,15	|20,17	|14,23	|22,55	|100	|12,17	|16,35	|20,33	|15,82	|10,41	|18,21	|19,37	|17,91	|14,36	|16,92	|17,61	|16,72	|15,16	|21,39	|17,91	|15,82	|14,33	|21,59	|15,75	|100	|19,5	|18,87	|19,47	|20,6	|14,66	|13,96	|0	|10,08	|0	|20,3	|20,63	|23,42	|17,55	|12,57	|16,19	|20,43	|14,39	|15,92	|17,05	|16,29	|14,69	|23,08	|11,08	|16,35	|14,99	|23,12	|18,87	|15,19	|0	|18,21	|19,44	|
________________________________________________________
6	|3,03	|4,49	|3,14	|3,44	|2,25	|100	|2,32	|2,84	|1,53	|4,04	|2,25	|4,38	|2,84	|4,12	|3,37	|4,53	|24,63	|18,53	|13,44	|22,08	|16,77	|11,04	|100	|18,38	|16,8	|9,02	|12,8	|17,96	|13,36	|10,78	|18,68	|12,54	|11,94	|19,46	|17,1	|17,33	|15,76	|17,22	|19,69	|100	|15,83	|19,95	|19,31	|18,86	|18,94	|12,61	|13,06	|20,13	|16,39	|0	|13,55	|0	|23,32	|16,21	|12,69	|21,48	|17,7	|14,26	|22,42	|15,61	|13,36	|21,82	|18	|16,28	|16,62	|16,32	|0	|12,31	|20,77	|21,41	|18,34	|20,13	|
________________________________________________________
7	|4,82	|0	|2,84	|3,3	|2,94	|2,84	|100	|2,75	|2,25	|1,65	|1,97	|2,84	|4,17	|3,07	|4,5	|3,03	|23,44	|19,36	|15,83	|0	|12,75	|0	|20,87	|20,73	|16,93	|10,14	|12,84	|12,34	|19,36	|13,94	|16,74	|18,53	|16,1	|22,39	|20,18	|16,93	|17,39	|16,06	|0	|12,48	|21,19	|19,31	|19,45	|20,28	|18,26	|13,49	|14,04	|20,23	|100	|10,55	|15	|20,55	|22,89	|18,35	|13,85	|13,76	|19,95	|13,44	|15,32	|17,48	|19,91	|17,16	|17,29	|13,26	|16,15	|16,1	|21,61	|100	|17,2	|19,91	|19,68	|18,3	|
________________________________________________________
8	|4,86	|4,62	|1,92	|3,25	|3,97	|2,6	|2,05	|100	|2,22	|2,36	|1,13	|2,67	|2,7	|0	|2,67	|3,7	|26,01	|19,37	|14,17	|23,75	|21,36	|0	|13,76	|0	|15,2	|10,13	|13,28	|16,32	|15,33	|13,83	|22,55	|13,48	|21,32	|15,64	|22,96	|12,83	|15,81	|15,64	|22,76	|17,83	|15,26	|0	|18,86	|19,2	|18,82	|13,24	|12,22	|19,68	|13,38	|11,19	|100	|20,4	|22,35	|16,84	|13,66	|17,66	|16,08	|14,24	|17,86	|18,28	|19,64	|14,2	|19,44	|9,27	|16,87	|16,22	|22,01	|16,63	|100	|19,34	|18,58	|18,96	|
________________________________________________________
9	|5,63	|3,43	|2,89	|3,8	|4,07	|2,2	|2,63	|3,48	|100	|1,93	|1,55	|4,5	|3,8	|2,57	|3,27	|5,2	|16,35	|23,79	|12,22	|18,38	|19,02	|13,24	|16,56	|15,11	|21,97	|100	|12,97	|15,54	|18,17	|10,56	|20,15	|18,33	|20,63	|18,44	|21,76	|16,02	|100	|16,93	|16,67	|14,09	|19,61	|13,77	|19,02	|11,68	|10,83	|17,63	|13,08	|16,93	|14,47	|10,93	|16,4	|17,2	|0	|10,45	|0	|22,83	|20,42	|14,26	|20,15	|19,67	|19,56	|17,74	|21,81	|15,59	|15,7	|0	|17,9	|16,51	|18,22	|15,49	|23,2	|13,77	|
________________________________________________________
10	|3,42	|4,86	|2,16	|0	|3,78	|3,88	|1,29	|2,48	|1,29	|100	|2,48	|3,49	|3,49	|3,99	|0	|3,2	|21,37	|17,3	|15,65	|22,41	|19,5	|18,27	|15,72	|16,94	|20,04	|10,47	|11,33	|100	|18,88	|12,66	|19,21	|18,85	|21,08	|19,14	|20,14	|100	|16,01	|20,97	|18,27	|14,82	|19,17	|19,46	|16,37	|17,16	|15,86	|11,26	|13,06	|20,4	|10	|11,98	|16,65	|16,4	|27,59	|19,71	|0	|15,97	|0	|13,96	|19,82	|18,35	|17,23	|16,98	|0	|12,59	|18,88	|21,55	|18,09	|15,72	|14,39	|22,55	|16,47	|18,24	|
________________________________________________________
11	|0	|5,02	|2,94	|3,33	|2,73	|2,6	|1,86	|1,43	|1,26	|2,99	|100	|3,72	|2,47	|3,9	|5,02	|3,55	|19,4	|18,97	|14,42	|20,1	|17,45	|14,51	|15,85	|16,15	|0	|6,28	|0	|21,13	|15,63	|12,95	|18,45	|19,32	|20,61	|19,14	|0	|14,77	|19,23	|21,57	|17,67	|14,68	|14,94	|22,09	|15,46	|19,53	|18,67	|14,94	|13,17	|16,63	|12,52	|11,35	|15,16	|15,76	|25,6	|100	|10,31	|20,87	|20,61	|12,56	|20,23	|18,62	|18,75	|16,28	|19,79	|100	|17,58	|20,61	|17,89	|16,46	|10,65	|19,66	|13,51	|19,06	|
________________________________________________________
12	|4,1	|5,01	|1,7	|3,98	|2,92	|3,56	|1,88	|2,37	|2,55	|2,95	|2,61	|100	|0	|3,4	|3,13	|4,38	|23,55	|17,47	|14,1	|23,03	|15,44	|13,16	|17,38	|16,04	|20,18	|13,25	|0	|13,58	|0	|12,09	|18,51	|18,69	|20,36	|18,41	|21,79	|20,6	|15,34	|0	|18,05	|15,34	|18,17	|16,04	|21,82	|13,86	|18,51	|10,03	|12,85	|19,51	|9,42	|10,97	|15,74	|17,26	|26,47	|17,38	|12,52	|100	|20,3	|13,37	|19,3	|19,51	|19,05	|17,62	|20,24	|15,62	|100	|18,41	|18,81	|15,8	|16,96	|16,74	|20,6	|18,87	|
________________________________________________________
13	|3,38	|2,83	|1,93	|2,99	|4,21	|2,99	|3,58	|3,11	|2,79	|3,82	|2,24	|0	|100	|2,6	|2,99	|3,86	|22,03	|15,77	|12,82	|15,38	|20,14	|12,71	|16,13	|19,12	|18,57	|12,55	|13,73	|20,02	|100	|10,03	|16,48	|20,42	|18,45	|16,05	|19,83	|16,99	|19,12	|19,12	|20,69	|16,6	|21,87	|17,51	|100	|19,91	|17,66	|11,09	|12,39	|13,81	|18,45	|12,31	|15,11	|17,35	|24,86	|18,1	|14,56	|0	|12,51	|0	|22,27	|19,59	|15,22	|14,44	|18,8	|12,35	|22,34	|13,02	|21,91	|17,55	|20,1	|19,51	|13,45	|0	|
________________________________________________________
14	|2,21	|3,52	|2,32	|2,02	|4,2	|4,12	|2,51	|0	|1,8	|4,16	|3,37	|4,2	|2,47	|100	|3,15	|3,04	|21,9	|16,27	|11,77	|20,43	|19,09	|14,29	|18,04	|17,21	|18,45	|11,96	|12,45	|19,72	|15	|10,24	|100	|21,37	|18,07	|17,36	|13,57	|20,51	|15,97	|18,71	|21,15	|17,21	|20,96	|100	|16,87	|19,91	|15,97	|12,6	|11,25	|16,61	|13,42	|12,3	|22,2	|15,07	|26,36	|18,3	|13,42	|23,66	|21,11	|0	|13,2	|0	|17,59	|14,47	|12,9	|19,54	|14,59	|18,45	|20,85	|18,75	|0	|13,57	|19,95	|19,61	|
________________________________________________________
15	|2,7	|3,42	|2,02	|3,55	|0	|3,07	|3,35	|2,66	|2,08	|0	|3,96	|3,52	|2,6	|2,87	|100	|2,66	|21,39	|15,82	|11,55	|18,35	|22,34	|14,86	|16,3	|16,74	|18,07	|11,58	|14,11	|0	|10,56	|0	|20,23	|20,91	|18,55	|16,09	|15,95	|22,58	|16,4	|15,54	|19,27	|16,13	|0	|13,46	|19,88	|19,85	|15,54	|11,34	|17,9	|19,2	|15,82	|12,68	|16,3	|16,6	|25,32	|20,16	|15,13	|22,48	|100	|12,13	|16,4	|20,98	|16,36	|13,56	|20,16	|17,15	|16,3	|15,95	|21,35	|18,96	|18,69	|100	|17,01	|19,03	|
________________________________________________________
16	|3,77	|3,25	|1,92	|3,77	|3,15	|4,01	|2,19	|3,58	|3,21	|2,95	|2,72	|4,77	|3,25	|2,68	|2,58	|100	|22,09	|17,38	|12,25	|21,62	|16,69	|12,09	|20,86	|13,84	|18,64	|13,34	|13,31	|19,5	|19,54	|0	|13,48	|0	|18,28	|15,7	|20,13	|16,26	|22,09	|13,71	|20,7	|16,59	|20,1	|20,33	|14,67	|0	|15,53	|11,32	|11,62	|19,07	|11,56	|13,44	|19,01	|11,89	|27,02	|19,57	|13,34	|22,48	|17,72	|12,22	|100	|20,79	|17,02	|15,4	|18,87	|13,15	|18,61	|10,96	|21,39	|18,58	|20,89	|17,88	|100	|19,83	|
________________________________________________________
17	|3,6	|4,16	|0	|3,36	|3,34	|3,02	|2,35	|3,49	|1,4	|2,73	|2,06	|3,56	|2,57	|2,68	|2,87	|3,06	|100	|18,89	|13,73	|22,84	|19,23	|13,55	|18,53	|18,82	|18,28	|8,3	|12,1	|16,29	|14,8	|10,95	|16,57	|16,66	|18,59	|16,85	|18,92	|17,02	|16,08	|16,55	|18,25	|14,79	|17,17	|16,15	|16,07	|17,24	|14,76	|0	|13,73	|19,13	|15,11	|12,96	|18,66	|19,18	|25,08	|14,77	|13,06	|18,81	|16,93	|12,01	|16,85	|16,87	|16,95	|14,82	|16,88	|13,95	|16,28	|16,97	|18,86	|15,76	|17,6	|16,63	|16,29	|16,67	|
________________________________________________________
18	|19,5	|3,28	|1,26	|3,5	|3,63	|2,95	|2,52	|3,37	|2,65	|2,87	|2,61	|3,43	|2,39	|2,59	|2,76	|3,13	|24,54	|100	|12,04	|23,05	|19,72	|13,71	|18,33	|18,75	|19,59	|14,17	|11,96	|16,09	|14,63	|11,01	|16,55	|16,62	|18,67	|16,31	|19,5	|16,84	|16,92	|16,39	|18,07	|14,38	|17,17	|15,84	|16,41	|16,98	|0	|9,07	|0	|19,17	|14,94	|13,23	|19	|19,1	|18,88	|19,89	|12,06	|18,62	|17,11	|12,29	|17,05	|16,54	|16,7	|15,32	|17,22	|14,24	|16,71	|16,31	|18,17	|16,22	|17,43	|16,64	|16,78	|16,61	|
________________________________________________________
19	|3,12	|3,64	|0	|0	|3,48	|2,91	|2,8	|3,36	|1,85	|3,53	|2,7	|3,76	|2,64	|2,55	|2,74	|3	|24,25	|16,37	|100	|20,12	|20,06	|14,65	|18,48	|17,99	|17,21	|9,29	|14,52	|15,93	|15,02	|11,07	|15,98	|17,05	|22,44	|17,35	|19,56	|20,81	|17,82	|17,91	|19,67	|12,89	|17,35	|16,58	|16,86	|17,24	|19,92	|0	|9,57	|0	|15,97	|13,14	|18,57	|18,69	|24,59	|17,07	|13,5	|18,54	|16,84	|12,01	|16,42	|16,59	|20,38	|0	|0	|17,37	|18,4	|18,81	|20,09	|16,5	|16,63	|16,35	|16,14	|16,18	|
________________________________________________________
20	|3,13	|17,85	|2,13	|2,42	|3,43	|2,97	|0	|3,5	|1,73	|3,14	|2,34	|3,82	|1,97	|2,75	|2,71	|3,29	|25,07	|19,48	|12,5	|100	|19,49	|14,07	|18,22	|18,8	|16,48	|10,62	|10,88	|18,65	|11,63	|11,14	|16,58	|16,45	|18,14	|17,85	|19,14	|16,75	|16,41	|16,85	|18,45	|14,94	|17,39	|16,26	|16,09	|16,9	|19,36	|13,17	|0	|14,69	|0	|13,69	|18,76	|18,98	|22,21	|16,73	|12,4	|21,89	|14,96	|12,62	|16,57	|16,89	|16,31	|14,57	|16,89	|14,29	|16,62	|16,66	|18,39	|15,45	|16,96	|17,25	|16,54	|16,92	|
________________________________________________________
21	|4,12	|3,9	|2,24	|0	|17,62	|2,62	|1,62	|3,65	|2,07	|3,17	|2,36	|2,97	|2,99	|2,97	|3,82	|2,95	|24,48	|19,33	|14,46	|22,6	|100	|11,92	|18,71	|18,52	|16,45	|10,78	|13,45	|19,47	|17,38	|11,3	|16,75	|16,91	|17,91	|16,32	|19,02	|17,03	|16,39	|16,29	|18,19	|14,87	|17,62	|16,28	|16,46	|16,84	|19,1	|13,15	|13,66	|0	|10,69	|0	|18,97	|19,09	|23,14	|16,5	|12,18	|16,13	|20,87	|12,29	|16,8	|16,81	|16,65	|15,41	|17,36	|14,18	|16,25	|16,42	|18,68	|15,88	|16,97	|16,93	|16,34	|16,66	|
________________________________________________________
22	|3,54	|4,16	|2,06	|3,74	|3,04	|2,45	|0	|0	|2,05	|4,21	|2,78	|3,59	|2,68	|3,16	|3,61	|3,03	|24,49	|19,08	|14,99	|23,17	|16,91	|100	|16,77	|19,95	|16,33	|11,29	|12,27	|19,08	|13,17	|13,8	|16,29	|17,15	|17,79	|16,34	|17,15	|18,66	|17,07	|16,58	|21,83	|14,82	|17,25	|20,29	|17,83	|19,05	|18,31	|13,14	|12,79	|19,64	|0	|9,66	|0	|20,36	|23,43	|16,88	|11,65	|19,86	|17,07	|13,21	|15,91	|16,96	|16,92	|15,16	|16,97	|15,38	|16,72	|16,34	|22,7	|0	|0	|20,34	|17,88	|18,95	|
________________________________________________________
23	|3,6	|3,97	|2,09	|3,23	|3,02	|16,37	|2,79	|2,46	|1,89	|2,68	|2,24	|3,5	|2,51	|2,95	|2,92	|3,86	|24,73	|18,83	|13,96	|22,15	|19,61	|12,38	|100	|19,48	|16,54	|10,07	|12,1	|16,56	|15,1	|10,1	|18,96	|12,29	|18,42	|16,49	|19,45	|16,45	|16,72	|16,7	|17,22	|16,37	|17,05	|16,05	|16,67	|17,41	|19,35	|13,05	|12,69	|18,99	|15,31	|0	|13,32	|0	|23,05	|16,57	|12,49	|18,97	|17,01	|12,94	|21,17	|14,99	|16,99	|15,64	|17,76	|14,47	|16,59	|16,74	|18,3	|15,96	|17,1	|16,76	|16,88	|17,28	|
________________________________________________________
24	|3,86	|4,1	|2,15	|2,88	|3,73	|2,98	|2,75	|0	|1,71	|2,86	|2,27	|3,21	|2,95	|2,79	|2,98	|2,54	|24,93	|19,11	|13,49	|22,68	|19,27	|14,62	|19,34	|100	|16,01	|10,36	|11,95	|16,52	|14,96	|12,22	|18,86	|19,33	|18,3	|16,49	|19,36	|16,99	|16,31	|16,93	|17,1	|14,42	|17,03	|15,58	|15,95	|16,55	|18,95	|13,18	|12,15	|18,44	|15,06	|14,16	|0	|8,68	|23,22	|16,83	|11,64	|18,29	|16,79	|11,82	|14,37	|21,34	|16,6	|15,69	|16,71	|13,5	|16,41	|16,86	|17,65	|16,12	|16,97	|17,02	|16,04	|16,18	|
________________________________________________________
25	|3,77	|3,84	|1,41	|2,75	|2,9	|2,73	|2,25	|2,7	|2,5	|3,39	|0	|4,04	|2,87	|3	|3,22	|3,43	|24,25	|20	|12,92	|19,92	|17,14	|11,99	|16,44	|16,04	|100	|14,21	|14,36	|18,55	|16,39	|12,44	|19,06	|19,6	|18,51	|16,87	|19,24	|17,4	|15,97	|16,17	|17,91	|15,13	|16,85	|16,06	|16,39	|16,41	|20,22	|8,91	|11,22	|16,93	|13,12	|11,28	|16,47	|17,29	|19,06	|0	|14,57	|21,86	|19,48	|13,76	|18,78	|18,32	|17,05	|15,24	|17,2	|14,03	|16,89	|15,9	|18,12	|16,16	|16,72	|17,02	|16,94	|16,71	|
________________________________________________________
26	|4,48	|2,97	|2,29	|3,06	|2,95	|2,26	|2,07	|2,78	|17,51	|2,73	|1,36	|4,09	|2,99	|2,99	|3,18	|3,78	|16,98	|22,3	|10,75	|19,79	|17,3	|12,77	|15,43	|15,99	|21,9	|100	|12,04	|18,89	|16,69	|12,26	|19	|18,87	|17,98	|16,5	|18,98	|16,65	|17,51	|16,37	|18,15	|14,86	|17,42	|16,39	|16,95	|16,78	|10,67	|16,76	|11,54	|16,99	|12,79	|11,86	|16,54	|16,84	|0	|10,36	|0	|21,88	|19,47	|13,47	|19,56	|19,32	|17,27	|14,65	|16,57	|13,93	|17,27	|15,9	|18,76	|15,72	|16,95	|16,63	|16,99	|16,61	|
________________________________________________________
27	|3,78	|3,66	|1,84	|3,43	|4,57	|2,85	|2,33	|3,23	|2,01	|2,62	|0	|0	|2,9	|2,76	|3,44	|3,35	|21,94	|16,69	|14,9	|17,97	|19,15	|12,31	|16,44	|16,36	|19,63	|10,68	|100	|16,23	|18,22	|13,39	|18,23	|18,59	|21,59	|18,73	|23,15	|17,12	|16,31	|20,87	|17,92	|15,1	|19,37	|14,05	|16,33	|17,69	|17,13	|11,39	|12,25	|16,34	|14,42	|11,18	|16,39	|16,76	|28,44	|0	|10,68	|0	|20,6	|14,03	|17,67	|18,29	|18,77	|16,63	|20,75	|0	|0	|21,53	|19,13	|16,39	|19	|17,37	|16,29	|16,94	|
________________________________________________________
28	|3,05	|3,82	|1,91	|3,48	|3,53	|2,9	|1,63	|2,89	|1,75	|16,82	|2,95	|2,7	|3,08	|3,18	|0	|3,56	|21,47	|16,33	|11,89	|22,4	|20,16	|13,92	|16,36	|16,44	|18,44	|12,18	|11,8	|100	|19,01	|13,25	|19,19	|19,17	|18,64	|16,98	|19,24	|16,82	|16,68	|16,56	|17,7	|14,49	|17,25	|16,14	|16,43	|17,35	|16,75	|12,11	|11,05	|20,56	|10,45	|11,59	|16,37	|16,69	|25,36	|19,47	|0	|15,24	|0	|14,07	|19,33	|19,05	|16,17	|15,24	|16,85	|13,92	|16,25	|16,39	|18,93	|16,03	|16,79	|17,73	|16,66	|17,69	|
________________________________________________________
29	|3,14	|2,79	|1,85	|2,5	|3,64	|2,41	|2,85	|3,02	|2,29	|3,54	|2,43	|0	|17,14	|2,7	|2,08	|3,98	|21,74	|16,54	|12,5	|15,57	|20,06	|10,71	|16,63	|16,59	|18,16	|11,99	|14,77	|21,19	|100	|10,79	|19,15	|19,1	|18,66	|16,42	|19,49	|16,94	|16,22	|15,7	|18,45	|14,31	|17,37	|15,87	|17,14	|17,5	|16,56	|11,29	|12,56	|13,23	|17,55	|11,58	|16,52	|16,67	|25,94	|18,55	|14,71	|0	|11,83	|0	|19,97	|18,6	|15,84	|14,29	|18,61	|13,06	|15,72	|16,39	|19,15	|16,11	|17,23	|16,71	|16,11	|17,37	|
________________________________________________________
30	|3,2	|3,52	|1,85	|2,89	|3,92	|2,61	|2,75	|3,66	|1,78	|3,19	|2,71	|3,6	|2,31	|2,47	|0	|0	|21,6	|16,72	|12,36	|20,02	|17,5	|15,06	|14,93	|18,2	|18,51	|11,82	|14,57	|19,82	|14,49	|100	|17,37	|19,91	|18,45	|16,69	|19,21	|16,88	|14,22	|19,09	|19,81	|16,51	|21,25	|16,51	|16,47	|20,06	|16,67	|11,51	|11,15	|17,01	|13,31	|12,77	|15,84	|18,49	|25,89	|18,9	|13,25	|21,83	|0	|10,46	|0	|19,38	|16,84	|14,95	|16,9	|14,31	|15,59	|19,32	|21,04	|18,01	|20,33	|0	|0	|20,43	|
________________________________________________________
31	|3,22	|3,32	|1,75	|2,82	|3,05	|2,99	|2,19	|3,95	|2,25	|3,2	|2,55	|3,65	|2,51	|15,97	|3,54	|2,44	|21,61	|16,61	|11,8	|19,71	|17,17	|11,76	|18,53	|18,57	|18,75	|12,12	|13,12	|18,99	|17	|11,49	|100	|21,37	|18,53	|16,72	|18,64	|16,86	|17,17	|16,64	|17,87	|14,67	|17,39	|15,97	|16,73	|16,38	|16,64	|11,73	|11,3	|16,59	|13,26	|11,33	|21,73	|14,93	|26,27	|18,75	|13,38	|20,98	|19,64	|0	|12,65	|0	|17,1	|14,84	|17,02	|14,58	|15,73	|16,24	|18,91	|16,18	|17,26	|17,24	|16,58	|16,66	|
________________________________________________________
32	|3,51	|3,38	|1,65	|2,81	|3,16	|1,99	|2,4	|2,34	|2,03	|3,12	|2,65	|3,66	|3,09	|3,39	|3,64	|0	|21,58	|16,58	|12,51	|19,42	|17,21	|12,29	|11,94	|18,91	|19,15	|11,96	|13,29	|18,84	|16,84	|13,08	|21,23	|100	|18,73	|16,23	|19,29	|17,5	|16,78	|16,68	|17,62	|15,06	|17,31	|16,62	|16,21	|15,87	|16,24	|11,4	|11,64	|16,66	|13,11	|12,2	|13,67	|21,63	|25,91	|18,75	|14,12	|20,96	|19,95	|14,14	|0	|8,43	|16,8	|14,8	|16,86	|14,39	|15,93	|16,77	|18,48	|15,86	|16,89	|16,99	|15,98	|16,44	|
________________________________________________________
33	|4,27	|4,07	|0	|3,41	|2,73	|1,73	|1,9	|3,37	|2,08	|3,17	|2,57	|3,62	|2,54	|2,61	|2,94	|2,99	|21,9	|16,93	|14,97	|19,47	|16,57	|11,6	|16,26	|16,28	|16,45	|10,36	|14,03	|16,66	|14,96	|11,02	|16,74	|17,03	|100	|18,37	|22,16	|19,51	|18,65	|19,15	|20,46	|10,17	|17,13	|15,92	|16,18	|17,04	|16,26	|11,31	|13,56	|17,06	|13,17	|12,63	|16,5	|16,61	|23,43	|16,6	|13,69	|18,64	|17,04	|11,85	|16,52	|16,82	|15,03	|0	|19,11	|15,79	|18,67	|18,71	|22,61	|14,16	|16,96	|17,42	|16,44	|16,43	|
________________________________________________________
34	|3,23	|21,18	|1,56	|3,25	|2,73	|3,11	|2,92	|2,73	|2,06	|3,18	|2,64	|3,62	|2,44	|2,77	|2,81	|2,83	|21,94	|16,34	|12,79	|21,18	|16,68	|11,77	|16,09	|16,21	|16,56	|10,51	|13,45	|16,77	|14,55	|11,01	|16,68	|16,31	|20,29	|100	|21,58	|19,43	|19,05	|18,31	|20,35	|16,94	|17,55	|16,51	|16,18	|16,5	|16,91	|11,49	|0	|16,39	|13,08	|11,1	|16,19	|16,34	|22,97	|16,53	|13,18	|19,22	|16,82	|12,02	|16,57	|17,01	|0	|13,13	|19,39	|15,59	|18,64	|18,82	|16,4	|21,74	|17,48	|17,22	|16,43	|16,68	|
________________________________________________________
35	|17,11	|3,73	|2,17	|2,61	|3,37	|2,39	|2,3	|3,51	|2,12	|2,93	|0	|3,75	|2,64	|1,89	|2,44	|3,18	|21,56	|17,11	|12,62	|19,87	|17,02	|10,81	|16,61	|16,66	|16,53	|10,57	|14,55	|16,63	|15,11	|11,1	|16,28	|16,97	|21,43	|18,88	|100	|18,55	|19,01	|18,91	|18	|14,69	|19,3	|11,45	|16,06	|16,93	|16,76	|11,59	|0	|16,66	|13,67	|11,55	|16,42	|16,62	|22,76	|16,71	|14,72	|17,98	|17,35	|13,26	|16,64	|16,29	|18,94	|17,01	|15,38	|0	|18,16	|18,43	|18,81	|16,09	|21,29	|14,69	|16,56	|16,59	|
________________________________________________________
36	|3,53	|4,45	|2,03	|0	|3,17	|2,72	|2,17	|2,2	|1,75	|16,31	|2	|3,98	|2,54	|3,21	|3,88	|2,88	|21,76	|16,57	|15,06	|19,51	|17,1	|13,2	|15,76	|16,4	|16,77	|10,41	|12,07	|16,31	|14,74	|10,94	|16,53	|17,27	|21,17	|19,08	|20,82	|100	|18,82	|19,08	|17,96	|14,82	|19,51	|18,95	|16,07	|16,83	|16,71	|11,3	|13,56	|16,56	|12,86	|11,27	|16,36	|17,18	|22,64	|16,31	|0	|19,35	|17,48	|12,1	|16,3	|16,34	|18,63	|16,99	|0	|12,66	|18,7	|19,61	|18,7	|16,21	|14,6	|22,17	|16,16	|16,89	|
________________________________________________________
37	|3,88	|3,81	|1,9	|3,16	|2,89	|2,55	|2,3	|2,8	|11,32	|2,7	|2,69	|3,06	|2,95	|2,58	|2,91	|4,04	|21,24	|17,21	|13,33	|19,75	|17,01	|12,48	|16,55	|16,27	|15,91	|11,32	|11,89	|16,71	|14,58	|9,53	|17,39	|17,11	|20,91	|19,33	|22,04	|19,45	|100	|17,97	|18,04	|14,79	|17,31	|16,69	|19,14	|11,89	|16,24	|11,69	|12,13	|16,82	|13,1	|11,14	|16,23	|16,98	|22,96	|16,99	|0	|18,54	|16,81	|12,05	|17,18	|17,25	|18,77	|16,88	|18,91	|16,09	|15,03	|0	|18,14	|16,25	|16,74	|16,68	|21,99	|13,77	|
________________________________________________________
38	|3,81	|3,95	|1,92	|3,24	|2,62	|2,79	|2,12	|2,77	|1,92	|3,53	|3,02	|0	|2,95	|3,03	|2,76	|2,51	|21,86	|16,66	|13,39	|20,28	|16,9	|12,12	|16,53	|16,89	|16,1	|10,57	|15,21	|16,59	|14,12	|12,78	|16,86	|17,01	|21,47	|18,58	|21,92	|19,72	|17,97	|100	|17,53	|14,78	|17,04	|16,7	|18,95	|19,59	|16,23	|11,18	|12,52	|16,86	|13,1	|11,53	|16,66	|16,81	|22,56	|16,71	|14,76	|17,92	|16,84	|11,62	|16,66	|16,43	|18,84	|16,64	|18,99	|16,05	|0	|14,94	|18,44	|16,38	|16,49	|16,97	|13,91	|21,57	|
________________________________________________________
39	|3,65	|4	|1,37	|2,66	|3,62	|2,92	|0	|3,7	|1,73	|2,82	|2,27	|3,3	|2,92	|3,14	|3,14	|3,48	|22,1	|16,85	|13,5	|20,36	|17,3	|14,64	|15,64	|15,64	|16,36	|10,75	|11,98	|16,26	|15,21	|12,17	|16,59	|16,48	|21,04	|18,94	|19,14	|17,02	|16,54	|16,08	|100	|16,33	|19,97	|18,85	|18,63	|19,01	|16,65	|11,45	|10,88	|16,73	|12,77	|13,6	|16,83	|16,41	|22,64	|16,24	|11,73	|18,49	|17,1	|13,09	|16,85	|17,03	|21,99	|12,27	|16,83	|13,9	|16,5	|16,44	|17,6	|0	|19,61	|19,07	|18,45	|18,78	|
________________________________________________________
40	|2,61	|3,99	|2,35	|2,69	|3,2	|17,99	|1,83	|3,51	|1,77	|2,77	|2,28	|3,4	|2,84	|3,09	|3,18	|3,37	|21,71	|16,24	|10,71	|19,97	|17,13	|12,03	|17,99	|15,97	|16,74	|10,66	|12,22	|16,12	|14,29	|12,28	|16,51	|17,06	|12,66	|19,09	|18,91	|17	|16,43	|16,41	|19,77	|100	|19,38	|18,67	|19,21	|19,15	|16,99	|11,23	|11,3	|16,65	|13,19	|0	|16,94	|16,88	|22,73	|16,85	|11,76	|19,13	|17,58	|13,36	|16,73	|16,71	|12,92	|21,12	|16,96	|13,91	|16,43	|16,41	|0	|13,27	|19,89	|19,19	|18,69	|19,15	|
________________________________________________________
41	|3,73	|3,5	|1,77	|3,67	|17,43	|2,45	|2,67	|2,58	|2,12	|3,08	|1,99	|3,46	|3,21	|3,23	|0	|3,51	|21,63	|16,64	|12,37	|19,95	|17,43	|12,03	|16,1	|16,19	|16	|10,73	|13,46	|16,48	|14,89	|13,57	|16,79	|16,82	|18,32	|16,97	|21,34	|19,22	|16,51	|16,25	|20,77	|16,63	|100	|19,27	|18,97	|19,44	|16,77	|11,72	|10,79	|16,64	|13,14	|0	|16,23	|16,79	|22,47	|16,81	|12	|18,57	|17,55	|14,58	|16,3	|16,4	|16,73	|15,01	|21,66	|11,68	|16,44	|15,76	|21	|18,06	|14,73	|0	|19,03	|18,71	|
________________________________________________________
42	|2,23	|3,66	|2,03	|2,34	|3,61	|3,27	|2,58	|0	|1,58	|3,32	|3,13	|3,24	|2,73	|16,37	|2,42	|3,77	|21,6	|16,3	|12,55	|19,82	|17,1	|15,02	|16,09	|15,73	|16,19	|10,72	|10,36	|16,38	|14,44	|11,2	|16,37	|17,15	|18,07	|16,96	|13,44	|19,82	|16,89	|16,91	|20,81	|17,02	|20,46	|100	|19,38	|19,24	|16,31	|11,58	|12,37	|16,94	|13,11	|13,65	|16,36	|16,76	|22,58	|16,84	|11,69	|19,07	|16,43	|0	|16,88	|16,43	|16,99	|14,81	|14,13	|19,53	|16,44	|16,75	|21,12	|18,49	|0	|14,22	|19,36	|18,99	|
________________________________________________________
43	|3,32	|3,18	|1,79	|2,98	|3,45	|3,13	|2,57	|3,35	|2,16	|2,76	|2,17	|4,36	|15,44	|2,73	|3,53	|2,69	|21,26	|16,71	|12,63	|19,39	|17,1	|13,05	|16,52	|15,93	|16,35	|10,97	|11,91	|16,49	|15,44	|11,04	|16,97	|16,55	|18,17	|16,44	|18,64	|16,63	|19,16	|18,98	|20,34	|17,32	|19,92	|19,17	|100	|19,49	|16,71	|11,79	|11,19	|16,75	|13,56	|13,04	|16,5	|16,44	|22,25	|16,39	|12,01	|18,46	|17,19	|0	|16,74	|16,76	|16,59	|15,01	|17,13	|14	|21,49	|13,65	|20,64	|18,19	|19,05	|19,44	|14,24	|0	|
________________________________________________________
44	|3,31	|3,38	|1,6	|2,73	|3,46	|2,97	|2,6	|3,31	|1,28	|2,81	|2,66	|2,69	|2,98	|3,13	|3,42	|0	|22,13	|16,77	|12,53	|19,76	|16,97	|13,53	|16,74	|16,04	|15,88	|10,53	|12,53	|16,9	|15,28	|13,06	|16,11	|15,72	|18,56	|16,27	|19,07	|16,89	|11,55	|19,04	|20,14	|16,75	|19,81	|18,46	|18,91	|100	|16,28	|11,31	|11,06	|16,56	|13,48	|12,79	|16,6	|16,7	|22,39	|16,64	|13,09	|18,32	|16,71	|14,41	|16,61	|16,33	|16,93	|15,02	|16,92	|14,39	|13,61	|21,54	|20,87	|18	|18,91	|19,34	|0	|13,89	|
________________________________________________________
45	|0	|4,55	|2,04	|3,35	|3,74	|3,05	|2,4	|3,31	|1,22	|2,66	|2,6	|3,67	|2,7	|2,57	|2,74	|2,82	|19,36	|0	|14,79	|23,14	|19,68	|13,29	|19,03	|18,77	|20	|6,85	|12,39	|16,67	|14,79	|11,09	|16,73	|16,44	|18,1	|17,04	|19,3	|17,15	|16,13	|16,12	|18,03	|15,19	|17,47	|16	|16,57	|16,64	|100	|13,52	|12,92	|19,11	|15,1	|12,65	|19,15	|18,68	|26,49	|20,24	|13,68	|18,82	|16,97	|12,22	|16,37	|16,23	|16,69	|15,12	|16,93	|13,7	|16,51	|16,13	|18,33	|15,56	|17,03	|16,93	|16,69	|16,63	|
________________________________________________________
46	|2,68	|3,94	|14,84	|2,76	|3,86	|2,94	|2,57	|3,38	|2,87	|2,73	|3,01	|2,88	|2,46	|2,93	|2,9	|2,98	|0	|13,27	|0	|22,82	|19,64	|13,82	|18,59	|18,92	|12,78	|15,59	|11,95	|17,46	|14,61	|11,09	|17,1	|16,73	|18,26	|16,77	|19,35	|16,8	|16,82	|16,09	|17,98	|14,55	|17,7	|16,47	|16,95	|16,76	|19,59	|100	|11,47	|19,01	|14,71	|13,3	|18,64	|19,17	|17,92	|19,91	|10,67	|18,53	|16,88	|12,01	|16,55	|16,62	|16,62	|14,84	|16,27	|14,23	|16,78	|16,61	|18,54	|16,06	|16,81	|16,56	|16,51	|16,99	|
________________________________________________________
47	|0	|0	|1,49	|2,63	|3,78	|3,14	|2,75	|3,21	|2,19	|3,26	|2,73	|3,8	|2,83	|2,7	|4,71	|3,15	|26,88	|0	|10,61	|0	|21,01	|13,86	|18,62	|17,96	|16,56	|11,05	|13,23	|16,41	|16,73	|11,07	|16,97	|17,59	|22,53	|0	|0	|20,77	|17,98	|18,56	|17,59	|15,08	|16,77	|18,11	|16,56	|16,88	|19,28	|11,81	|100	|16,68	|16,19	|13,29	|17,88	|18,3	|23,15	|16,46	|14,39	|17,78	|19,15	|12,08	|16,07	|16,45	|20,59	|14,9	|16,87	|17,9	|18,33	|18,04	|18,42	|15,79	|15,5	|19,22	|16,82	|16,73	|
________________________________________________________
48	|3,93	|3	|1,73	|16,81	|0	|3,22	|2,64	|3,44	|1,89	|3,39	|2,3	|3,84	|2,1	|2,65	|3,36	|3,44	|24,91	|19,22	|0	|17,43	|0	|14,15	|18,54	|18,14	|16,62	|10,82	|11,74	|20,31	|11,73	|11,23	|16,57	|16,75	|18,86	|16,39	|19,05	|16,86	|16,58	|16,62	|17,99	|14,78	|17,21	|16,5	|16,49	|16,8	|18,97	|13,02	|11,1	|100	|16,17	|13,96	|19,09	|18,85	|22,88	|16,49	|11,73	|21,65	|20,27	|13,13	|16,76	|16,76	|16,83	|14,98	|16,81	|14,57	|16,35	|16,89	|18,42	|16,13	|16,48	|16,92	|16,86	|17,03	|
________________________________________________________
49	|4,24	|0	|2,33	|3,29	|2,3	|3,31	|16,49	|2,96	|2,04	|2,1	|2,19	|2,34	|3,55	|2,71	|3,5	|2,64	|24,9	|18,94	|14,9	|0	|13,84	|0	|18,91	|18,74	|16,3	|10,31	|13,11	|13,06	|19,68	|11,12	|16,74	|16,68	|18,41	|16,55	|19,77	|16,57	|16,34	|16,34	|17,36	|14,82	|17,19	|16,15	|16,89	|17,3	|18,96	|12,75	|13,63	|20,46	|100	|11,53	|18,91	|19,5	|23,17	|17,06	|12,6	|13,76	|20,58	|11,23	|17,03	|16,54	|16,14	|14,71	|16,99	|13,94	|15,48	|16,41	|18,42	|16,49	|17,37	|16,59	|16,87	|16,25	|
________________________________________________________
50	|3,76	|4,25	|1,79	|3,48	|0	|0	|2,01	|2,86	|1,78	|2,91	|2,29	|3,15	|2,73	|2,86	|3,24	|3,55	|24,66	|19,37	|14,16	|23,73	|0	|10,17	|0	|20,35	|16,18	|11,04	|11,73	|16,72	|15	|12,31	|16,53	|17,92	|20,4	|16,23	|19,28	|16,77	|16,04	|16,6	|21,35	|0	|0	|19,42	|18,76	|18,95	|18,35	|13,31	|12,92	|20,39	|13,32	|100	|17,09	|20,19	|22,66	|16,59	|11,86	|18,36	|16,23	|13,81	|15,86	|17,86	|18,88	|12,66	|17	|13,98	|16,66	|16,8	|21	|16,38	|16,95	|21,12	|18,83	|18,75	|
________________________________________________________
51	|3,84	|4,08	|1,73	|3,21	|3,71	|2,19	|1,98	|17,7	|1,85	|2,8	|2,12	|3,14	|2,33	|3,59	|2,89	|3,48	|24,63	|19,31	|13,88	|22,56	|19,66	|0	|13,18	|0	|16,39	|10,67	|11,93	|16,39	|14,84	|10,6	|21,98	|13,92	|18,48	|16,41	|19,02	|16,89	|16,21	|16,65	|18,34	|15,24	|17	|16,14	|16,47	|17,07	|19,26	|12,94	|12,06	|19,35	|15,15	|11,86	|100	|19,89	|22,47	|16,41	|12,63	|18,32	|17,1	|12,03	|19,12	|18,42	|16,51	|15	|16,82	|13,98	|16,22	|16,42	|18,22	|15,79	|17,7	|16,97	|16,49	|16,65	|
________________________________________________________
52	|3,53	|4,1	|1,91	|3,12	|3,71	|0	|2,67	|3,55	|1,91	|2,72	|2,17	|3,38	|2,63	|2,39	|2,9	|2,14	|24,9	|19,09	|13,73	|22,45	|19,46	|14,62	|0	|8,5	|16,92	|10,69	|12	|16,43	|14,72	|12,16	|14,85	|21,67	|18,3	|16,29	|18,93	|17,44	|16,68	|16,52	|17,59	|14,93	|17,3	|16,26	|16,13	|16,88	|18,49	|13,09	|12,13	|18,79	|15,36	|13,77	|19,56	|100	|22,59	|16,66	|12,24	|18,71	|17,29	|11,93	|12,67	|18,52	|16,7	|15,37	|17,02	|14,1	|16,78	|16,57	|17,15	|15,6	|16,78	|16,7	|16,04	|16,5	|
________________________________________________________
53	|2,82	|3,74	|1,38	|2,77	|3,1	|2,74	|2,19	|2,87	|0	|3,37	|2,6	|3,83	|2,78	|3,09	|3,26	|3,59	|24,02	|13,92	|13,34	|19,39	|17,41	|12,42	|16,55	|16,79	|13,77	|0	|15,03	|18,43	|16,91	|12,57	|19,29	|19,16	|19,05	|16,9	|19,13	|16,96	|16,65	|16,36	|17,9	|14,84	|17,09	|16,17	|16,11	|16,71	|19,34	|9,03	|11,33	|16,83	|13,47	|11,41	|16,31	|16,67	|100	|19,4	|14,07	|21,09	|19,93	|13,55	|19,14	|18,81	|16,58	|15,09	|16,71	|14,2	|16,25	|16,44	|18,7	|16,25	|16,8	|17,27	|16,6	|16,85	|
________________________________________________________
54	|3,97	|3,68	|2,23	|2,73	|3,16	|2,59	|2,39	|2,94	|1,17	|3,28	|13,81	|3,42	|2,75	|2,92	|3,53	|3,54	|19,25	|19,95	|12,6	|19,86	|16,89	|12,17	|16,18	|16,56	|0	|6,6	|0	|19,25	|16,46	|12,49	|18,73	|18,86	|18,36	|16,55	|19,12	|16,63	|16,76	|16,49	|17,47	|14,97	|17,39	|16,42	|16,15	|16,89	|20,11	|13,65	|10,95	|16,51	|13,5	|11,36	|16,2	|16,73	|26,39	|100	|12,17	|21,31	|19,29	|13,65	|19,25	|19,52	|16,47	|15,23	|16,92	|13,81	|16,36	|16,36	|18,59	|16,52	|17,26	|16,85	|16,49	|17,03	|
________________________________________________________
55	|3,98	|4,1	|1,8	|3,54	|3,14	|2,8	|2,5	|3,3	|0	|0	|1,97	|3,41	|3,06	|2,96	|3,66	|3,33	|23,53	|16,73	|13,77	|20,37	|17,25	|11,62	|16,87	|15,84	|19,79	|0	|10,61	|0	|18,04	|12,11	|18,48	|19,64	|20,94	|18,24	|23,28	|0	|0	|20,13	|17,45	|14,44	|17,17	|15,76	|16,36	|18,38	|18,79	|10,12	|13,24	|16,24	|13,78	|11,23	|17,25	|16,99	|26,47	|16,83	|100	|18,37	|21,18	|15,06	|19,03	|18,74	|18,32	|16,59	|21,29	|14,09	|16,18	|19,46	|18,12	|16,28	|17,08	|16,28	|14,82	|17,82	|
________________________________________________________
56	|3,21	|4,41	|1,53	|3,13	|2,63	|3,09	|1,61	|2,78	|2,29	|2,39	|2,59	|17,71	|0	|3,4	|3,54	|3,65	|22,05	|16,81	|12,31	|23,38	|14,85	|12,88	|16,67	|16,19	|19,32	|12,55	|0	|13,55	|0	|12,97	|18,86	|18,97	|18,54	|17,31	|18,5	|17,75	|16,46	|15,9	|17,9	|15,29	|17,28	|16,71	|16,36	|16,73	|16,82	|11,42	|10,64	|19,49	|9,79	|11,31	|16,27	|16,9	|25,81	|19,17	|11,95	|100	|20,48	|13,42	|19,2	|18,83	|16,95	|15,41	|15,91	|14,99	|17,71	|16,04	|18,83	|16,1	|16,96	|17,38	|17,35	|16,25	|
________________________________________________________
57	|3,36	|3,25	|1,78	|3,45	|3,6	|2,76	|2,54	|2,75	|2,23	|0	|2,78	|3,9	|1,86	|3,29	|17,11	|3,13	|21,56	|16,77	|12,14	|17,35	|20,88	|12,03	|16,23	|16,14	|18,7	|12,13	|14,46	|0	|10,25	|0	|19,17	|19,61	|18,41	|16,45	|19,39	|17,4	|16,2	|16,24	|17,97	|15,25	|17,74	|15,64	|16,54	|16,57	|16,47	|11,3	|12,45	|19,81	|15,9	|10,86	|16,5	|16,97	|26,5	|18,85	|14,97	|22,24	|100	|12,62	|18,74	|19,1	|16,97	|14,7	|17,5	|14,32	|16,18	|15,88	|18,42	|16,47	|17,29	|17,11	|16,56	|15,84	|
________________________________________________________
58	|3,8	|3,73	|1,85	|4,02	|3,61	|3,17	|2,44	|3,46	|2,21	|3,23	|2,41	|3,66	|0	|0	|2,95	|3,07	|21,76	|17,14	|12,33	|20,83	|17,49	|13,24	|17,57	|16,18	|18,8	|11,93	|14,02	|19,34	|0	|9,61	|0	|19,77	|18,22	|16,72	|21,08	|17,14	|16,53	|15,93	|19,59	|16,5	|20,97	|0	|0	|20,34	|16,87	|11,44	|11,18	|18,26	|12,35	|13,15	|16,51	|16,66	|25,62	|18,98	|15,14	|20,74	|17,96	|100	|17,56	|19,84	|16,87	|15,44	|17,91	|12,24	|16,18	|15,84	|20,59	|18,17	|20,49	|16,59	|16,67	|20,07	|
________________________________________________________
59	|3,23	|3,45	|1,72	|2,63	|2,89	|3,6	|2,01	|3,14	|2,26	|3,31	|2,81	|3,82	|3,4	|2,12	|2,89	|18,16	|22,08	|17,2	|12,18	|19,79	|17,29	|11,53	|20,78	|14,21	|18,55	|12,53	|12,77	|19,21	|17,81	|0	|12,7	|0	|18,37	|16,67	|19,14	|16,71	|17,04	|16,53	|18,23	|14,94	|16,95	|16,54	|16,58	|16,96	|16,35	|11,4	|10,75	|16,86	|13,54	|10,92	|18,98	|12,79	|26,18	|19,35	|13,83	|21,46	|19,29	|12,7	|100	|21,56	|16,44	|15,23	|17,15	|14,59	|16,26	|16,35	|18,88	|16,74	|16,78	|17,07	|18,16	|16,66	|
________________________________________________________
60	|3,15	|3,86	|1,78	|2,81	|3,09	|2,51	|2,29	|3,21	|2,21	|3,07	|2,59	|3,86	|3	|0	|3,69	|3,78	|22,1	|16,68	|12,31	|20,17	|17,3	|12,3	|14,72	|21,11	|18,1	|12,38	|13,22	|18,93	|16,59	|12,87	|0	|8,53	|18,71	|17,12	|18,73	|16,75	|17,1	|16,29	|18,42	|14,93	|17,06	|16,09	|16,6	|16,67	|16,21	|11,46	|11,01	|16,86	|13,15	|12,3	|18,28	|18,7	|25,73	|19,62	|13,63	|21,04	|19,65	|14,34	|21,56	|100	|16,74	|15,29	|17,19	|13,85	|16,26	|16,26	|17,85	|15,69	|16,62	|17,04	|15,87	|16,04	|
________________________________________________________
61	|4	|0	|1,82	|3,54	|2,93	|2,13	|2,59	|3,43	|2,18	|2,86	|2,59	|3,75	|2,31	|2,8	|2,86	|3,07	|22,06	|16,73	|15,02	|19,34	|17,02	|12,19	|16,57	|16,31	|16,73	|10,99	|13,47	|15,96	|14,03	|11,11	|17,06	|16,88	|16,6	|0	|21,63	|18,97	|18,5	|18,57	|23,63	|11,46	|17,29	|16,53	|16,32	|17,16	|16,55	|11,38	|13,69	|16,82	|12,75	|12,92	|16,28	|16,75	|22,53	|16,45	|13,23	|18,82	|17,35	|12,12	|16,33	|16,63	|100	|16,48	|19,48	|16,74	|18,44	|18,87	|21,7	|18,97	|17,13	|16,11	|16,47	|16,2	|
________________________________________________________
62	|4,02	|2,98	|11,36	|2,91	|2,96	|3,89	|2,5	|2,77	|2,21	|3,15	|2,51	|3,87	|2,45	|2,58	|2,65	|3,11	|21,57	|17,17	|0	|19,33	|17,62	|12,21	|17,06	|17,24	|16,72	|10,43	|13,36	|16,82	|14,16	|11,03	|16,56	|16,62	|0	|14,68	|21,73	|19,34	|18,59	|18,33	|14,74	|20,95	|17,34	|16,12	|16,52	|17,04	|16,78	|11,36	|11,08	|16,74	|12,99	|9,68	|16,54	|17,24	|22,92	|17,01	|13,4	|19,13	|16,8	|12,4	|16,92	|16,99	|18,43	|100	|19,36	|15,43	|19,19	|18,8	|13,02	|18,57	|17,77	|16,82	|16,97	|16,64	|
________________________________________________________
63	|3,07	|4,18	|1,49	|16,61	|4,11	|2,84	|2,23	|3,36	|2,4	|0	|2,7	|3,93	|2,82	|2,03	|3,49	|3,37	|21,73	|17,06	|0	|19,81	|17,55	|12,09	|17,13	|16,24	|16,7	|10,43	|14,73	|16,45	|16,3	|11,03	|16,8	|16,74	|20,88	|19,16	|17,37	|0	|18,43	|18,5	|17,88	|14,88	|22,13	|13,6	|16,67	|16,96	|16,61	|11,01	|11,09	|16,61	|13,27	|11,5	|16,4	|16,88	|22,45	|16,71	|15,21	|17,46	|17,69	|12,72	|16,84	|16,88	|19,27	|17,12	|100	|15,9	|18,8	|18,08	|18,54	|16,07	|19,89	|19,61	|16,5	|16,78	|
________________________________________________________
64	|0	|4,27	|2,05	|3,52	|2,36	|3,08	|2,04	|1,92	|2,06	|2,48	|16,34	|3,64	|2,22	|3,69	|3,55	|2,81	|21,51	|16,9	|15,16	|20,07	|17,17	|13,12	|16,71	|15,71	|16,31	|10,5	|0	|16,28	|13,71	|11,19	|17,23	|17,12	|20,65	|18,45	|0	|15,27	|18,77	|18,73	|17,68	|14,61	|14,29	|22,51	|16,31	|17,29	|16,1	|11,54	|14,09	|17,25	|13,04	|11,33	|16,33	|16,74	|22,85	|16,34	|12,05	|19,71	|17,34	|10,42	|17,17	|16,3	|19,83	|16,34	|19,05	|100	|19,44	|19,15	|18,23	|16,52	|11	|19,85	|15,92	|16,81	|
________________________________________________________
65	|3,82	|3,89	|1,92	|3,23	|3	|2,7	|2,14	|3	|1,78	|3,19	|2,47	|20,01	|3,45	|2,37	|2,9	|3,42	|21,56	|17,04	|13,8	|20,06	|16,9	|12,26	|16,47	|16,41	|16,87	|11,19	|0	|16,33	|14,17	|10,47	|15,98	|16,29	|20,99	|18,97	|21,12	|19,38	|15,07	|0	|18,05	|14,84	|17,29	|16,28	|21,53	|14,05	|16,67	|11,69	|12,4	|16,63	|12,45	|11,6	|16,28	|17,13	|22,48	|16,63	|11,89	|20,01	|16,84	|11,83	|16,44	|16,44	|18,77	|17,47	|19,36	|16,71	|100	|18,74	|18,24	|16,02	|17,04	|17,29	|19,23	|18,94	|
________________________________________________________
66	|3,83	|4	|1,86	|3,02	|2,73	|2,64	|2,12	|2,87	|0	|3,62	|2,88	|3,67	|2	|2,98	|2,82	|2	|22,36	|16,55	|14,03	|20	|17	|11,92	|16,53	|16,77	|15,79	|10,25	|15,65	|16,38	|14,7	|12,91	|16,41	|17,05	|20,92	|19,05	|21,32	|20,21	|0	|14,91	|17,89	|14,74	|16,49	|16,51	|13,6	|22,12	|16,21	|11,51	|12,14	|17,1	|13,13	|11,64	|16,4	|16,83	|22,62	|16,54	|14,23	|18,03	|16,44	|11,52	|16,45	|16,35	|19,11	|17,02	|18,51	|16,38	|18,64	|100	|18,29	|15,78	|16,8	|17,17	|11,34	|19,42	|
________________________________________________________
67	|3,8	|3,07	|1,12	|2,8	|3,76	|0	|2,54	|3,47	|1,8	|2,71	|2,23	|3,34	|3,01	|3	|3,37	|3,49	|22,17	|16,44	|13,37	|19,69	|17,25	|14,77	|16,12	|15,67	|16,06	|10,79	|12,4	|16,88	|15,32	|12,54	|17,04	|16,77	|22,56	|14,81	|19,4	|17,19	|16,14	|16,41	|17,08	|0	|19,6	|18,56	|18,34	|19,11	|16,42	|11,46	|11,06	|16,62	|13,14	|12,98	|16,23	|15,53	|22,94	|16,76	|11,82	|18,88	|17	|13,36	|16,94	|16,01	|19,6	|10,52	|16,93	|13,9	|16,19	|16,31	|100	|18,28	|18,99	|19,4	|18,51	|18,91	|
________________________________________________________
68	|3,44	|4,57	|1,8	|2,75	|3,53	|2,04	|13,53	|3,02	|1,91	|2,71	|2,36	|3,23	|2,77	|3,1	|3,44	|3,48	|21,31	|16,88	|12,63	|19,02	|16,86	|0	|16,17	|16,45	|16,47	|10,39	|12,22	|16,44	|14,82	|12,34	|16,77	|16,55	|16,24	|22,57	|19,09	|17,14	|16,63	|16,76	|0	|12,22	|19,38	|18,69	|18,59	|18,96	|16,03	|11,42	|10,9	|16,74	|13,53	|11,63	|16,17	|16,24	|22,94	|17,13	|12,21	|18,56	|17,49	|13,56	|17,27	|16,18	|19,7	|17,25	|16,88	|14,49	|16,34	|16,18	|21,02	|100	|19,33	|19,06	|18,81	|18,94	|
________________________________________________________
69	|4,1	|3,45	|1,63	|3,12	|2,7	|3,27	|2,21	|17,21	|2	|2,36	|1,45	|3,29	|3,01	|0	|3,22	|3,72	|22,58	|17,22	|12,09	|19,83	|17,11	|0	|16,45	|16,44	|16,18	|10,64	|13,45	|16,35	|15,04	|13,22	|16,98	|16,73	|18,47	|17,23	|23,98	|14,65	|16,26	|16,02	|20,78	|17,39	|15	|0	|18,48	|18,9	|16,66	|11,34	|10,16	|16,23	|13,53	|11,43	|17,21	|16,59	|22,51	|17	|12,16	|18,56	|17,43	|14,51	|16,44	|16,28	|16,89	|15,67	|19,83	|9,15	|16,5	|16,36	|20,73	|18,35	|100	|19,56	|18,91	|19,06	|
________________________________________________________
70	|2,67	|3,64	|1,72	|3,15	|0	|3,36	|2,55	|3,32	|1,7	|3,69	|2,67	|3,24	|2,92	|2,13	|17,2	|3,17	|21,29	|16,4	|11,85	|20,12	|17,03	|14,41	|16,08	|16,45	|16,43	|10,41	|12,27	|17,22	|14,56	|0	|16,92	|16,79	|18,93	|16,93	|16,5	|22,21	|16,16	|16,45	|20,15	|16,75	|0	|13,61	|18,82	|19,3	|16,53	|11,16	|12,57	|16,64	|12,9	|14,21	|16,47	|16,48	|23,09	|16,56	|11,57	|18,98	|17,2	|11,73	|16,68	|16,65	|15,85	|14,8	|19,51	|16,49	|16,71	|16,69	|21,13	|18,06	|19,52	|100	|19,11	|19,18	|
________________________________________________________
71	|3,18	|3,68	|1,81	|2,9	|3,32	|2,96	|2,59	|3,28	|2,62	|2,77	|1,89	|4,1	|2,07	|3,22	|3,01	|18,25	|21,45	|17,01	|12,03	|19,85	|16,9	|13,03	|16,66	|15,94	|16,81	|10,94	|11,83	|16,64	|14,43	|0	|16,74	|16,24	|18,37	|16,62	|19,13	|16,64	|21,92	|13,86	|20,05	|16,78	|19,89	|19,06	|14,18	|0	|16,75	|11,43	|11,31	|17,05	|13,48	|13,03	|16,45	|16,27	|22,82	|16,66	|10,83	|19,49	|17,12	|12,11	|18,25	|15,94	|16,66	|15,35	|16,88	|13,6	|19,11	|11,33	|20,73	|18,32	|19,4	|19,65	|100	|19,33	|
________________________________________________________
72	|3,33	|3,68	|1,71	|3,02	|3,52	|3,23	|2,4	|3,33	|1,54	|3,05	|2,64	|3,73	|0	|3,14	|3,35	|3,6	|21,82	|16,73	|11,99	|20,18	|17,12	|13,72	|16,94	|15,98	|16,48	|10,63	|12,23	|17,56	|15,47	|13,55	|16,72	|16,61	|18,25	|16,76	|19,06	|17,29	|13,63	|21,36	|20,29	|17,08	|19,44	|18,58	|0	|14,16	|16,58	|11,69	|11,18	|17,11	|12,91	|12,9	|16,51	|16,63	|23,02	|17,1	|12,94	|18,14	|16,28	|14,49	|16,64	|16,02	|16,29	|14,96	|17,06	|14,27	|18,7	|19,28	|21,05	|18,33	|19,43	|19,6	|19,21	|100	|
________________________________________________________
