0	|1	|2	|3	|4	|5	|6	|7	|8	|9	|10	|11	|12	|13	|14	|15	|16	|17	|18	|19	|20	|21	|22	|23	|24	|25	|26	|27	|28	|29	|30	|31	|32	|33	|34	|35	|36	|37	|38	|39	|40	|41	|42	|43	|44	|45	|46	|47	|48	|49	|50	|51	|52	|53	|54	|55	|56	|57	|58	|59	|60	|61	|62	|63	|64	|65	|66	|67	|68	|69	|70	|71	|72	|
1	|100	|3,4	|1,72	|2,88	|4,05	|2,73	|2,79	|3,89	|2,79	|3,22	|0	|4,17	|2,7	|2,15	|2,54	|2,85	|25,31	|100	|12,63	|20,99	|20,96	|12,07	|18,82	|18,76	|21,27	|13,48	|13,58	|16,7	|15,94	|10,7	|18,11	|17,04	|23,11	|16,49	|100	|19,03	|17,78	|16,73	|18,97	|13,82	|18,54	|12,38	|17,28	|16,73	|0	|8,73	|0	|18,45	|17,1	|13,15	|18,51	|19,25	|19	|19,98	|15,02	|17,78	|17,13	|13,42	|16,33	|14,74	|20,5	|16,76	|14,01	|0	|20,1	|18,39	|20,69	|17,19	|22	|14,34	|17,07	|16,73	|
________________________________________________________
2	|3,08	|100	|1,44	|3,13	|3,6	|3,44	|0	|3,24	|1,86	|4,19	|3,44	|5,35	|1,77	|2,99	|2,16	|4,05	|26,16	|17,13	|12,61	|100	|20,15	|13,39	|17,49	|18,96	|17,93	|8,79	|13,58	|18,51	|11,53	|11,03	|17,18	|16,24	|19,96	|100	|18,35	|22,67	|18,13	|17,63	|21,73	|17,29	|16,71	|17,02	|16,13	|16,93	|22,34	|13,08	|0	|14,27	|0	|14,11	|18,02	|19,12	|24,22	|15,99	|13,11	|22,92	|14,05	|12,28	|17,32	|16,08	|0	|12,03	|19,57	|18,63	|19,1	|19,4	|16,32	|19,9	|16,57	|16,88	|17,63	|16,38	|
________________________________________________________
3	|3,2	|2,97	|100	|2,63	|3,31	|4,51	|3,2	|3,2	|3,48	|3,77	|2,74	|3,42	|1,94	|2,74	|4,34	|3,65	|0	|13,13	|0	|23,74	|19,35	|13,87	|19,46	|18,49	|13,01	|15,47	|13,07	|15,87	|14,38	|10,05	|16,67	|15,53	|0	|13,58	|23,97	|21,46	|19,29	|19,63	|14,67	|20,21	|18,26	|18,32	|16,1	|16,27	|20,15	|100	|10,5	|18,44	|16,04	|12,1	|18,84	|19,12	|18,26	|19,69	|12,84	|17,75	|17,98	|11,42	|16,61	|14,78	|17,41	|100	|16,38	|16,27	|19,41	|18,49	|11,93	|18,44	|13,98	|18,72	|17,69	|16,55	|
________________________________________________________
4	|3,35	|4,03	|1,64	|100	|0	|3,6	|2,46	|3,88	|2,32	|0	|2,64	|4,81	|2,46	|2	|3,96	|4,99	|27,87	|21,1	|0	|16,89	|0	|14,79	|18,28	|19,14	|16,54	|10,19	|15,25	|20,53	|12,4	|11,69	|16,29	|15,65	|23,02	|20,49	|15,93	|0	|19,21	|19,03	|18,67	|16,25	|23,24	|14,79	|17,82	|16,96	|20,28	|11,26	|10,05	|100	|15,61	|12,47	|19,71	|19,85	|22,95	|15,68	|14,9	|19,99	|18,78	|15,82	|17,85	|15,47	|20,63	|15,86	|100	|16,43	|19,24	|18,28	|18,53	|16,79	|19	|19,81	|16,79	|15,79	|
________________________________________________________
5	|4,46	|4,39	|1,96	|0	|100	|1,82	|1,89	|3,44	|2,77	|3,82	|2,09	|3,11	|3,75	|3,31	|0	|3,88	|23,84	|19,28	|15,74	|22,9	|100	|12,9	|15,64	|19,79	|17,6	|11,72	|18,27	|19,18	|16,51	|13,41	|16,38	|16,24	|18,2	|16,38	|21,48	|18,61	|16,14	|15,5	|21,65	|14,62	|100	|19,45	|19,12	|18,34	|17,87	|13,48	|13,78	|0	|9,08	|0	|20,74	|20,2	|20,43	|16,62	|12,73	|15,33	|21,18	|15,27	|17,06	|17,12	|15,3	|14,05	|21,04	|12,36	|15,4	|16,48	|21,99	|17,73	|14,86	|0	|18,14	|17,97	|
________________________________________________________
6	|3,21	|4,47	|2,85	|3,64	|1,95	|100	|2,49	|2,52	|2,2	|3,78	|2,7	|3,78	|2,2	|3,24	|3,78	|5,26	|25,12	|19,14	|12,22	|21,66	|15,82	|11,35	|100	|19,46	|17,62	|10,7	|12,22	|18,77	|12,72	|12,58	|18,2	|12,9	|12	|20,04	|18,38	|17,37	|16,14	|16,4	|19,46	|100	|16,25	|19,68	|18,52	|19,32	|18,95	|13,33	|12,54	|21,37	|17,41	|0	|13,51	|0	|22,27	|16,54	|13,26	|20	|17,33	|14,05	|21,19	|13,59	|13,3	|21,41	|17,12	|15,75	|16,65	|18,23	|0	|13,05	|19,86	|19,93	|19,03	|18,74	|
________________________________________________________
7	|4,23	|0	|2,61	|3,21	|2,61	|3,21	|100	|2,79	|1,58	|2,47	|2,33	|2,98	|3,44	|3,54	|4,23	|2,79	|25,17	|18,75	|14,89	|0	|13,77	|0	|20,38	|20,34	|17,54	|8,56	|12,47	|13,49	|18,99	|11,96	|16,57	|18,19	|13,82	|21,5	|19,13	|17,22	|17,08	|15,22	|0	|12,15	|18,19	|19,22	|19,03	|19,31	|18,52	|11,91	|14,33	|19,59	|100	|11,68	|16,1	|19,22	|22,89	|16,75	|12,89	|14,43	|19,92	|13,54	|14,52	|18,33	|20,66	|17,54	|16,66	|14,89	|17,59	|15,59	|21,59	|100	|17,82	|20,34	|20,06	|18,29	|
________________________________________________________
8	|4,4	|4,05	|1,94	|3,78	|3,53	|2,43	|2,08	|100	|2,15	|2,53	|1,52	|3,33	|3,29	|0	|3,64	|4,54	|25,36	|19,16	|14,07	|24,01	|21,86	|0	|12,68	|0	|16,81	|10,67	|12,2	|18,26	|15,56	|13,58	|22,18	|13,34	|21,79	|15,35	|22,8	|14,28	|15,63	|16,18	|22,45	|17,08	|13,44	|0	|19,4	|19,58	|19,4	|12,89	|12,44	|20,13	|14,28	|12,09	|100	|20,2	|22,49	|16,7	|11,05	|18,43	|16,6	|14,55	|19,3	|20,13	|19,37	|13,44	|19,47	|9,94	|16,77	|15,9	|22,83	|16,84	|100	|19,33	|18,05	|18,43	|
________________________________________________________
9	|4,84	|3,57	|3,25	|3,46	|4,36	|3,25	|1,81	|3,3	|100	|2,82	|1,6	|3,35	|4,04	|2,39	|3,46	|5,27	|17,14	|21,77	|13,36	|18,68	|19,74	|11,23	|17,78	|15,43	|23,26	|100	|12,45	|17,83	|18,68	|11,07	|19,16	|19,85	|20,49	|17,94	|23,1	|18,04	|100	|17,03	|18,95	|14,32	|19,11	|14,95	|19,85	|11,44	|10,75	|15,7	|12,24	|16,13	|14,8	|12,45	|17,03	|15,06	|0	|10,16	|0	|21,66	|21,82	|13,94	|20,92	|20,6	|19,43	|17,3	|20,22	|16,13	|14,32	|0	|16,98	|15,97	|17,46	|17,14	|21,66	|13,25	|
________________________________________________________
10	|3,62	|5,21	|2,28	|0	|3,9	|3,62	|1,83	|2,52	|1,83	|100	|2,52	|3,24	|3,14	|3,97	|0	|4,11	|22,46	|17,18	|15,36	|23,5	|20,77	|17,7	|16,29	|14,7	|21,01	|10,52	|11,73	|100	|20,88	|13,08	|19,05	|20,05	|20,39	|19,43	|20,01	|100	|16,94	|20,77	|17,36	|14,87	|19,15	|17,81	|15,39	|16,87	|16,36	|11,21	|13,98	|21,01	|10,42	|10,66	|16,46	|17,01	|26,81	|20,01	|0	|14,56	|0	|14,39	|18,18	|19,22	|17,36	|17,08	|0	|12,22	|19,84	|20,67	|18,32	|15,36	|14,87	|21,81	|16,46	|16,56	|
________________________________________________________
11	|0	|5,24	|2,03	|3,13	|2,62	|3,17	|2,11	|1,86	|1,27	|3,08	|100	|3,08	|2,87	|4,01	|3,68	|3	|20,79	|18,5	|17,03	|20,03	|17,15	|13,69	|16,81	|15,8	|0	|6,34	|0	|19,81	|17,41	|14,03	|18,29	|18,8	|20,32	|20,28	|0	|14,91	|19,86	|20,19	|17,87	|15	|14,2	|22,56	|17,41	|17,96	|21,04	|12,63	|13,65	|16,81	|13,43	|10,94	|16,14	|16,01	|26,91	|100	|11,2	|18,67	|19,43	|12,63	|19,05	|18,55	|17,96	|17,28	|18,12	|100	|17,07	|19,48	|18,88	|16,48	|10,77	|18,21	|15	|18,34	|
________________________________________________________
12	|3,98	|5,64	|1,75	|3,95	|2,69	|3,07	|1,87	|2,81	|1,84	|2,75	|2,13	|100	|0	|3,27	|3,39	|4,42	|24,85	|16,4	|13,77	|23,68	|15,32	|14,04	|16,75	|17,05	|19,56	|12,28	|0	|13,6	|0	|13,8	|18,39	|18,22	|20,15	|20,09	|22,49	|20,88	|14,42	|0	|17,89	|15,7	|16,99	|16,46	|21,58	|14,62	|18,19	|10,12	|11,93	|20,67	|9,77	|11,11	|15,41	|16,58	|26,49	|16,9	|11,81	|100	|20,73	|14,65	|18,74	|17,98	|18,45	|17,43	|20,09	|14,15	|100	|17,81	|19,04	|16,05	|16,75	|15,73	|19,44	|19,18	|
________________________________________________________
13	|3,62	|2,63	|1,4	|2,84	|4,56	|2,51	|3,04	|3,9	|3,12	|3,74	|2,79	|0	|100	|2,18	|2,59	|3,82	|22,85	|15,62	|11,67	|15,66	|21,62	|13,52	|15,04	|18,74	|19,52	|12,04	|15,25	|20,72	|100	|10,36	|17,02	|20,35	|18,91	|16,77	|21,09	|16,44	|20,3	|20,72	|19,81	|16,36	|20,72	|16,24	|100	|18,91	|16,11	|11,47	|11,55	|14,34	|17,92	|13,65	|17,22	|19,03	|26,59	|19,81	|14,47	|0	|12,25	|0	|21,33	|22,36	|18,04	|13,97	|18,66	|13,97	|22,19	|12,78	|20,51	|17,88	|20,84	|20,06	|14,18	|0	|
________________________________________________________
14	|2,57	|3,96	|1,76	|2,06	|3,6	|3,3	|2,79	|0	|1,65	|4,22	|3,49	|4,11	|1,95	|100	|3,23	|3,05	|21,04	|16,15	|12,92	|19,6	|17,18	|14,1	|18,65	|18,39	|19,2	|11,42	|12,22	|19,53	|14,02	|11,89	|100	|21,26	|19,2	|16,81	|15,31	|21,95	|15,23	|17,47	|19,86	|15,97	|19,97	|100	|17,25	|21,59	|16,92	|10,87	|11,89	|16,56	|13,44	|14,17	|21,4	|13,99	|26,58	|18,47	|13,51	|21,7	|20,04	|0	|12,59	|0	|16,01	|13,84	|12,44	|18,72	|17,25	|20,41	|21,73	|17,69	|0	|14,21	|19,93	|18,98	|
________________________________________________________
15	|2,79	|2,62	|2,56	|3,73	|0	|3,53	|3,06	|3,53	|2,19	|0	|2,93	|3,9	|2,12	|2,96	|100	|2,62	|20,42	|17,13	|11,68	|17,4	|21,4	|14,87	|16,79	|16,22	|19,58	|11,57	|14,8	|0	|9,79	|0	|20,56	|21,47	|17,06	|15,92	|17,83	|22,21	|15,95	|16,22	|19,65	|16,92	|0	|13,66	|19,21	|20,29	|16,59	|12,15	|15,85	|19,45	|15,31	|13,66	|17,06	|17,03	|24,97	|16,82	|15,51	|22,44	|100	|11,64	|16,08	|20,79	|15,78	|14,94	|18,81	|15,65	|16,45	|17,09	|20,93	|19,15	|19,35	|100	|17,36	|20,36	|
________________________________________________________
16	|2,98	|4,68	|2,05	|4,49	|3,69	|4,68	|1,92	|4,2	|3,17	|3,82	|2,28	|4,84	|2,98	|2,66	|2,5	|100	|21,16	|15,74	|11,51	|21,51	|17,67	|12,63	|22,57	|13,79	|18,76	|12,47	|13,5	|19,4	|19,08	|0	|11,57	|0	|18,18	|17,76	|19,69	|18,82	|22,31	|15,33	|20,68	|17,6	|21,13	|19,85	|14,33	|0	|17,51	|11,86	|11,41	|17,83	|12,5	|12,31	|19,14	|11,35	|25,97	|18,53	|13,37	|22,22	|17,76	|12,66	|100	|21,51	|15,9	|15,49	|19,53	|13,05	|19,11	|11,03	|20,36	|18,66	|20,84	|16,77	|100	|19,69	|
________________________________________________________
17	|3,73	|4,26	|0	|3,53	|3,19	|3,15	|2,44	|3,31	|1,45	|2,94	|2,22	|3,84	|2,51	|2,59	|2,74	|2,98	|100	|18,28	|14,11	|22,63	|19,48	|13,83	|18,52	|18,76	|18,7	|8,26	|12,18	|17,06	|14,82	|11,18	|16,77	|16,52	|18,3	|16,84	|19,21	|17,09	|16,57	|16,21	|17,74	|14,69	|16,99	|15,92	|16,7	|16,66	|15,03	|0	|13,76	|19,04	|15	|13,36	|19,02	|18,87	|25,96	|15,12	|12,84	|18,88	|17,07	|12,13	|16,83	|16,49	|16,76	|14,9	|16,73	|14,17	|16,16	|16,39	|18,31	|16,07	|17,33	|16,31	|16,8	|16,59	|
________________________________________________________
18	|19,68	|3,73	|1,39	|3,57	|3,44	|3,2	|2,43	|3,34	|2,47	|3	|2,64	|3,38	|2,29	|2,65	|3,07	|2,96	|24,41	|100	|12,82	|23,03	|19,49	|13,74	|19,17	|19,07	|20,64	|13,74	|11,94	|16,82	|14,32	|11,06	|16,84	|16,95	|18,33	|16,51	|19,68	|16,82	|16,41	|15,55	|17,3	|14,73	|16,72	|15,84	|16,82	|16,67	|0	|9,31	|0	|18,92	|15,5	|13,3	|18,76	|18,77	|19,1	|19,69	|11,94	|18,36	|17,33	|12,14	|16,9	|16,02	|16,47	|14,91	|16,67	|14,08	|16,71	|16,41	|18,72	|16,26	|17,19	|16,48	|16,25	|16,15	|
________________________________________________________
19	|3,3	|3,65	|0	|0	|3,74	|2,72	|2,57	|3,25	|2,01	|3,57	|3,23	|3,78	|2,28	|2,82	|2,78	|2,88	|25,04	|17,04	|100	|20,23	|21,28	|14,37	|18,23	|18,25	|18,51	|8,9	|13,77	|16,66	|14,98	|11,36	|16,92	|16,48	|21,2	|16,73	|19,3	|20,85	|18,22	|18,36	|19,33	|12,77	|16,33	|16,25	|16,19	|17,08	|20,39	|0	|9,8	|0	|15,46	|13,23	|18,66	|17,94	|24,27	|17,26	|13,48	|18,42	|17,4	|11,96	|16,68	|16,63	|21,44	|0	|0	|17,85	|18,53	|18,61	|19,87	|16,39	|16,45	|16,39	|16,39	|16,86	|
________________________________________________________
20	|3,48	|18,31	|2,11	|2,41	|3,44	|3,05	|0	|3,52	|1,78	|3,46	|2,41	|4,11	|1,93	|2,71	|2,62	|3,41	|25,42	|19,37	|12,81	|100	|20,11	|13,51	|18,3	|18,97	|16,95	|10,56	|11,29	|18,99	|11,52	|11,6	|16,84	|16,24	|17,82	|18,31	|18,8	|17,72	|16,5	|16,58	|18,11	|15,23	|16,93	|16,35	|16,4	|16,5	|19,98	|13,11	|0	|14,49	|0	|13,92	|18,59	|18,58	|22,77	|16,35	|12,11	|21,79	|14,9	|12,75	|16,2	|16,25	|16,27	|14,71	|16,36	|14,66	|16,59	|16,95	|18,06	|15,85	|16,98	|16,68	|16,92	|16,29	|
________________________________________________________
21	|3,97	|4,22	|1,97	|0	|17,2	|2,55	|1,72	|3,67	|2,15	|3,5	|2,36	|3,04	|3,06	|2,72	|3,69	|3,2	|25,05	|18,77	|15,42	|23,01	|100	|12,29	|18,73	|18,5	|16,99	|10,82	|13,12	|19,37	|17,69	|11,27	|16,54	|16,32	|18,14	|16,33	|18,98	|17,43	|16,08	|16,11	|17,29	|14,66	|17,2	|16,04	|16,44	|16,22	|18,99	|12,7	|13,5	|0	|10	|0	|19,52	|19,31	|21,73	|16,43	|12,28	|15,43	|20,92	|11,98	|16,32	|16,68	|16,36	|14,68	|16,65	|14,27	|16,46	|16,08	|18,06	|15,82	|17,07	|16,71	|16,68	|16,36	|
________________________________________________________
22	|3,25	|3,99	|2,01	|3,42	|3,15	|2,6	|0	|0	|1,74	|4,23	|2,67	|3,96	|2,72	|3,17	|3,65	|3,25	|25,26	|18,79	|14,8	|21,98	|17,46	|100	|16,57	|20,55	|16,8	|10,14	|11,78	|17,65	|12,82	|12,81	|16,75	|16,53	|17,88	|16,1	|16,65	|18,45	|15,98	|16,18	|21,53	|15,19	|16,46	|19,67	|18,4	|18,65	|19,1	|12,43	|13,22	|19,74	|0	|10,02	|0	|19,82	|22,41	|17,06	|12,61	|21,04	|17,38	|13,03	|16,68	|16,51	|16,8	|15,1	|16,73	|15,95	|16,93	|16,45	|22,34	|0	|0	|20,41	|18,13	|18,28	|
________________________________________________________
23	|3,73	|3,83	|2,07	|3,12	|2,81	|16,85	|2,66	|2,22	|2,03	|2,87	|2,42	|3,48	|2,22	|3,09	|3,03	|4,28	|24,91	|19,3	|13,81	|21,9	|19,59	|12,19	|100	|19,46	|17,17	|10,75	|11,89	|16,84	|15,01	|10,31	|19,12	|12,09	|18,66	|16,68	|19,77	|17,02	|16,91	|16,34	|17,61	|16,85	|16,77	|16,22	|16,7	|16,97	|18,98	|13,32	|12,13	|18,84	|15,66	|0	|13,05	|0	|22,85	|16,79	|12,29	|18,88	|16,87	|11,95	|21,42	|14,24	|16,38	|15,1	|16,72	|13,72	|16,62	|16,42	|17,27	|15,56	|16,91	|16,6	|16,92	|16,84	|
________________________________________________________
24	|3,69	|4,12	|1,95	|3,24	|3,53	|3,25	|2,63	|0	|1,75	|2,57	|2,25	|3,51	|2,75	|3,02	|2,9	|2,59	|25,03	|19,05	|13,71	|22,52	|19,19	|15	|19,31	|100	|17,09	|10,45	|11,45	|16,14	|15,13	|12,29	|19,47	|18,7	|18,36	|16,83	|18,86	|16,75	|15,92	|15,8	|17,23	|14,72	|16,94	|15,8	|16,05	|16,14	|19,14	|12,76	|12,32	|19,05	|15	|14,3	|0	|8,01	|22,45	|16,45	|12,4	|18,32	|17,22	|11,66	|14,8	|21,2	|16,61	|15,39	|16,9	|13,94	|16,56	|16,92	|17,65	|15,93	|16,54	|16,32	|16,08	|16,33	|
________________________________________________________
25	|4,09	|3,81	|1,34	|2,73	|3,07	|2,88	|2,22	|2,86	|2,58	|3,59	|0	|3,94	|2,8	|3,08	|3,43	|3,45	|24,4	|20,16	|13,61	|19,69	|17,24	|12	|16,66	|16,71	|100	|13,98	|15,18	|19,16	|17,11	|12,54	|18,75	|18,67	|18,19	|17,03	|19,22	|17,18	|16,02	|15,93	|17,52	|14,87	|16,76	|16,09	|16,13	|16,96	|20	|9,3	|10,74	|16,55	|13,48	|11,72	|16,63	|16,41	|19,09	|0	|15,27	|20,78	|19,15	|14,01	|18,97	|18,98	|16,62	|14,76	|16,66	|13,98	|16,37	|16,28	|18,14	|16,75	|17,26	|16,81	|16,84	|16,62	|
________________________________________________________
26	|4,21	|3,04	|2,6	|2,74	|3,32	|2,84	|1,76	|2,95	|17,99	|2,92	|1,44	|4,02	|2,81	|2,98	|3,29	|3,73	|17,51	|21,81	|10,63	|19,92	|17,83	|11,77	|16,95	|16,61	|22,72	|100	|11,86	|19,54	|16,99	|11,82	|19,21	|19,04	|18,8	|16,42	|19,09	|17,56	|17,99	|15,85	|17,44	|14,89	|17,09	|16,56	|16,85	|16,85	|10,68	|16,44	|11,33	|16,4	|12,66	|12,13	|17,02	|16,4	|0	|10,28	|0	|20,95	|19,38	|13,43	|19,4	|19,03	|16,71	|14,86	|17,16	|14,43	|16,39	|16,49	|17,76	|16,14	|16,34	|17,08	|16,99	|16,94	|
________________________________________________________
27	|3,71	|4,1	|1,92	|3,59	|4,53	|2,84	|2,24	|2,95	|1,96	|2,85	|0	|0	|3,11	|2,79	|3,69	|3,53	|22,59	|16,58	|14,39	|18,63	|18,91	|11,95	|16,39	|15,92	|21,58	|10,37	|100	|17,41	|18,09	|13,31	|18	|17,39	|20,41	|19,04	|21,83	|17,1	|15,99	|21,03	|17,68	|15,14	|19,22	|14,68	|16,65	|16,59	|17,01	|11,13	|12,4	|16,1	|14,73	|11,47	|16,45	|16,74	|27,65	|0	|10,97	|0	|20,25	|14,13	|18,55	|18,41	|18,82	|16,61	|21	|0	|0	|21,17	|17,74	|16,02	|18,56	|16,95	|16,69	|16,64	|
________________________________________________________
28	|3,26	|4	|1,66	|3,45	|3,4	|3,12	|1,74	|3,16	|2,01	|17,35	|2,81	|2,78	|3,02	|3,19	|0	|3,62	|22,61	|16,7	|12,44	|22,4	|19,97	|12,81	|16,6	|16,04	|19,46	|12,21	|12,45	|100	|18,74	|13,36	|18,87	|18,88	|18,64	|16,63	|19,03	|17,35	|16,92	|16,9	|17,82	|15,21	|17,34	|15,96	|16,77	|17,15	|16,97	|11,27	|11,16	|20,82	|10,38	|11,09	|17	|16,84	|25,21	|18,33	|0	|14,92	|0	|14,33	|18,54	|19,09	|16,19	|14,85	|16,36	|14,36	|16,63	|16,55	|18,12	|16,51	|17,3	|17,02	|16,28	|16,73	|
________________________________________________________
29	|3,5	|2,8	|1,7	|2,34	|3,29	|2,37	|2,74	|3,02	|2,36	|4,07	|2,77	|0	|16,37	|2,57	|1,96	|4	|22,07	|15,97	|12,57	|15,28	|20,49	|10,45	|16,62	|16,89	|19,53	|11,93	|14,53	|21,06	|100	|10,86	|19,87	|19,12	|18,51	|16,52	|20,34	|17,26	|16,22	|16,59	|17,65	|14,85	|16,67	|15,99	|16,37	|16,91	|16,35	|11,16	|12,42	|13,09	|17,94	|11,55	|16,95	|16,72	|25,46	|18,33	|14,34	|0	|11,48	|0	|19,77	|19,66	|16,77	|14,6	|17,55	|13,64	|15,84	|16,14	|17,98	|16,41	|17,24	|16,72	|16,51	|16,95	|
________________________________________________________
30	|3,13	|3,57	|1,58	|2,95	|3,57	|3,13	|2,31	|3,52	|1,87	|3,4	|2,98	|4,24	|2,26	|2,91	|0	|0	|22,23	|16,46	|12,73	|20,52	|17,42	|13,94	|15,25	|18,31	|19,11	|11,08	|14,27	|20,04	|14,5	|100	|17,08	|19,29	|18,64	|16,29	|19,3	|17,42	|14,7	|18,38	|19,83	|16,64	|20,38	|16,33	|16,35	|19,63	|17,01	|10,87	|11,12	|16,68	|13,45	|13,25	|16,55	|18,17	|25,92	|19,1	|13,73	|22,01	|0	|10,62	|0	|20,19	|16,57	|15,09	|16,71	|14,69	|16,48	|18,48	|20,81	|17,56	|20,21	|0	|0	|20,07	|
________________________________________________________
31	|3,54	|3,71	|1,75	|2,74	|2,9	|3,02	|2,13	|3,83	|2,16	|3,31	|2,59	|3,77	|2,48	|16,32	|3,66	|2,16	|22,24	|16,72	|12,64	|19,88	|17,06	|12,16	|18,86	|19,35	|19,06	|12,01	|12,87	|18,88	|17,69	|11,39	|100	|20,64	|18,44	|16,66	|19,97	|17,29	|17,14	|16,54	|17,45	|14,94	|17,33	|16,32	|16,96	|16,53	|16,74	|11,5	|11,01	|16,72	|13,09	|11,94	|21,26	|14,17	|26,14	|18,97	|13,83	|20,62	|19,28	|0	|12,3	|0	|17,01	|15,12	|16,22	|13,79	|16,19	|16,66	|18,02	|16,06	|17,07	|16,8	|16,97	|16,29	|
________________________________________________________
32	|3,37	|3,56	|1,65	|2,66	|2,92	|2,17	|2,37	|2,34	|2,26	|3,53	|2,7	|3,78	|3	|3,51	|3,87	|0	|22,2	|17,05	|12,48	|19,43	|17,05	|12,16	|12,08	|18,84	|19,23	|12,07	|12,6	|19,14	|17,25	|13,04	|20,91	|100	|18,52	|16,9	|19,22	|17,08	|17,22	|16,25	|17,91	|15,11	|16,6	|16,45	|15,88	|16,35	|16,86	|11,02	|11,1	|16,77	|13,02	|12,53	|13,88	|21,23	|25,45	|19,05	|14,09	|21,15	|20,06	|14,63	|0	|9,13	|16,76	|15,05	|16,45	|14,55	|16,48	|16,72	|17,93	|16,42	|16,7	|16,94	|16,46	|16,39	|
________________________________________________________
33	|4,13	|3,94	|0	|3,54	|2,95	|1,82	|1,63	|3,45	|2,11	|3,24	|2,64	|3,77	|2,52	|2,87	|2,78	|3,11	|22,19	|16,64	|14,49	|19,24	|17,11	|11,87	|16,83	|16,69	|16,91	|10,75	|13,35	|17,05	|15,07	|11,37	|16,87	|16,72	|100	|18,68	|21,57	|19,01	|18,59	|18,38	|19,89	|9,83	|16,81	|16,33	|16,52	|16,38	|17,02	|11,53	|13,56	|16,58	|12,86	|13,02	|16,92	|16,81	|23,38	|16,87	|13,56	|18,48	|16,55	|12,32	|16,91	|16,59	|15,37	|0	|19,45	|15,72	|18,53	|18,55	|22,94	|14,06	|16,73	|16,4	|16,67	|16,7	|
________________________________________________________
34	|3,21	|21,54	|1,42	|3,43	|2,9	|3,32	|2,76	|2,64	|2,01	|3,36	|2,87	|4,1	|2,44	|2,73	|2,82	|3,31	|22,26	|16,34	|12,46	|21,54	|16,78	|11,65	|16,4	|16,68	|17,25	|10,24	|13,57	|16,58	|14,66	|10,83	|16,6	|16,62	|20,35	|100	|21,48	|19,31	|18,83	|18,65	|20,39	|16,84	|17,06	|16,05	|16,56	|16,59	|17,08	|10,96	|0	|16,41	|13,22	|11,37	|15,85	|16,07	|22,64	|16,31	|13,31	|18,77	|16,97	|12	|17,3	|16,49	|0	|13,37	|19,37	|16,35	|18,97	|18,99	|16,51	|20,94	|17,17	|16,32	|17,03	|16,13	|
________________________________________________________
35	|17,11	|3,47	|2,2	|2,34	|3,33	|2,67	|2,15	|3,45	|2,28	|3,04	|0	|4,03	|2,69	|2,19	|2,78	|3,22	|22,3	|17,11	|12,62	|19,42	|17,13	|10,58	|17,07	|16,41	|17,09	|10,45	|13,66	|16,66	|15,85	|11,27	|17,48	|16,6	|20,64	|18,86	|100	|18,68	|18,09	|18,14	|18,01	|15,08	|18,64	|12,07	|16,82	|16,66	|16,38	|11,53	|0	|16,42	|13,62	|11,63	|16,77	|16,57	|22,21	|16,86	|15,08	|17,64	|17,14	|13,12	|16,71	|15,9	|18,9	|17,07	|14,8	|0	|19,22	|18,68	|18,2	|16,1	|21,16	|14,84	|16,61	|16,44	|
________________________________________________________
36	|3,64	|4,8	|2,21	|0	|3,23	|2,83	|2,17	|2,42	|1,99	|17	|2,07	|4,19	|2,35	|3,51	|3,87	|3,44	|22,2	|16,36	|15,26	|20,49	|17,61	|13,11	|16,44	|16,31	|17,1	|10,76	|11,97	|17	|15,05	|11,38	|16,94	|16,51	|20,35	|18,98	|20,91	|100	|19,52	|19,52	|17,16	|14,6	|19,25	|19,05	|16,44	|16,35	|16,57	|11,54	|13,42	|16,65	|13,11	|11,32	|16,19	|16,46	|22,47	|16,21	|0	|18,43	|16,94	|12,26	|17,02	|16,41	|18,6	|17,1	|0	|12,55	|19,37	|19,05	|18,25	|16,33	|14,11	|21,98	|16,67	|16,61	|
________________________________________________________
37	|3,51	|3,96	|2,04	|3,26	|2,89	|2,71	|2,22	|2,73	|11,37	|2,97	|2,84	|2,98	|2,99	|2,51	|2,87	|4,21	|22,2	|16,46	|13,75	|19,67	|16,75	|11,71	|16,84	|15,99	|16,44	|11,37	|11,55	|17,1	|14,59	|9,9	|17,32	|17,16	|20,53	|19,08	|20,88	|20,13	|100	|17,96	|17,82	|14,57	|17,11	|16,82	|19,52	|11,34	|16,56	|11,36	|12,01	|16,94	|13,21	|11,58	|16,48	|16,61	|22,31	|16,5	|0	|18,19	|17,15	|11,79	|17,42	|17,36	|19,54	|16,92	|18,57	|16,6	|15,28	|0	|18,65	|16,46	|16,37	|17,26	|21,89	|14,18	|
________________________________________________________
38	|3,32	|3,87	|2,09	|3,25	|2,79	|2,77	|1,99	|2,84	|1,95	|3,66	|2,91	|0	|3,07	|2,9	|2,93	|2,91	|21,83	|15,68	|13,93	|19,87	|16,88	|11,93	|16,36	|15,95	|16,44	|10,07	|15,27	|17,17	|15	|12,45	|16,8	|16,29	|20,4	|19	|21,05	|20,25	|18,06	|100	|17,78	|14,99	|16,74	|16,18	|19,06	|18,71	|16,44	|11,48	|12,42	|16,8	|12,91	|11,84	|16,66	|16,9	|22,67	|16,02	|14,25	|17,57	|16,54	|11,72	|16,75	|16,26	|18,54	|17,45	|18,21	|16,5	|0	|14,98	|18,09	|15,97	|16,55	|16,91	|14,81	|21,83	|
________________________________________________________
39	|3,5	|4,43	|1,45	|2,96	|3,63	|3,05	|0	|3,66	|2,01	|2,84	|2,39	|3,46	|2,73	|3,06	|3,3	|3,65	|22,21	|16,22	|13,64	|20,18	|16,83	|14,76	|16,4	|16,18	|16,81	|10,3	|11,94	|16,84	|14,84	|12,49	|16,48	|16,69	|20,54	|19,31	|19,43	|16,54	|16,66	|16,53	|100	|16,23	|19,1	|18,31	|18,93	|19,11	|16,58	|11,54	|10,82	|17,03	|12,64	|14,16	|16,15	|15,71	|22,96	|16,91	|12,31	|18,87	|16,78	|13,61	|17,16	|16,43	|21,93	|12,45	|16,87	|14,04	|16,75	|16,49	|17,26	|0	|19,98	|18,78	|18,72	|19,02	|
________________________________________________________
40	|3,02	|4,18	|2,37	|3,05	|2,9	|18,59	|1,75	|3,3	|1,8	|2,89	|2,38	|3,6	|2,67	|2,91	|3,37	|3,68	|21,78	|16,35	|10,67	|20,1	|16,91	|12,33	|18,59	|16,36	|16,91	|10,42	|12,11	|17,01	|14,78	|12,41	|16,7	|16,68	|12,02	|18,89	|19,26	|16,66	|16,13	|16,5	|19,22	|100	|19,31	|18,1	|18,52	|18,73	|17,12	|11,58	|11,43	|17,35	|13,17	|0	|16,59	|16,32	|22,75	|16,19	|12,24	|18,57	|17,19	|13,72	|17,21	|16,34	|13,07	|20,93	|17,13	|14,29	|16,81	|16,63	|0	|13,77	|19,59	|19,36	|19,1	|19,06	|
________________________________________________________
41	|3,56	|3,55	|1,88	|3,84	|17,42	|2,65	|2,3	|2,28	|2,11	|3,27	|1,98	|3,42	|2,97	|3,2	|0	|3,88	|22,13	|16,31	|11,99	|19,63	|17,42	|11,73	|16,25	|16,55	|16,74	|10,5	|13,5	|17,04	|14,58	|13,35	|17,02	|16,09	|18,06	|16,82	|20,92	|19,31	|16,64	|16,19	|19,87	|16,96	|100	|18,72	|18,81	|18,27	|16,94	|11,67	|11,37	|17,11	|12,78	|0	|16,61	|16,09	|22,2	|16,69	|12,04	|18,94	|17,46	|14,54	|16,82	|16,77	|16,68	|15,36	|21,55	|11,98	|16,39	|16,49	|20,16	|18,22	|14,97	|0	|19,18	|18,92	|
________________________________________________________
42	|2,48	|3,76	|1,97	|2,54	|3,53	|3,35	|2,53	|0	|1,72	|3,16	|3,27	|3,45	|2,42	|16,7	|2,49	|3,79	|21,6	|16,09	|12,42	|19,75	|16,92	|14,61	|16,36	|16,07	|16,74	|10,6	|10,74	|16,33	|14,57	|11,14	|16,7	|16,62	|18,27	|16,48	|14,11	|19,91	|17,04	|16,3	|19,85	|16,56	|19,5	|100	|19,4	|19,28	|16,41	|11,23	|12,41	|16,59	|13,16	|14,4	|16,39	|16,63	|22,83	|16,47	|12,04	|18,91	|16,95	|0	|16,76	|16,04	|16,73	|14,95	|14,29	|19,85	|17,05	|17,33	|20,45	|18,22	|0	|13,99	|19,15	|19,21	|
________________________________________________________
43	|3,41	|3,52	|1,71	|3,03	|3,43	|3,11	|2,48	|3,39	|2,26	|2,7	|2,49	|4,47	|14,73	|2,85	|3,46	|2,71	|22,39	|16,89	|12,23	|19,57	|17,13	|13,5	|16,65	|16,12	|16,57	|10,65	|12,04	|16,96	|14,73	|11,02	|17,15	|15,84	|18,25	|16,79	|19,42	|16,96	|19,54	|18,97	|20,26	|16,74	|19,35	|19,17	|100	|18,7	|16,4	|11,49	|10,93	|17,07	|13,14	|13,11	|16,98	|16,26	|23,09	|17,14	|12,38	|18,92	|16,95	|0	|17,1	|16,93	|17,01	|15,12	|16,25	|14,39	|21,97	|13,51	|20,58	|18,16	|18,74	|18,82	|14,57	|0	|
________________________________________________________
44	|3,28	|3,67	|1,71	|2,86	|3,26	|3,22	|2,49	|3,4	|1,29	|2,94	|2,55	|3,01	|2,76	|3,53	|3,62	|0	|22,17	|16,61	|12,8	|19,54	|16,78	|13,58	|16,8	|16,1	|17,3	|10,57	|11,9	|17,22	|15,1	|13,14	|16,59	|16,19	|17,97	|16,7	|19,1	|16,75	|11,26	|18,48	|20,31	|16,81	|18,66	|18,9	|18,56	|100	|16,76	|11,64	|11,23	|16,6	|13,34	|13,22	|16,57	|16,07	|22,2	|16,7	|13,37	|18,49	|17,08	|14,82	|16,46	|15,94	|16,28	|15,2	|16,37	|13,95	|14,08	|21,1	|20,6	|17,87	|19,17	|19,62	|0	|14,08	|
________________________________________________________
45	|0	|4,8	|2,1	|3,39	|3,15	|3,13	|2,37	|3,33	|1,2	|2,82	|2,97	|3,7	|2,33	|2,75	|2,94	|3,25	|19,81	|0	|15,14	|23,45	|19,47	|13,78	|18,61	|18,92	|20,21	|6,64	|12,09	|16,88	|14,48	|11,28	|16,64	|16,54	|18,49	|17,04	|18,61	|16,82	|16,3	|16,09	|17,46	|15,22	|17,14	|15,94	|16,13	|16,6	|100	|13,52	|13,51	|18,78	|14,66	|12,99	|18,76	|18,73	|26,06	|19,93	|13,34	|18,27	|16,84	|12,32	|17,07	|16,82	|16,51	|14,95	|16,44	|14,02	|15,7	|16,6	|18,08	|16,53	|17,54	|16,35	|17,27	|17,15	|
________________________________________________________
46	|2,51	|4,15	|15,41	|2,78	|3,51	|3,25	|2,25	|3,27	|2,59	|2,86	|2,63	|3,04	|2,45	|2,6	|3,18	|3,25	|0	|13,58	|0	|22,73	|19,24	|13,25	|19,29	|18,62	|13,89	|15,1	|11,69	|16,55	|14,59	|10,64	|16,89	|15,97	|18,51	|16,14	|19,35	|17,3	|16,51	|16,6	|17,95	|15,21	|17,44	|16,12	|16,69	|17,04	|19,98	|100	|11,21	|19,43	|14,79	|12,78	|18,9	|18,42	|17,42	|19,52	|10,85	|18,42	|16,94	|11,77	|16,38	|16,19	|16,56	|15,41	|16,84	|13,75	|17,17	|16,76	|18,2	|16,03	|16,85	|17,1	|16,81	|16,73	|
________________________________________________________
47	|0	|0	|1,66	|2,54	|3,68	|3,14	|2,78	|3,24	|2,07	|3,65	|2,91	|3,68	|2,53	|2,92	|4,25	|3,21	|27,46	|0	|11,01	|0	|20,96	|14,44	|18,01	|18,43	|16,42	|10,66	|13,34	|16,8	|16,64	|11,16	|16,57	|16,49	|22,32	|0	|0	|20,62	|17,89	|18,41	|17,24	|15,38	|17,42	|18,25	|16,27	|16,85	|20,45	|11,49	|100	|16,68	|16,41	|13,59	|18,76	|19,11	|22,72	|16,88	|14,66	|17,24	|18,6	|12,3	|16,86	|16,59	|20,52	|14,94	|16,38	|17,36	|18,1	|17,95	|17,87	|16,9	|15,07	|18,66	|16,65	|17,55	|
________________________________________________________
48	|3,62	|3,09	|1,94	|16,86	|0	|3,56	|2,53	|3,49	|1,82	|3,66	|2,39	|4,25	|2,1	|2,71	|3,47	|3,34	|25,33	|18,85	|0	|17,16	|0	|14,37	|18,64	|18,99	|16,87	|10,29	|11,55	|20,89	|11,69	|11,16	|16,78	|16,6	|18,18	|16,52	|18,82	|17,05	|16,82	|16,59	|18,09	|15,56	|17,47	|16,27	|16,94	|16,59	|18,95	|13,27	|11,12	|100	|15,91	|13,71	|18,82	|18,64	|22,78	|16,31	|12,04	|21,95	|19,99	|13,15	|16,66	|16,4	|16,25	|15,35	|16,86	|14,35	|16,93	|16,24	|18,63	|16,09	|16,67	|16,58	|16,75	|16,01	|
________________________________________________________
49	|4,23	|0	|2,13	|3,32	|2,04	|3,66	|16,27	|3,12	|2,1	|2,29	|2,41	|2,53	|3,3	|2,77	|3,45	|2,95	|25,15	|19,46	|14,6	|0	|13,04	|0	|19,52	|18,85	|17,32	|10,01	|13,32	|13,12	|20,19	|11,33	|16,54	|16,24	|17,77	|16,77	|19,68	|16,92	|16,54	|16,07	|16,92	|14,89	|16,45	|16,26	|16,44	|16,8	|18,64	|12,74	|13,79	|20,05	|100	|11,51	|18,94	|19,06	|22,56	|16,44	|12,86	|13,5	|19,54	|10,57	|16,9	|16,54	|16,06	|15,21	|16,93	|14,02	|16,4	|16,6	|18,28	|16,27	|17,72	|16,61	|16,67	|16,75	|
________________________________________________________
50	|3,7	|4,39	|1,83	|3,02	|0	|0	|2,17	|3,01	|2,02	|2,67	|2,23	|3,28	|2,86	|3,33	|3,5	|3,31	|25,53	|19,03	|14,24	|23,68	|0	|10,48	|0	|20,48	|17,16	|10,93	|11,81	|15,99	|14,82	|12,73	|17,2	|17,82	|20,5	|16,43	|19,15	|16,65	|16,52	|16,8	|21,6	|0	|0	|20,28	|18,68	|18,97	|18,82	|12,54	|13,01	|19,69	|13,12	|100	|16,99	|20,31	|22,58	|17,36	|12,39	|18,27	|17	|14,61	|15,03	|18,29	|19,12	|13,28	|16,41	|13,38	|16,4	|16,76	|21,81	|16,83	|17,14	|19,99	|18,82	|18,7	|
________________________________________________________
51	|3,64	|3,92	|1,99	|3,33	|3,7	|2,26	|2,08	|17,39	|1,93	|2,87	|2,3	|3,18	|2,52	|3,51	|3,05	|3,6	|25,38	|18,74	|14,03	|22,07	|20,24	|0	|12,94	|0	|17	|10,71	|11,83	|17,11	|15,18	|11,1	|21,39	|13,78	|18,61	|16	|19,27	|16,62	|16,41	|16,5	|17,21	|14,92	|17	|16,11	|16,89	|16,61	|18,98	|12,95	|12,54	|18,87	|15,07	|11,86	|100	|20,63	|22,78	|16,47	|11,7	|18,26	|17,18	|12,06	|18,83	|19,21	|16,45	|15,66	|16,86	|14,12	|16,48	|16,52	|18,2	|16,71	|17,39	|16,27	|16,6	|16,38	|
________________________________________________________
52	|3,78	|4,16	|2,02	|3,36	|3,6	|0	|2,49	|3,51	|1,71	|2,97	|2,28	|3,42	|2,79	|2,3	|3,05	|2,13	|25,19	|18,75	|13,49	|22,07	|20,03	|14,48	|0	|8,02	|16,79	|10,32	|12,04	|16,95	|14,98	|12,19	|14,26	|21,08	|18,5	|16,22	|19,05	|16,91	|16,55	|16,74	|16,74	|14,68	|16,48	|16,36	|16,18	|16,12	|18,95	|12,62	|12,78	|18,7	|15,17	|14,19	|20,64	|100	|22,6	|16,36	|12,41	|18,5	|17,28	|11,99	|11,94	|19,19	|16,86	|15,31	|17,53	|14,09	|16,74	|16,41	|17,89	|16,24	|16,39	|16,72	|16,38	|16,13	|
________________________________________________________
53	|2,74	|3,86	|1,41	|2,84	|2,67	|2,73	|2,17	|2,86	|0	|3,43	|2,81	|4	|2,86	|3,2	|3,27	|3,58	|25,37	|13,98	|13,36	|19,8	|16,51	|11,99	|16,6	|16,45	|14,3	|0	|14,57	|18,58	|16,71	|12,74	|19,27	|18,51	|18,83	|16,74	|18,7	|16,91	|16,27	|16,45	|17,91	|14,99	|16,65	|16,44	|16,83	|16,3	|19,31	|8,74	|11,13	|16,73	|13,15	|11,55	|16,69	|16,55	|100	|18,79	|13,74	|21,74	|19,29	|13,55	|19,3	|18,75	|16,81	|15,21	|17,12	|14,46	|16,56	|16,61	|18,13	|16,05	|16,77	|16,79	|16,82	|16,23	|
________________________________________________________
54	|3,95	|3,49	|2,09	|2,67	|2,98	|2,78	|2,18	|2,92	|1,16	|3,51	|14,34	|3,5	|2,92	|3,05	|3,03	|3,5	|20,27	|19,77	|13,04	|19,52	|17,13	|12,52	|16,75	|16,54	|0	|6,5	|0	|18,55	|16,5	|12,88	|19,19	|19,01	|18,66	|16,55	|19,48	|16,74	|16,52	|15,95	|18,11	|14,64	|17,18	|16,28	|17,15	|16,83	|20,27	|13,44	|11,34	|16,44	|13,15	|12,19	|16,55	|16,44	|25,78	|100	|12,53	|21,31	|18,96	|13,72	|18,84	|19,02	|17,01	|15,07	|16,47	|14,34	|16,78	|16,24	|18,61	|16,17	|17,06	|16,12	|16,36	|16,5	|
________________________________________________________
55	|4	|3,87	|1,84	|3,42	|3,08	|3,01	|2,26	|2,61	|0	|0	|2,17	|3,3	|2,88	|3,01	|3,77	|3,41	|23,23	|16,18	|13,75	|19,51	|17,28	|12,49	|16,54	|16,82	|21,18	|0	|10,71	|0	|17,42	|12,5	|18,87	|18,98	|20,23	|18,22	|23,5	|0	|0	|19,15	|17,79	|14,94	|16,72	|16,05	|16,7	|18,18	|18,31	|10,08	|13,29	|16,38	|13,89	|11,74	|15,87	|16,83	|25,44	|16,91	|100	|19,07	|21,29	|15,34	|18,85	|18,59	|18,57	|17,17	|20,86	|13,84	|16,33	|19,92	|18,18	|16,19	|17,26	|16,14	|15,25	|18,13	|
________________________________________________________
56	|3,13	|4,46	|1,68	|3,03	|2,45	|3	|1,67	|2,87	|2,2	|2,28	|2,39	|18,46	|0	|3,19	|3,6	|3,74	|22,57	|16,42	|12,4	|23,17	|14,34	|13,76	|16,77	|16,41	|19,04	|11,81	|0	|13,45	|0	|13,23	|18,58	|18,81	|18,21	|16,96	|18,16	|16,95	|16,22	|15,59	|18,01	|14,96	|17,37	|16,65	|16,87	|16,6	|16,56	|11,3	|10,32	|19,72	|9,62	|11,43	|16,35	|16,57	|26,58	|18,99	|12,6	|100	|20,89	|13,85	|19,01	|18,72	|16,77	|15,3	|15,94	|14,56	|18,46	|15,91	|18,61	|16	|16,47	|17,04	|16,87	|16,42	|
________________________________________________________
57	|3,27	|2,97	|1,84	|3,08	|3,67	|2,81	|2,5	|2,8	|2,4	|0	|2,69	|4,15	|1,74	|3,19	|17,38	|3,24	|22,1	|16,8	|12,69	|17,18	|21,06	|12,32	|16,25	|16,72	|19,01	|11,84	|14,14	|0	|9,98	|0	|18,83	|19,34	|17,66	|16,62	|19,12	|16,89	|16,58	|15,9	|17,35	|15,01	|17,35	|16,18	|16,38	|16,62	|16,54	|11,27	|12,07	|19,46	|15,09	|11,52	|16,68	|16,77	|25,57	|18,31	|15,24	|22,64	|100	|12,8	|19,27	|19,4	|15,93	|14,55	|16,51	|13,95	|16,54	|16,15	|18,51	|16,7	|16,82	|17,38	|17,22	|16,37	|
________________________________________________________
58	|3,62	|3,66	|1,65	|3,67	|3,73	|3,22	|2,4	|3,47	|2,16	|3,44	|2,47	|4,14	|0	|0	|2,86	|3,26	|22,17	|16,62	|12,32	|20,75	|17,04	|13,04	|16,25	|15,99	|19,64	|11,58	|13,93	|19,76	|0	|9,76	|0	|19,9	|18,57	|16,6	|20,67	|17,26	|16,09	|15,9	|19,88	|16,91	|20,4	|0	|0	|20,36	|17,09	|11,05	|11,27	|18,07	|11,53	|13,98	|16,53	|16,43	|25,36	|18,7	|15,5	|21,19	|18,07	|100	|18,06	|19,69	|16,23	|14,75	|18,08	|12,85	|16,58	|16,57	|19,98	|17,89	|20,31	|16,08	|16,85	|19,79	|
________________________________________________________
59	|3,18	|3,73	|1,73	|2,99	|3,01	|3,51	|1,86	|3,32	|2,34	|3,14	|2,69	|3,82	|3,09	|2,04	|2,85	|18,59	|22,22	|16,7	|12,4	|19,03	|16,74	|12,05	|21,02	|14,65	|19,19	|12,08	|13,2	|18,45	|17,51	|0	|12,24	|0	|18,4	|17,27	|19	|17,3	|17,17	|16,42	|18,09	|15,32	|17,04	|16,3	|16,83	|16,32	|17,09	|11,1	|11,15	|16,52	|13,3	|10,38	|18,63	|11,81	|26,06	|18,54	|13,75	|20,99	|19,64	|13,04	|100	|20,54	|16,54	|15,03	|17,04	|14,57	|16,31	|16,12	|18,13	|16,55	|17,01	|16,74	|18,59	|16,27	|
________________________________________________________
60	|2,89	|3,49	|1,56	|2,61	|3,05	|2,27	|2,37	|3,49	|2,33	|3,35	|2,64	|3,7	|3,27	|0	|3,72	|4,04	|21,96	|15,97	|12,48	|19,26	|17,27	|12,03	|14,1	|21,16	|19,37	|11,95	|13,22	|19,18	|17,57	|13,52	|0	|9,04	|18,21	|16,61	|18,24	|16,82	|17,25	|16,08	|17,47	|14,67	|17,14	|15,74	|16,82	|15,95	|16,98	|11,07	|11,07	|16,42	|13,14	|12,75	|19,17	|19,15	|25,55	|18,89	|13,68	|20,86	|19,94	|14,34	|20,72	|100	|16,49	|14,87	|16,6	|14,26	|16,26	|16,03	|17,66	|15,85	|17,01	|16,54	|16,22	|15,85	|
________________________________________________________
61	|4,01	|0	|1,83	|3,47	|2,71	|2,21	|2,66	|3,35	|2,19	|3,01	|2,55	|3,78	|2,63	|2,61	|2,81	|2,97	|22,23	|16,36	|16,03	|19,21	|16,87	|12,2	|16,16	|16,52	|16,9	|10,46	|13,46	|16,2	|14,93	|11,06	|17,02	|16,55	|16,81	|0	|21,6	|18,99	|19,35	|18,26	|23,23	|11,7	|16,98	|16,36	|16,83	|16,23	|16,62	|11,28	|13,64	|16,21	|12,71	|13,28	|16,36	|16,76	|22,82	|16,83	|13,61	|18,62	|16,32	|11,78	|16,63	|16,43	|100	|16,35	|19,13	|15,67	|19,17	|18,8	|21,03	|19,19	|16,71	|16,86	|16,3	|16,46	|
________________________________________________________
62	|3,63	|2,88	|11,64	|2,96	|2,76	|3,95	|2,5	|2,58	|2,16	|3,29	|2,72	|3,96	|2,26	|2,5	|2,95	|3,21	|21,93	|16,43	|0	|19,26	|16,79	|12,16	|16,52	|16,97	|16,64	|10,31	|13,18	|16,49	|14,42	|11,16	|16,78	|16,48	|0	|14,88	|21,64	|19,37	|18,58	|19,06	|14,63	|20,76	|17,35	|16,21	|16,59	|16,8	|16,68	|11,64	|11,01	|16,97	|13,35	|10,23	|17,28	|16,88	|22,9	|16,53	|13,96	|18,83	|16,53	|11,87	|16,76	|16,43	|18,13	|100	|19,13	|15,77	|19,43	|19,26	|12,23	|18,8	|17,27	|16,35	|16,77	|16,8	|
________________________________________________________
63	|2,76	|4,26	|1,73	|16,93	|3,76	|2,87	|2,16	|3,39	|2,29	|0	|2,59	|4,14	|2,74	|2,05	|3,37	|3,67	|22,35	|16,68	|0	|19,45	|17,29	|12,23	|16,61	|16,92	|17,06	|10,81	|15,13	|16,48	|15,73	|11,23	|16,34	|16,36	|21,42	|19,57	|17,04	|0	|18,52	|18,06	|17,99	|15,43	|22,1	|14,06	|16,19	|16,43	|16,66	|11,55	|10,96	|16,93	|13,49	|11,48	|16,89	|17,54	|23,4	|16,4	|15,4	|17,82	|17,03	|13,21	|17,25	|16,66	|19,26	|17,37	|100	|15,79	|18,24	|18,26	|18,32	|16,25	|19,6	|19,06	|16,89	|16,97	|
________________________________________________________
64	|0	|4,72	|2	|3,24	|2,57	|3,07	|2,25	|2,02	|2,13	|2,49	|16,63	|3,4	|2,39	|3,58	|3,27	|2,86	|22,03	|16,39	|15,64	|20,29	|17,25	|13,58	|15,87	|16,25	|16,66	|10,59	|0	|16,85	|14,24	|11,49	|16,17	|16,84	|20,16	|19,24	|0	|15,02	|19,27	|19,05	|17,43	|14,98	|14,3	|22,75	|16,69	|16,3	|16,53	|10,98	|13,53	|16,77	|13	|10,89	|16,46	|16,42	|23,01	|16,63	|11,89	|18,95	|16,75	|10,93	|17,17	|16,65	|18,37	|16,67	|18,38	|100	|18,82	|18,84	|18,37	|16,44	|11,29	|19,16	|16,59	|16,69	|
________________________________________________________
65	|3,95	|4,15	|2,05	|3,25	|2,75	|2,78	|2,28	|2,92	|1,62	|3,46	|2,43	|20,6	|3,25	|2,83	|2,95	|3,59	|21,56	|16,68	|13,92	|19,7	|17,06	|12,35	|16,48	|16,55	|16,73	|10,31	|0	|16,73	|14,18	|11,05	|16,28	|16,36	|20,37	|19,14	|22,08	|19,88	|15,21	|0	|17,84	|15,12	|16,78	|16,76	|21,86	|14,11	|15,88	|11,76	|12,09	|16,97	|13,05	|11,45	|16,48	|16,73	|22,6	|16,68	|12,03	|20,6	|17,03	|12,09	|16,49	|16,28	|19,27	|17,61	|18,21	|16,14	|100	|17,78	|18,59	|16,41	|16,81	|16,21	|19,62	|19	|
________________________________________________________
66	|3,63	|4,24	|1,96	|3,11	|2,96	|3,07	|2,03	|2,78	|0	|3,63	|2,79	|3,69	|1,88	|3,37	|3,08	|2,08	|21,99	|16,48	|14,07	|20,23	|16,77	|12,07	|16,38	|17,02	|16,74	|10,43	|15,31	|16,75	|14,53	|12,47	|16,85	|16,69	|20,51	|19,27	|21,58	|19,67	|0	|14,91	|17,66	|15,04	|16,98	|17,13	|13,52	|21,26	|16,88	|11,54	|12,06	|16,37	|13,29	|11,76	|16,61	|16,49	|22,8	|16,24	|14,77	|17,86	|16,73	|12,16	|16,38	|16,14	|19	|17,56	|18,33	|16,25	|17,88	|100	|18,08	|16,04	|16,39	|16,34	|11,9	|19,23	|
________________________________________________________
67	|3,7	|3,23	|1,14	|2,85	|3,57	|0	|2,54	|3,61	|1,75	|2,91	|2,45	|3,57	|2,73	|3,24	|3,41	|3,48	|22,2	|17	|13,57	|19,49	|17,03	|14,83	|15,57	|16,05	|16,86	|10,15	|11,6	|16,57	|14,63	|12,69	|16,47	|16,18	|22,93	|15,15	|19,01	|17,04	|16,88	|16,29	|16,72	|0	|18,76	|18,27	|18,62	|18,77	|16,63	|11,33	|10,86	|16,98	|13,22	|13,84	|16,55	|16,26	|22,49	|16,83	|12,18	|18,88	|17,33	|13,25	|16,66	|16,08	|19,22	|10,08	|16,63	|14,32	|16,9	|16,35	|100	|18,71	|19,3	|18,96	|19,26	|18,87	|
________________________________________________________
68	|3,44	|4,4	|1,98	|2,89	|3,22	|2,22	|13,18	|2,98	|1,84	|2,73	|2,39	|3,37	|2,67	|2,96	|3,49	|3,57	|21,83	|16,54	|12,55	|19,16	|16,71	|0	|15,72	|16,22	|17,44	|10,34	|11,73	|16,91	|14,96	|11,99	|16,45	|16,6	|15,74	|21,52	|18,84	|17,07	|16,69	|16,1	|0	|12,61	|18,99	|18,23	|18,4	|18,24	|17,03	|11,18	|11,5	|16,43	|13,18	|11,97	|17,02	|16,53	|22,31	|16,38	|12,15	|18,19	|17,52	|13,29	|17,03	|16,16	|19,65	|17,36	|16,53	|14,35	|16,71	|16,24	|20,96	|100	|19,26	|18,53	|19,22	|18,93	|
________________________________________________________
69	|4,23	|3,53	|1,44	|3,14	|2,59	|3,25	|2,26	|17,02	|1,93	|2,54	|1,5	|3,38	|2,99	|0	|3,39	|3,83	|22,62	|16,8	|12,1	|19,73	|17,32	|0	|16,42	|16,18	|17,27	|10,06	|13,07	|17,03	|15,11	|13,27	|16,8	|16,23	|18	|16,96	|23,8	|14,18	|15,95	|16,04	|20,83	|17,25	|15	|0	|18,25	|18,81	|17,36	|11,3	|9,86	|16,36	|13,8	|11,71	|17,02	|16,03	|22,4	|16,61	|12,45	|17,99	|16,95	|14,5	|16,83	|16,67	|16,44	|15,32	|19,16	|9,47	|16,45	|15,95	|20,77	|18,51	|100	|19,23	|18,94	|18,65	|
________________________________________________________
70	|2,8	|3,65	|1,97	|3,33	|0	|3,31	|2,62	|3,34	|1,93	|3,79	|2,58	|3,22	|2,92	|2,32	|17,81	|3,13	|21,65	|16,37	|12,26	|19,69	|17,24	|14,82	|16,38	|16,23	|17,09	|10,69	|12,13	|17,04	|14,9	|0	|16,81	|16,73	|17,94	|16,38	|16,96	|22,45	|17,1	|16,66	|19,9	|17,33	|0	|13,68	|18,63	|19,57	|16,45	|11,65	|12,41	|16,53	|13,15	|13,89	|16,18	|16,63	|22,8	|15,95	|11,84	|18,92	|17,81	|11,67	|16,83	|16,48	|16,86	|14,75	|18,94	|16,35	|16,13	|16,16	|20,75	|18,1	|19,54	|100	|18,76	|18,97	|
________________________________________________________
71	|3,34	|3,81	|1,86	|2,82	|3,22	|3,16	|2,58	|3,12	|2,44	|2,86	|2,13	|3,98	|2,07	|3,25	|3,09	|18,68	|22,28	|16,13	|12,25	|19,97	|17,2	|13,16	|16,69	|15,99	|17,11	|10,63	|11,93	|16,29	|14,7	|0	|16,97	|16,24	|18,23	|17,09	|18,98	|17,02	|21,67	|14,58	|19,82	|17,08	|19,53	|18,71	|14,42	|0	|17,38	|11,45	|11,06	|16,69	|13,18	|13,06	|16,51	|16,27	|22,82	|16,18	|11,18	|18,72	|17,63	|12,22	|18,68	|16,15	|16,29	|15,12	|16,77	|14,15	|19,51	|11,76	|21,06	|18,76	|19,24	|18,75	|100	|19,28	|
________________________________________________________
72	|3,29	|3,56	|1,75	|2,67	|3,2	|3,13	|2,37	|3,2	|1,5	|2,89	|2,61	|3,95	|0	|3,11	|3,64	|3,7	|22,11	|16,11	|12,66	|19,33	|16,95	|13,33	|16,69	|16,32	|16,97	|10,65	|11,95	|16,82	|15,16	|13,45	|16,37	|16,26	|18,35	|16,26	|18,87	|17,04	|14,11	|21,6	|20,24	|17,12	|19,35	|18,86	|0	|14,1	|17,34	|11,45	|11,72	|16,04	|13,31	|13,04	|16,36	|16,11	|22,14	|16,39	|13,35	|18,31	|16,85	|14,42	|16,42	|15,86	|16,53	|15,22	|16,92	|14,3	|18,98	|19,11	|20,73	|18,57	|19,04	|19,06	|19,37	|100	|
________________________________________________________
