0	|1	|2	|3	|4	|5	|6	|7	|8	|9	|10	|11	|12	|13	|14	|15	|16	|17	|18	|19	|20	|21	|22	|23	|24	|25	|26	|27	|28	|29	|30	|31	|32	|33	|34	|35	|36	|37	|38	|39	|40	|41	|42	|43	|44	|45	|46	|47	|48	|49	|50	|51	|52	|53	|54	|55	|56	|57	|58	|59	|60	|61	|62	|63	|64	|65	|66	|67	|68	|69	|70	|71	|72	|
1	|100	|3,51	|1,55	|3,29	|3,63	|2,33	|2,8	|4,25	|3,85	|3,23	|0	|3,57	|2,33	|2,02	|2,45	|3,66	|23,51	|100	|11,96	|20,9	|21,12	|13,57	|19,1	|18,51	|19,88	|14,91	|13,63	|16,15	|15,12	|11,49	|16,86	|16,71	|22,64	|17,08	|100	|18,79	|20,31	|19,19	|19,6	|13,29	|19,13	|12,58	|16,8	|16,52	|0	|9,01	|0	|20,75	|16,09	|14,01	|19,13	|18,11	|19,66	|20,16	|14,53	|17,92	|16,89	|13,73	|16,77	|17,33	|20,71	|16,83	|14,57	|0	|19,38	|17,92	|20	|17,48	|20,78	|15,34	|17,58	|16,06	|
________________________________________________________
2	|3	|100	|1,78	|2,95	|3,05	|3,66	|0	|3,21	|2,12	|4,11	|3,26	|4,3	|1,86	|2,92	|2,65	|3,05	|25,61	|17,01	|13,11	|100	|19,59	|13,88	|17,81	|18,95	|17,44	|8,36	|12,61	|18,76	|11,36	|10,96	|15,61	|17,25	|20,12	|100	|18,15	|21,26	|19,61	|18,95	|20,2	|18,34	|16,11	|17,28	|16,88	|17,04	|19,69	|13,35	|0	|14,3	|0	|13,93	|18,02	|19,82	|24,02	|16,53	|13,54	|22,37	|14,94	|11,7	|17,04	|16,19	|0	|13,72	|19,37	|17,62	|17,83	|17,94	|16	|21,74	|15,68	|16,93	|16,64	|17,04	|
________________________________________________________
3	|2,92	|3,91	|100	|2,45	|3,56	|4,61	|3,62	|3,15	|2,92	|3,15	|3,68	|3,27	|2,74	|3,56	|5,37	|2,69	|0	|12,49	|0	|27,03	|22,07	|14,01	|19,15	|18,62	|13,84	|13,66	|12,14	|14,24	|17,16	|11,27	|17,1	|18,21	|0	|14,42	|22,36	|19,79	|20,32	|18,68	|15,06	|20,67	|16,11	|18,27	|16,46	|17,86	|20,43	|100	|9,69	|16,81	|16,46	|11,97	|19,5	|19,26	|18,74	|20,37	|14,89	|17,28	|21,13	|11,62	|15,47	|16,99	|19,32	|100	|16,52	|18,62	|18,8	|18,51	|12,26	|18,62	|15,35	|19,44	|15,24	|17,22	|
________________________________________________________
4	|3,9	|4,08	|1,54	|100	|0	|3,16	|2,87	|4,41	|1,65	|0	|2,98	|4,3	|2,02	|2,13	|4,96	|3,97	|26,57	|20,62	|0	|16,65	|0	|14,41	|18,04	|17,35	|15,29	|10,14	|14,85	|21,76	|13,05	|11,14	|17,53	|17,68	|22,42	|20,29	|16,21	|0	|18,23	|18,27	|17,16	|15,69	|22,6	|14,19	|17,27	|15,51	|19,81	|11,36	|10,25	|100	|16,91	|14,04	|20,1	|19,04	|22,16	|16,69	|14,55	|19,15	|20,03	|16,8	|15,8	|16,57	|21,54	|15,18	|100	|16,24	|18,85	|17,31	|18,96	|15,62	|18,93	|19,85	|16,65	|17,79	|
________________________________________________________
5	|3,98	|3,91	|2,07	|0	|100	|2,45	|2,04	|3,95	|2,76	|4,15	|2,01	|2,89	|4,12	|3,03	|0	|3,44	|23,23	|19,18	|15,44	|22,76	|100	|11,19	|16,56	|19,32	|15,82	|11,12	|18,64	|19,56	|18,54	|13,27	|16,67	|16,26	|17,62	|15,58	|21,29	|20,07	|15,85	|16,73	|21,22	|14,86	|100	|17,18	|18,95	|19,93	|18,03	|13,57	|14,22	|0	|9,66	|0	|20,51	|19,05	|22,59	|15,68	|11,94	|15,78	|21,26	|14,56	|17,28	|16,67	|15,78	|15,07	|21,97	|12,38	|15,24	|15,44	|21,33	|18,71	|16,36	|0	|18,61	|19,25	|
________________________________________________________
6	|2,77	|5,1	|2,92	|3,18	|2,66	|100	|2,1	|3,1	|2,18	|3,73	|2,88	|3,25	|2,44	|3,73	|4,14	|4,87	|24,93	|18,87	|12,81	|21,75	|17,91	|12,08	|100	|19,94	|16,29	|11,19	|13	|16,4	|14,07	|11,34	|19,28	|11,82	|11,96	|19,24	|16,84	|19,02	|16,06	|17,61	|17,5	|100	|17,5	|20,05	|18,57	|19,57	|18,8	|14,14	|12,92	|20,09	|16,03	|0	|13,37	|0	|22,19	|17,21	|11,78	|19,72	|19,2	|13,88	|22,42	|14,88	|12,7	|20,64	|16,69	|16,58	|15,95	|18,24	|0	|13,15	|20,64	|19,83	|19,39	|18,57	|
________________________________________________________
7	|4,04	|0	|2,79	|3,51	|2,7	|2,56	|100	|2,83	|2,16	|1,53	|2,61	|2,65	|4,36	|3,37	|3,91	|3,33	|24,58	|19,06	|14,65	|0	|12,72	|0	|19,33	|22,16	|16,81	|11,28	|12,36	|11,33	|18,07	|11,73	|16,18	|18,74	|14,88	|21,35	|20,58	|16,4	|18,16	|15,28	|0	|11,82	|20,04	|20,13	|20,49	|19,87	|17,39	|13,93	|14,07	|19,96	|100	|11,64	|15,82	|20,9	|22,52	|17,44	|12,9	|14,38	|19,69	|12,99	|15,24	|18,47	|19,69	|17,44	|16,54	|14,11	|17,03	|15,78	|20,99	|100	|17,8	|20,09	|18,88	|17,21	|
________________________________________________________
8	|4,65	|4,11	|1,83	|4,07	|3,94	|2,85	|2,14	|100	|2,27	|2,38	|1,39	|2,65	|2,31	|0	|3,43	|4,04	|24,81	|20,23	|14,73	|24,41	|21,25	|0	|12,46	|0	|16,23	|11,13	|12,53	|17,21	|15,48	|12,93	|20,81	|13,75	|21,35	|17,01	|24,17	|15,14	|17,04	|15,17	|21,38	|18,13	|15,68	|0	|17,65	|19,42	|19,89	|13	|10,62	|20,23	|13,75	|12,46	|100	|20,81	|21,79	|16,26	|12,73	|16,8	|16,5	|14,77	|18,33	|18,81	|17,85	|13,51	|18,6	|8,55	|17,72	|16,29	|20,6	|17,85	|100	|19,62	|19,65	|19,76	|
________________________________________________________
9	|6,5	|4,19	|2,62	|2,36	|4,25	|3,09	|2,52	|3,51	|100	|1,73	|1,73	|3,46	|3,51	|2,73	|3,98	|4,45	|15,78	|22,75	|14,15	|19,71	|19,23	|12,26	|16,72	|15,67	|24,32	|100	|11,74	|14,78	|19,23	|11,43	|19,76	|20,18	|20,96	|18,87	|24,84	|16,98	|100	|18,03	|16,04	|15,25	|18,45	|13,42	|17,77	|12,47	|10,17	|16,35	|11,9	|15,25	|13,84	|10,8	|15,57	|16,77	|0	|10,48	|0	|22,59	|22,27	|13,42	|18,45	|18,97	|17,71	|17,24	|18,97	|14,68	|15,25	|0	|17,66	|16,14	|19,5	|17,56	|21,75	|15,93	|
________________________________________________________
10	|3,75	|5,59	|1,95	|0	|4,4	|3,64	|1,23	|2,52	|1,19	|100	|2,67	|3,57	|2,92	|3,43	|0	|3,21	|20,7	|16,37	|14,61	|25,17	|20,84	|17,89	|15,76	|15,98	|20,16	|10,03	|11,58	|100	|17,06	|14,57	|20,7	|19,55	|21,38	|19,26	|21,82	|100	|17,49	|20,66	|18,1	|14,86	|19,29	|18,14	|16,88	|17,24	|16,44	|11,18	|13,09	|19,11	|9,7	|11,5	|15,94	|16,48	|27,7	|20,66	|0	|14,82	|0	|14,35	|17,6	|19,37	|17,42	|16,95	|0	|12,3	|20,23	|20,77	|17,89	|15,72	|15,04	|22,32	|16,88	|18,03	|
________________________________________________________
11	|0	|5,25	|2,69	|3,46	|2,52	|3,33	|2,48	|1,75	|1,41	|3,16	|100	|3,03	|2,3	|4,82	|5,12	|2,9	|19,33	|21,13	|15,54	|20,83	|16,9	|12,89	|16,56	|16,47	|0	|6,32	|0	|19,8	|15,58	|12,42	|19,29	|20,27	|19,16	|19,25	|0	|14,85	|20,15	|22,36	|17,33	|14,9	|14,55	|24,58	|15,71	|20,27	|19,38	|13,91	|13,15	|18,01	|12,51	|12,51	|16,35	|17,16	|26,38	|100	|11,95	|20,7	|23,09	|13,79	|19,21	|18,65	|19,59	|17,46	|18,18	|100	|16,26	|19,89	|18,82	|17,03	|9,9	|21,47	|15,15	|19,72	|
________________________________________________________
12	|3,49	|4,91	|1,7	|3,55	|2,58	|2,67	|1,79	|2,37	|2	|3	|2,15	|100	|0	|3,09	|3,43	|4,06	|22,83	|17,25	|13,49	|23,44	|15,19	|13,34	|16,01	|17,74	|20,1	|12,77	|0	|14,46	|0	|11,83	|18,83	|19,74	|20,01	|19,83	|21,74	|21,86	|14,65	|0	|18,34	|16,28	|16,13	|14,83	|21,62	|14,13	|19,07	|10,92	|11,43	|20,53	|10,01	|11,28	|15,98	|16,68	|25,77	|17,8	|11,4	|100	|20,92	|15,31	|18,83	|18,13	|17,62	|16,86	|18,04	|15,01	|100	|18,04	|18,34	|16,07	|16,49	|17,65	|20,04	|19,92	|
________________________________________________________
13	|3,1	|2,9	|1,95	|2,28	|5,01	|2,73	|4,01	|2,81	|2,77	|3,35	|2,24	|0	|100	|2,28	|2,4	|3,77	|23,51	|15,65	|13,25	|15,36	|21,52	|13,25	|15,98	|18,38	|18,54	|12,04	|15,27	|19,21	|100	|11,22	|16,89	|21,07	|18,38	|16,6	|19,83	|16,85	|19,08	|18,5	|20,28	|15,27	|21,98	|15,07	|100	|20,86	|16,35	|11,3	|12,96	|12,38	|18,75	|12,21	|15,02	|18,46	|25,83	|18,92	|14,69	|0	|11,92	|0	|20,2	|20,41	|15,89	|14,86	|18,58	|12,83	|21,4	|13,45	|21,81	|19,04	|21,48	|19,91	|13,12	|0	|
________________________________________________________
14	|2,39	|4,04	|2,24	|2,13	|3,27	|3,71	|2,76	|0	|1,91	|3,49	|4,15	|3,75	|2,02	|100	|3,57	|3,09	|21,99	|16,21	|13,86	|22,21	|17,46	|15,4	|19,08	|18,38	|19,52	|12,32	|12,02	|19,63	|14,56	|10,37	|100	|20,62	|17,61	|16,32	|13,75	|19,38	|15,92	|20,51	|19,67	|16,14	|18,49	|100	|15,85	|21,43	|17,61	|10,62	|11,54	|16,1	|13,31	|14,34	|21,69	|12,43	|26,07	|18,42	|13,79	|22,21	|21,03	|0	|12,39	|0	|16,29	|14,89	|12,94	|20,66	|15,74	|20,62	|19,93	|17,43	|0	|15,62	|19,89	|20,4	|
________________________________________________________
15	|2,61	|3,3	|3,04	|4,46	|0	|3,7	|2,87	|3,33	|2,51	|0	|3,96	|3,73	|1,91	|3,2	|100	|2,64	|19,97	|16,83	|11,55	|18,61	|20,69	|15,97	|17,03	|16,63	|19,6	|12,81	|14,75	|0	|9,11	|0	|20,96	|21,22	|17,59	|16,9	|16,63	|22,18	|17,99	|16,07	|20,1	|17,23	|0	|13,89	|19,67	|20,66	|16,04	|12,57	|15,74	|19,8	|14,19	|15,02	|15,58	|15,84	|24,22	|18,98	|14,36	|22,31	|100	|12,05	|16,47	|20,66	|15,74	|14,13	|20,46	|16,4	|14,75	|14,72	|20,43	|18,51	|19,57	|100	|16,86	|20,13	|
________________________________________________________
16	|3,97	|3,87	|1,55	|3,64	|3,4	|4,45	|2,49	|4,01	|2,86	|3	|2,29	|4,51	|3,07	|2,83	|2,69	|100	|22,2	|17,31	|12,46	|20,95	|17,21	|14,08	|21,66	|14,99	|19,2	|12,29	|13,07	|19	|17,41	|0	|12,23	|0	|17,88	|16,77	|20,95	|17,51	|22,09	|13,14	|20,78	|17,82	|20,07	|19	|14,69	|0	|17,08	|11,01	|9,83	|18,86	|12,16	|13,44	|18,59	|11,86	|24,76	|18,76	|12,56	|21,29	|17,99	|12,26	|100	|20,75	|17,08	|15,26	|16,64	|13,44	|19,13	|11,42	|19,87	|19,16	|19,7	|17,38	|100	|19,23	|
________________________________________________________
17	|3,43	|4,38	|0	|3,28	|3,1	|3,06	|2,48	|3,31	|1,36	|2,6	|2,05	|3,41	|2,58	|2,71	|2,74	|2,99	|100	|18,5	|14,18	|23,18	|19,21	|13,89	|18,86	|19,03	|17,88	|7,9	|11,77	|16,58	|14,74	|11,61	|16,74	|16,83	|18,09	|17,14	|18,88	|16,6	|16,49	|16,4	|18,11	|15,1	|17,03	|15,91	|16,85	|16,84	|14,76	|0	|13,58	|19,03	|15,09	|13,44	|18,77	|18,98	|24,93	|15,04	|13,31	|18,19	|16,75	|11,66	|16,34	|16,31	|16,7	|14,98	|16,07	|14,12	|16,38	|16,01	|18,24	|15,88	|17,27	|16,25	|16,42	|17,11	|
________________________________________________________
18	|19,32	|3,85	|1,28	|3,37	|3,38	|3,07	|2,54	|3,58	|2,6	|2,72	|2,97	|3,41	|2,27	|2,65	|3,06	|3,08	|24,48	|100	|11,99	|23,18	|19,84	|13,81	|18,75	|19,04	|19,67	|14,36	|11,91	|16,78	|14,5	|11,06	|16,8	|16,81	|18,21	|17,22	|19,32	|16,6	|16,67	|16,41	|17,97	|15,04	|16,94	|16,28	|16,14	|17,05	|0	|9,18	|0	|19,11	|15,39	|13,05	|19,19	|19	|19,31	|20,37	|12,02	|18,66	|16,86	|12,23	|16,64	|16,34	|16,38	|14,69	|16,84	|14,09	|16,77	|16,08	|18,29	|16,28	|17,31	|17,1	|16,68	|17,06	|
________________________________________________________
19	|3,09	|3,96	|0	|0	|3,64	|2,78	|2,61	|3,48	|2,17	|3,25	|2,92	|3,57	|2,57	|3,02	|2,81	|2,97	|25,08	|16,03	|100	|20,62	|20,93	|14,7	|18,34	|18,76	|18,38	|9,15	|14,45	|16,32	|15,34	|11,14	|16,72	|17,12	|22,68	|17,3	|19,62	|20,57	|19,02	|18,55	|19,88	|12,7	|17,03	|16,78	|16,65	|17,17	|19,58	|0	|9,5	|0	|16,6	|13,31	|18,51	|18,41	|23,92	|16,27	|13,39	|17,9	|16,74	|11,46	|16,4	|16,86	|20,29	|0	|0	|17,67	|18,02	|18,19	|21,14	|16,41	|16,93	|16,48	|16,68	|16,4	|
________________________________________________________
20	|3,33	|18,62	|2,29	|2,24	|3,31	|2,91	|0	|3,55	|1,86	|3,45	|2,41	|3,82	|1,83	|2,99	|2,79	|3,07	|25,27	|19,1	|12,71	|100	|19,98	|13,95	|18,29	|18,61	|16,64	|10,74	|11	|18,97	|11,37	|11,23	|16,43	|16,54	|17,81	|18,62	|18,98	|17,66	|17,15	|16,87	|17,58	|15,14	|16,67	|16,63	|16,5	|16,76	|18,77	|12,99	|0	|14,14	|0	|14,26	|18,76	|18,89	|22,66	|16,69	|12,24	|21,72	|14,77	|12,46	|16,57	|16,54	|16,15	|14,97	|16,02	|14,54	|16,68	|16,43	|18,55	|16,15	|17,02	|17,12	|16,3	|17	|
________________________________________________________
21	|3,94	|4,27	|2,19	|0	|17,03	|2,81	|1,64	|3,63	|2,13	|3,35	|2,29	|2,9	|3,01	|2,75	|3,63	|2,96	|24,53	|19,15	|15,11	|23,42	|100	|11,95	|19,22	|18,31	|16,25	|10,96	|13,8	|19,06	|17,72	|10,97	|16,89	|16,7	|17,7	|16,97	|19,4	|17,28	|16,43	|16,37	|17,51	|14,98	|17,03	|15,79	|16,6	|17,06	|18,61	|13,08	|13,12	|0	|10,62	|0	|19,13	|18,88	|23,29	|16,79	|12,19	|15,41	|21,15	|12,24	|16,82	|16,42	|15,78	|15,16	|16,73	|13,9	|16,19	|16,1	|18,1	|15,83	|17,6	|16,43	|16,64	|16,73	|
________________________________________________________
22	|3,56	|4,26	|1,96	|3,19	|2,68	|2,66	|0	|0	|1,91	|4,04	|2,46	|3,59	|2,61	|3,41	|3,94	|3,41	|24,97	|18,76	|14,94	|23	|16,81	|100	|17	|19,46	|16,91	|10,81	|12,26	|18,48	|13,02	|13,29	|16,56	|16,53	|17,36	|16,82	|16,91	|18,26	|16,68	|16,53	|21,66	|15,58	|17,3	|19,74	|18,73	|18,78	|18,59	|12,87	|12,86	|19,74	|0	|10,47	|0	|20,36	|22,38	|16,37	|12,14	|19,82	|17,55	|12,99	|16,09	|17,14	|16,53	|15,25	|16,53	|15,56	|16,38	|16,37	|22,69	|0	|0	|20,43	|18,95	|18,68	|
________________________________________________________
23	|3,72	|4,06	|1,99	|2,97	|2,95	|16,39	|2,6	|2,22	|1,93	|2,65	|2,35	|3,2	|2,34	|3,14	|3,12	|3,89	|25,18	|18,92	|13,84	|22,4	|20,09	|12,63	|100	|19,63	|16,46	|10,27	|12,22	|16,08	|15,35	|9,93	|19,19	|12,03	|18,13	|16,38	|19,6	|17,05	|16,67	|16,38	|17,26	|16,39	|17,3	|16,43	|16,8	|17,4	|18,84	|13,04	|12,42	|18,89	|15,42	|0	|13,21	|0	|22,66	|16,61	|12,27	|18,44	|17,14	|12,09	|20,52	|14,72	|16,31	|15,36	|16,16	|13,96	|16,74	|16,7	|17,43	|16	|17,23	|16,93	|17,02	|16,61	|
________________________________________________________
24	|3,6	|4,31	|1,93	|2,85	|3,43	|3,26	|2,98	|0	|1,8	|2,67	|2,33	|3,53	|2,68	|3,02	|3,04	|2,69	|25,33	|19,16	|14,12	|22,73	|19,09	|14,41	|19,57	|100	|16,32	|10,39	|11,87	|16,19	|14,82	|12,12	|18,62	|19,47	|18,1	|16,85	|18,91	|17,01	|16,96	|17,03	|17,37	|14,79	|16,93	|15,92	|16,7	|17	|18,51	|12,72	|12,19	|18,62	|15,63	|14,15	|0	|8,03	|23,14	|16,59	|11,92	|18,68	|16,85	|11,92	|14,32	|21,11	|16,58	|15,39	|16,09	|13,84	|16,54	|16,18	|17,87	|16,4	|16,87	|16,8	|15,97	|16,41	|
________________________________________________________
25	|3,87	|3,97	|1,43	|2,51	|2,81	|2,66	|2,26	|2,89	|2,8	|3,38	|0	|4,01	|2,71	|3,21	|3,59	|3,44	|23,83	|19,82	|13,84	|20,35	|16,96	|12,54	|16,43	|16,34	|100	|14,22	|14,5	|18,9	|16,56	|12,53	|19,02	|19,11	|18,76	|17,19	|18,88	|16,79	|16,71	|16,46	|17,58	|15,37	|16,94	|16,39	|16,68	|16,84	|20,28	|9,37	|10,7	|16,54	|13,32	|11,61	|16,78	|16,62	|19,95	|0	|14,7	|21,75	|19,83	|13	|19	|18,72	|16,49	|14,57	|16,32	|14,45	|16,35	|15,8	|18,22	|16,12	|16,79	|16,86	|16,94	|17	|
________________________________________________________
26	|4,53	|2,97	|2,21	|2,61	|3,09	|2,86	|2,37	|3,1	|18,02	|2,62	|1,4	|3,98	|2,75	|3,16	|3,66	|3,45	|16,45	|22,59	|10,77	|20,51	|17,87	|12,53	|16,02	|16,26	|22,22	|100	|12,27	|18,59	|16,62	|12,54	|18,85	|19,74	|18,53	|16,6	|19,41	|16,72	|18,02	|16,42	|17,22	|15,11	|16,91	|16,51	|16,1	|16,51	|10,64	|16,24	|10,58	|16,53	|13,56	|10,88	|16,32	|17	|0	|10,68	|0	|21,95	|19,97	|13,51	|18,87	|19,31	|17,01	|14,78	|16,69	|13,56	|16,49	|16,49	|17,93	|16,47	|16,77	|16,96	|16,67	|17,28	|
________________________________________________________
27	|3,68	|3,98	|1,74	|3,39	|4,6	|2,95	|2,31	|3,09	|1,88	|2,69	|0	|0	|3,09	|2,74	|3,75	|3,25	|21,77	|16,66	|15,11	|18,66	|19,98	|12,61	|16,93	|16,49	|20,12	|10,9	|100	|16,4	|18,37	|13,44	|18,11	|18,18	|21,01	|18,77	|22,47	|16,53	|16,15	|21,09	|17,56	|15,07	|18,87	|14,23	|16,54	|17,24	|16,39	|11,15	|12,56	|16,15	|15,22	|11,6	|16,83	|16,54	|27,97	|0	|10,31	|0	|20,43	|13,4	|17,96	|17,31	|18,69	|16,06	|20,48	|0	|0	|20,66	|18	|16,2	|18,37	|16,92	|16,25	|16,65	|
________________________________________________________
28	|3,16	|4,3	|1,48	|3,6	|3,5	|2,7	|1,53	|3,08	|1,71	|16,86	|2,82	|2,9	|2,82	|3,25	|0	|3,43	|22,23	|17,01	|12,37	|23,34	|20,01	|13,79	|16,15	|16,31	|19,02	|11,97	|11,89	|100	|17,94	|13,69	|19,23	|19,3	|18,55	|17,08	|18,74	|16,86	|16,69	|16,92	|17,8	|14,95	|17,23	|16,03	|16,77	|16,87	|16,69	|11,21	|11,03	|20,61	|9,81	|11,62	|16,63	|16,92	|25,61	|18,72	|0	|15,04	|0	|14,45	|18,44	|18,92	|16,5	|14,8	|16,6	|14,3	|16,63	|16,07	|18,49	|15,76	|17,46	|16,46	|16,49	|17,29	|
________________________________________________________
29	|3,31	|2,91	|2	|2,41	|3,7	|2,59	|2,73	|3,1	|2,49	|3,21	|2,48	|0	|16,42	|2,69	|1,88	|3,51	|22,08	|16,42	|13	|15,63	|20,79	|10,86	|17,23	|16,68	|18,62	|11,96	|14,88	|20,04	|100	|11,42	|19,11	|19,46	|17,92	|16,85	|20,1	|16,67	|16,58	|15,69	|17,39	|14,83	|17,18	|15,7	|16,42	|17,11	|16,08	|11,31	|12,24	|12,98	|18,2	|11,29	|16,53	|16,58	|25,03	|18,44	|14,41	|0	|11,8	|0	|18,9	|18,85	|16,36	|14,16	|17,32	|13,21	|16,07	|16,05	|18,14	|15,78	|17,48	|16,38	|15,99	|17,4	|
________________________________________________________
30	|3,33	|3,72	|1,74	|2,73	|3,51	|2,77	|2,35	|3,43	|1,96	|3,64	|2,62	|3,51	|2,44	|2,54	|0	|0	|23,08	|16,62	|12,52	|20,48	|17,07	|14,7	|14,79	|18,1	|18,68	|11,97	|14,44	|20,29	|15,15	|100	|18,35	|19,05	|18,25	|17,03	|18,87	|16,85	|14,52	|19,4	|20,13	|16,69	|21,04	|16,6	|16,46	|20,17	|16,47	|11,55	|11,51	|16,55	|13,45	|13,47	|16,82	|18,49	|25,71	|18,52	|14,63	|21,99	|0	|9,96	|0	|19,36	|16,6	|14,77	|16,93	|14,15	|15,22	|18,92	|20,62	|17,84	|20,6	|0	|0	|20,73	|
________________________________________________________
31	|3,28	|3,55	|1,77	|2,88	|2,96	|3,16	|2,18	|3,71	|2,28	|3,47	|2,73	|3,75	|2,47	|16,44	|3,84	|2,19	|22,31	|16,92	|12,6	|20,1	|17,62	|12,28	|19,16	|18,64	|19,02	|12,06	|13,05	|19,11	|17	|12,31	|100	|21,07	|18,65	|16,81	|19,12	|17,33	|17,14	|16,93	|17,69	|14,7	|16,77	|16,44	|16,83	|16,95	|16,66	|11,1	|11,27	|16,46	|13,31	|11,61	|21,77	|14,2	|26,03	|19,45	|13,66	|20,95	|19,82	|0	|12	|0	|16,56	|15,15	|16,36	|14,43	|15,97	|16,51	|17,89	|15,81	|16,93	|17,42	|16,66	|16,71	|
________________________________________________________
32	|3,22	|3,89	|1,87	|2,88	|2,86	|1,92	|2,5	|2,43	|2,31	|3,25	|2,84	|3,9	|3,05	|3,36	|3,85	|0	|22,23	|16,79	|12,78	|20,04	|17,27	|12,15	|11,91	|19,32	|18,94	|12,52	|12,98	|19,01	|17,15	|12,66	|20,88	|100	|18,36	|17,51	|18,76	|17,03	|17,31	|16,35	|17,66	|14,86	|16,71	|16,08	|16,98	|16,3	|16,35	|11,57	|11,49	|16,56	|13,82	|13,08	|14,25	|21,48	|25,88	|18,77	|13,5	|21,39	|19,84	|14,24	|0	|8,78	|16,64	|14,86	|16,45	|14,03	|16,33	|16,1	|18,21	|15,97	|17	|17,51	|16,53	|16,22	|
________________________________________________________
33	|3,97	|4,13	|0	|3,32	|2,82	|1,76	|1,8	|3,43	|2,18	|3,23	|2,45	|3,6	|2,42	|2,61	|2,9	|2,89	|21,73	|16,54	|15,4	|19,63	|16,65	|11,6	|16,31	|16,34	|16,91	|10,69	|13,65	|16,62	|14,36	|11,03	|16,81	|16,7	|100	|18,84	|22,51	|18,75	|19,13	|18,85	|20,63	|10,1	|17,14	|16,01	|16,06	|17,07	|16,68	|11,08	|13,31	|16,56	|13,13	|13,29	|17,13	|16,63	|22,79	|16,71	|13,77	|19,02	|17,11	|11,32	|16,67	|16,41	|14,79	|0	|19,02	|15,89	|18,36	|18,62	|23,52	|14,11	|17,31	|16,47	|17,08	|16,68	|
________________________________________________________
34	|3,23	|22,12	|1,45	|3,24	|2,69	|3,06	|2,79	|2,94	|2,11	|3,13	|2,65	|3,84	|2,35	|2,61	|3,01	|2,92	|22,18	|16,85	|12,66	|22,12	|17,2	|12,12	|15,88	|16,39	|16,7	|10,32	|13,14	|16,49	|14,56	|11,09	|16,33	|17,16	|20,3	|100	|21,23	|19,2	|18,92	|19,18	|20,29	|17,47	|17,33	|16,45	|16,88	|16,89	|16,54	|11,28	|0	|16,57	|13,16	|11,45	|16,44	|16,54	|22,92	|16,54	|13,75	|18,98	|16,74	|11,73	|16,6	|16,42	|0	|13,44	|19,01	|15,82	|18,36	|18,89	|16,15	|21,11	|16,98	|16,87	|16,85	|17,19	|
________________________________________________________
35	|16,83	|3,58	|2	|2,31	|3,27	|2,38	|2,39	|3,72	|2,48	|3,16	|0	|3,75	|2,5	|1,96	|2,63	|3,25	|21,76	|16,83	|12,79	|20,08	|17,51	|10,85	|16,92	|16,37	|16,33	|10,75	|14,01	|16,11	|15,46	|10,95	|16,54	|16,38	|21,6	|18,9	|100	|18,64	|19,42	|18,61	|17,63	|14,81	|18,87	|12,01	|16,72	|16,79	|16,01	|10,96	|0	|16,3	|13,67	|11,84	|17	|16,18	|22,68	|16,87	|14,9	|17,38	|17,49	|12,81	|16,58	|16,67	|18,95	|16,72	|14,58	|0	|19	|18,77	|18,12	|16,43	|21,68	|14,86	|16,74	|16,57	|
________________________________________________________
36	|3,59	|4,75	|2,01	|0	|3,5	|3,05	|2,16	|2,65	|1,92	|16,45	|2,06	|4,28	|2,41	|3,13	|3,99	|3,08	|21,72	|16,41	|15,21	|21,18	|17,7	|13,29	|16,7	|16,71	|16,48	|10,5	|11,69	|16,45	|14,55	|11,09	|17,01	|16,86	|20,41	|19,4	|21,14	|100	|19,41	|19,04	|17,82	|15,27	|18,84	|18,46	|16,45	|16,75	|16,83	|11,04	|13,44	|16	|13,01	|11,22	|16,67	|16,49	|22,9	|16,44	|0	|18,98	|16,68	|11,89	|16,65	|16,48	|18,59	|16,94	|0	|12,25	|19,63	|19,3	|18,33	|16,87	|14,7	|22,5	|16,89	|17	|
________________________________________________________
37	|3,91	|4,42	|2,08	|2,97	|2,79	|2,6	|2,42	|3	|11,41	|2,9	|2,82	|2,89	|2,76	|2,59	|3,26	|3,92	|21,76	|16,62	|14,18	|20,76	|16,97	|12,25	|16,47	|16,8	|16,54	|11,41	|11,52	|16,42	|14,6	|9,64	|16,97	|17,29	|21,01	|19,28	|22,22	|19,58	|100	|18,43	|17,86	|15,07	|16,61	|16,27	|19,02	|11,76	|16,73	|11,5	|12,2	|16,33	|13,14	|11,87	|16,45	|16,66	|22,65	|16,82	|0	|18,66	|17,37	|11,87	|16,94	|16,93	|19,22	|16,82	|18,62	|16,25	|14,67	|0	|18,43	|16,25	|17,01	|17,71	|21,7	|14,44	|
________________________________________________________
38	|3,71	|4,29	|1,92	|2,98	|2,95	|2,86	|2,04	|2,68	|2,06	|3,44	|3,15	|0	|2,68	|3,35	|2,92	|2,34	|21,71	|16,42	|13,88	|20,49	|16,96	|12,18	|16,24	|16,93	|16,35	|10,44	|15,1	|16,7	|13,86	|12,92	|16,81	|16,39	|20,77	|19,61	|21,37	|19,27	|18,49	|100	|17,97	|15,16	|17,16	|16,63	|19,11	|19,17	|16,87	|11,58	|11,87	|16,45	|12,86	|11,53	|16,17	|16,56	|22,65	|16,8	|14,37	|18,26	|16,5	|11,56	|15,86	|16,19	|18,81	|17,18	|18,14	|16,25	|0	|14,8	|18,33	|16,25	|16,93	|16,67	|14,25	|21,61	|
________________________________________________________
39	|3,57	|4,31	|1,46	|2,64	|3,53	|2,68	|0	|3,57	|1,73	|2,84	|2,3	|3,43	|2,77	|3,03	|3,45	|3,49	|22,62	|16,96	|14,03	|20,13	|17,12	|15,05	|16,15	|16,29	|16,47	|10,33	|11,86	|16,57	|14,5	|12,65	|16,57	|16,7	|21,44	|19,57	|19,09	|17,01	|16,9	|16,95	|100	|15,72	|19,38	|18,15	|18,82	|18,83	|16,17	|11,57	|10,74	|16,59	|13,67	|14,35	|16,19	|16	|22,99	|16,7	|12,47	|19,01	|17,01	|13,84	|16,56	|16,37	|21,68	|12,28	|16,37	|14,13	|16,15	|16,52	|17,99	|0	|19,73	|19,25	|19,27	|19,18	|
________________________________________________________
40	|2,83	|4,57	|2,34	|2,83	|2,89	|17,93	|1,74	|3,54	|1,93	|2,73	|2,31	|3,55	|2,44	|2,91	|3,46	|3,5	|22,04	|16,6	|10,48	|20,28	|17,13	|12,66	|17,93	|16,23	|16,83	|10,59	|11,9	|16,28	|14,45	|12,26	|16,1	|16,43	|12,27	|19,7	|18,75	|17,04	|16,68	|16,72	|18,38	|100	|19,2	|18,08	|18,62	|18,87	|16,41	|11,27	|10,98	|16,5	|13,39	|0	|16,51	|16,24	|22,53	|17,04	|11,94	|18,78	|17,24	|13,78	|17,21	|16,66	|12,9	|20,85	|17,02	|14,38	|16,58	|16,48	|0	|13,29	|19,63	|19,14	|18,89	|19,09	|
________________________________________________________
41	|3,62	|3,57	|1,62	|3,62	|17,28	|2,79	|2,62	|2,72	|2,07	|3,15	|2	|3,13	|3,12	|2,96	|0	|3,5	|22,07	|16,6	|12,48	|19,83	|17,28	|12,48	|16,8	|16,48	|16,48	|10,53	|13,23	|16,65	|14,86	|13,73	|16,31	|16,41	|18,5	|17,35	|21,22	|18,67	|16,32	|16,81	|20,12	|17,05	|100	|18,23	|19,21	|19,46	|16,8	|10,98	|11,09	|16,29	|12,98	|0	|16,38	|16,38	|22,47	|16,5	|12,52	|18,44	|16,97	|14,03	|16,31	|16,22	|16,52	|14,62	|21,13	|11,85	|16,11	|16,18	|20,63	|18,31	|15,19	|0	|19,01	|19,42	|
________________________________________________________
42	|2,5	|4,02	|1,93	|2,38	|3,12	|3,35	|2,77	|0	|1,58	|3,11	|3,56	|3,02	|2,25	|16,79	|2,6	|3,48	|21,66	|16,76	|12,92	|20,77	|16,83	|14,95	|16,76	|16,29	|16,75	|10,8	|10,48	|16,27	|14,27	|11,37	|16,79	|16,58	|18,14	|17,3	|14,19	|19,22	|16,79	|17,1	|19,79	|16,86	|19,14	|100	|18,74	|19,58	|16,22	|11,34	|12,04	|16,83	|13,61	|14,31	|16,55	|16,43	|22,63	|16,91	|11,95	|18,64	|16,91	|0	|16,67	|16,64	|16,34	|14,42	|13,8	|19,79	|16,68	|17,05	|20,58	|18,3	|0	|14,45	|19,01	|19,46	|
________________________________________________________
43	|3,25	|3,82	|1,7	|2,83	|3,35	|3,02	|2,74	|3,13	|2,04	|2,81	|2,21	|4,29	|14,52	|2,59	|3,58	|2,62	|22,33	|16,18	|12,48	|20,07	|17,23	|13,82	|16,69	|16,63	|16,59	|10,25	|11,85	|16,58	|14,52	|10,98	|16,74	|17,05	|17,73	|17,28	|19,22	|16,67	|19,12	|19,14	|19,97	|16,91	|19,64	|18,25	|100	|19,6	|16,3	|11,29	|10,79	|16,86	|13,69	|12,9	|16,1	|16,46	|23,44	|16,9	|11,99	|18,56	|17,34	|0	|16,02	|16,57	|16,1	|15,08	|16,51	|14,04	|21,45	|14,44	|21,06	|18,32	|19,27	|19,18	|14,5	|0	|
________________________________________________________
44	|3,16	|3,81	|1,82	|2,5	|3,48	|3,15	|2,62	|3,39	|1,41	|2,84	|2,82	|2,77	|2,99	|3,46	|3,71	|0	|22,04	|16,87	|12,71	|20,12	|17,48	|13,68	|17,06	|16,71	|16,53	|10,38	|12,2	|16,47	|14,94	|13,28	|16,65	|16,15	|18,6	|17,08	|19,06	|16,76	|11,66	|18,95	|19,74	|16,91	|19,64	|18,82	|19,35	|100	|16,73	|11,37	|11,12	|16,57	|13,42	|12,96	|16,73	|16,18	|23,14	|16,8	|13,77	|18,44	|16,85	|14,23	|16,06	|15,6	|16,42	|14,58	|16,62	|14,27	|14,12	|21,57	|20,78	|18,23	|18,99	|19,19	|0	|14,41	|
________________________________________________________
45	|0	|4,49	|2,12	|3,26	|3,21	|3,08	|2,34	|3,55	|1,17	|2,76	|2,75	|3,81	|2,39	|2,9	|2,94	|3,07	|19,7	|0	|14,77	|22,97	|19,44	|13,8	|18,83	|18,55	|20,3	|6,82	|11,82	|16,61	|14,32	|11,05	|16,68	|16,52	|18,53	|17,04	|18,52	|17,16	|16,91	|17	|17,28	|15	|17,29	|15,9	|16,41	|17,06	|100	|13,95	|13,41	|18,99	|15,02	|13,02	|19,2	|19,13	|26,06	|19,61	|13,12	|18,85	|16,88	|11,66	|16,93	|17,01	|16,38	|15,08	|16,31	|13,9	|16,27	|16,14	|17,97	|16,13	|17,1	|16,84	|16,53	|17	|
________________________________________________________
46	|2,56	|4,45	|15,15	|2,73	|3,53	|3,39	|2,74	|3,39	|2,76	|2,74	|2,88	|3,18	|2,41	|2,56	|3,37	|2,89	|0	|13,53	|0	|23,24	|19,98	|13,97	|19,05	|18,63	|13,72	|15,21	|11,75	|16,31	|14,72	|11,34	|16,25	|17,09	|17,99	|16,99	|18,54	|16,46	|17	|17,07	|18,07	|15,05	|16,51	|16,25	|16,62	|16,94	|20,39	|100	|10,61	|19,06	|15,37	|13,28	|18,85	|19,23	|17,97	|20,21	|11,3	|18,88	|17,85	|12,08	|16,14	|16,6	|16,89	|15,15	|16,35	|14,28	|17,24	|16,99	|18,46	|16,48	|17,04	|17,62	|16,62	|17,13	|
________________________________________________________
47	|0	|0	|1,51	|2,54	|3,81	|3,19	|2,85	|2,85	|2,07	|3,31	|2,81	|3,44	|2,85	|2,86	|4,35	|2,66	|27,29	|0	|10,79	|0	|20,64	|14,38	|18,7	|18,41	|16,13	|10,21	|13,65	|16,53	|16,42	|11,64	|16,98	|17,48	|22,26	|0	|0	|20,65	|18,59	|18,02	|17,28	|15,12	|17,19	|17,78	|16,36	|17,07	|20,19	|10,93	|100	|16,52	|16,36	|13,75	|17,56	|18,73	|22,9	|16,97	|14,39	|17,01	|18,96	|12,46	|15,92	|16,39	|20,24	|14,66	|16,31	|17,96	|17,93	|18,36	|18,89	|16,43	|15,02	|18,52	|16,42	|16,11	|
________________________________________________________
48	|4,03	|3,25	|1,74	|16,43	|0	|3,28	|2,68	|3,6	|1,76	|3,2	|2,55	|4,09	|1,8	|2,64	|3,62	|3,38	|25,33	|19,23	|0	|17,27	|0	|14,62	|18,83	|18,62	|16,52	|10,57	|11,63	|20,46	|11,53	|11,08	|16,44	|16,7	|18,36	|17,04	|18,82	|16,28	|16,47	|16,54	|17,69	|15,05	|16,73	|16,46	|16,93	|16,86	|18,95	|13,01	|10,94	|100	|16,09	|14,44	|18,96	|18,68	|23,03	|17	|12,28	|21,78	|20,11	|13,07	|16,55	|16,99	|16,4	|14,97	|16,43	|14,39	|16,78	|16,41	|18,5	|16,14	|16,98	|17,14	|16,52	|17,02	|
________________________________________________________
49	|3,85	|0	|2,09	|3,42	|2,11	|3,22	|16,52	|3,01	|1,96	|2	|2,18	|2,45	|3,36	|2,69	|3,19	|2,68	|24,72	|19,05	|15,37	|0	|13,61	|0	|18,91	|19,23	|16,37	|10,66	|13,48	|11,99	|19,89	|11,08	|16,35	|17,14	|17,9	|16,64	|19,41	|16,29	|16,31	|15,91	|17,93	|15,02	|16,4	|16,37	|16,92	|16,79	|18,43	|12,91	|13,34	|19,79	|100	|11,84	|18,74	|19	|23,54	|16,7	|12,4	|13,68	|20,55	|10,91	|16,51	|16,26	|16,07	|14,65	|16,17	|13,6	|16,43	|16,36	|17,99	|16,52	|17,59	|16,5	|16,43	|16,24	|
________________________________________________________
50	|3,87	|4,5	|1,76	|3,28	|0	|0	|2,22	|3,15	|1,77	|2,74	|2,51	|3,19	|2,53	|3,34	|3,9	|3,42	|25,42	|18,66	|14,23	|24,75	|0	|11,02	|0	|20,11	|16,47	|9,88	|11,86	|16,39	|14,25	|12,82	|16,47	|18,73	|20,92	|16,72	|19,41	|16,22	|17,01	|16,47	|21,74	|0	|0	|19,88	|18,4	|18,73	|18,45	|12,88	|12,94	|20,51	|13,68	|100	|17,39	|20,38	|22,55	|17,15	|12,79	|18,47	|17,33	|13,93	|14,98	|17,88	|19,13	|12,48	|16,7	|14,15	|16,42	|16,6	|21,98	|16,51	|17,38	|21,01	|18,88	|18,82	|
________________________________________________________
51	|3,72	|4,1	|2,02	|3,3	|3,64	|2,19	|2,13	|17,79	|1,79	|2,67	|2,31	|3,18	|2,19	|3,56	|2,85	|3,33	|25	|19,32	|13,94	|22,93	|19,95	|0	|13,18	|0	|16,77	|10,44	|12,12	|16,52	|14,69	|11,27	|21,76	|14,37	|18,99	|16,92	|19,64	|16,98	|16,6	|16,27	|17,27	|15,06	|16,83	|16,19	|16,17	|17,03	|19,17	|12,87	|11,64	|18,97	|15,24	|12,25	|100	|20,07	|22,94	|16,52	|12,42	|18,09	|16,93	|11,74	|18,94	|18,14	|16,16	|15,25	|16,73	|13,94	|16,66	|16,85	|17,67	|16,16	|17,79	|16,69	|16,25	|16,76	|
________________________________________________________
52	|3,5	|4,48	|1,98	|3,11	|3,36	|0	|2,79	|3,68	|1,92	|2,74	|2,41	|3,3	|2,68	|2,03	|2,88	|2,11	|25,13	|19,02	|13,78	|22,94	|19,57	|15	|0	|7,98	|16,51	|10,8	|11,84	|16,7	|14,65	|12,32	|14,1	|21,53	|18,33	|16,91	|18,57	|16,69	|16,72	|16,56	|16,96	|14,72	|16,73	|15,97	|16,44	|16,36	|18,99	|13,05	|12,34	|18,58	|15,36	|14,27	|19,95	|100	|22,01	|17,16	|12,25	|18,21	|17,05	|11,74	|11,92	|18,9	|16,8	|15,68	|16,35	|14,39	|16,14	|16,34	|17,73	|15,98	|16,95	|16,75	|16,78	|16,81	|
________________________________________________________
53	|2,78	|3,98	|1,41	|2,65	|2,92	|2,64	|2,2	|2,82	|0	|3,38	|2,72	|3,74	|2,74	|3,12	|3,23	|3,23	|24,17	|14,15	|13,11	|20,16	|17,68	|12,08	|16,46	|16,86	|14,51	|0	|14,66	|18,52	|16,19	|12,54	|18,93	|19	|18,4	|17,17	|19,07	|16,98	|16,65	|16,59	|17,86	|14,96	|16,81	|16,11	|17,14	|17,15	|18,94	|8,93	|11,05	|16,77	|13,94	|11,56	|16,7	|16,12	|100	|19,2	|13,64	|21,73	|19,07	|13,3	|18,58	|18,82	|16,43	|15,08	|16,22	|14,19	|16,36	|16,19	|18,48	|15,82	|17,02	|16,77	|16,58	|16,81	|
________________________________________________________
54	|3,88	|3,72	|2,08	|2,71	|2,75	|2,78	|2,32	|2,86	|1,19	|3,42	|13,99	|3,5	|2,73	|2,99	|3,43	|3,33	|19,8	|20,27	|12,11	|20,16	|17,31	|12	|16,38	|16,41	|0	|6,75	|0	|18,38	|16,2	|12,27	|19,21	|18,71	|18,31	|16,83	|19,27	|16,55	|16,78	|16,71	|17,61	|15,37	|16,76	|16,35	|16,79	|16,9	|19,35	|13,64	|11,12	|16,81	|13,43	|11,94	|16,33	|17,07	|26,07	|100	|12,54	|21,33	|19,73	|13,46	|18,55	|18,46	|16,77	|15,16	|16,33	|13,99	|16,84	|15,89	|18,33	|16,63	|16,78	|17,14	|16,92	|16,61	|
________________________________________________________
55	|3,81	|4,15	|2,07	|3,22	|2,85	|2,59	|2,33	|3,05	|0	|0	|2,28	|3,06	|2,89	|3,05	|3,54	|3,03	|23,88	|16,29	|13,57	|20,14	|17,11	|12,12	|16,49	|16,06	|19,78	|0	|10	|0	|17,25	|13,2	|18,38	|18,33	|20,55	|19,05	|23,18	|0	|0	|19,47	|17,91	|14,66	|17,31	|15,74	|16,22	|18,87	|17,63	|10,39	|12,84	|16,54	|13,58	|12,13	|16,73	|16,6	|25,24	|17,08	|100	|18,88	|20,9	|14,17	|18,61	|18,55	|18,02	|16,76	|19,91	|14,55	|16,62	|20,12	|18,36	|15,82	|17,25	|16,16	|14,55	|18,36	|
________________________________________________________
56	|3,12	|4,56	|1,6	|2,82	|2,51	|2,89	|1,73	|2,68	|2,33	|2,23	|2,63	|17,86	|0	|3,27	|3,66	|3,42	|21,73	|16,85	|12,09	|23,8	|14,4	|13,17	|16,49	|16,75	|19,49	|12,59	|0	|13,4	|0	|13,21	|18,77	|19,34	|18,91	|17,51	|18	|17,33	|16,89	|16,47	|18,18	|15,36	|16,99	|16,35	|16,72	|16,82	|16,87	|11,56	|10,11	|19,54	|9,97	|11,66	|16,22	|16,42	|26,76	|19,34	|12,57	|100	|20,91	|13,92	|18,93	|18,61	|16,94	|15,45	|15,27	|15,18	|17,86	|15,84	|18,39	|16,35	|16,49	|17,23	|16,46	|17,12	|
________________________________________________________
57	|3,17	|3,28	|2,11	|3,18	|3,65	|3,03	|2,55	|2,83	|2,48	|0	|3,16	|4,02	|1,68	|3,34	|17,67	|3,11	|21,54	|16,39	|12,17	|17,43	|21,29	|12,56	|16,52	|16,28	|19,14	|12,34	|14,21	|0	|10,13	|0	|19,13	|19,32	|18,32	|16,63	|19,51	|16,4	|16,93	|16,03	|17,52	|15,19	|16,83	|15,97	|16,82	|16,56	|16,28	|11,78	|12,14	|19,43	|16,14	|11,79	|16,35	|16,57	|25,29	|19,28	|14,99	|22,52	|100	|12,5	|18,91	|18,75	|16,45	|14,8	|17,02	|14,49	|15,86	|16,21	|18,36	|16,2	|17,48	|17,67	|17,23	|16,27	|
________________________________________________________
58	|3,7	|3,69	|1,67	|3,83	|3,58	|3,15	|2,42	|3,64	|2,14	|3,33	|2,7	|4,23	|0	|0	|3,06	|3,05	|21,53	|17,08	|11,97	|21,11	|17,7	|13,35	|16,72	|16,53	|18,02	|11,98	|13,38	|19,91	|0	|9,25	|0	|19,91	|17,41	|16,73	|20,53	|16,79	|16,62	|16,13	|20,48	|17,43	|19,99	|0	|0	|20,08	|16,14	|11,44	|11,45	|18,14	|12,3	|13,6	|16,28	|16,37	|25,33	|18,88	|14,59	|21,52	|17,95	|100	|17,64	|19,36	|16,69	|14,71	|18,06	|13,01	|16,72	|15,78	|20,59	|17,6	|20,63	|17,1	|17,03	|19,94	|
________________________________________________________
59	|3,27	|3,89	|1,61	|2,61	|3,08	|3,68	|2,05	|3,27	|2,13	|2,96	|2,73	|3,76	|2,96	|2,04	|3,02	|17,99	|21,83	|16,81	|12,38	|20,32	|17,6	|11,97	|20,53	|14,38	|19,05	|12,11	|12,97	|18,38	|16,86	|0	|12,03	|0	|18,55	|17,13	|19,22	|17,01	|17,15	|16,01	|17,72	|15,75	|16,81	|16,36	|16,15	|16,4	|16,95	|11,06	|10,58	|16,61	|13,47	|10,58	|19	|12,03	|25,6	|18,82	|13,86	|21,18	|19,65	|12,76	|100	|21,05	|16,75	|15,05	|16,46	|14,59	|16,72	|16,38	|18,61	|16,38	|16,96	|16,9	|17,99	|16,22	|
________________________________________________________
60	|3,37	|3,69	|1,76	|2,73	|2,96	|2,44	|2,48	|3,35	|2,19	|3,25	|2,64	|3,61	|2,98	|0	|3,78	|3,72	|21,74	|16,47	|12,71	|20,23	|17,14	|12,71	|14,7	|21,14	|18,72	|12,36	|12,48	|18,81	|16,77	|12,98	|0	|8,86	|18,21	|16,91	|19,28	|16,79	|17,11	|16,31	|17,48	|15,21	|16,68	|16,3	|16,66	|15,89	|16,99	|11,35	|10,87	|17,01	|13,23	|12,6	|18,15	|19,04	|25,88	|18,68	|13,79	|20,77	|19,43	|13,98	|21	|100	|16,56	|15,25	|16,36	|13,96	|16,32	|16,16	|17,61	|15,84	|16,85	|17,26	|16,06	|16,4	|
________________________________________________________
61	|4,03	|0	|2	|3,54	|2,8	|2,08	|2,64	|3,18	|2,04	|2,92	|2,77	|3,51	|2,32	|2,67	|2,88	|3,06	|22,23	|16,49	|15,27	|19,72	|16,44	|12,24	|16,26	|16,58	|16,47	|10,88	|13,45	|16,38	|14,53	|11,12	|16,54	|16,77	|16,4	|0	|21,88	|18,92	|19,39	|18,92	|23,12	|11,77	|16,97	|15,98	|16,17	|16,7	|16,35	|11,53	|13,41	|16,4	|13,06	|13,47	|16,15	|16,89	|22,56	|16,96	|13,38	|18,88	|17,03	|12,03	|16,69	|16,54	|100	|16,55	|18,99	|16,5	|18,39	|18,26	|20,95	|19,04	|17,05	|16,69	|16,42	|16,81	|
________________________________________________________
62	|3,62	|3,45	|11,44	|2,76	|2,96	|3,73	|2,59	|2,66	|2,2	|3,14	|2,73	|3,71	|2,4	|2,7	|2,86	|3,03	|22,06	|16,35	|0	|20,23	|17,48	|12,5	|16,95	|17,03	|16,1	|10,45	|12,79	|16,25	|13,92	|10,94	|16,74	|16,57	|0	|15,29	|21,36	|19,07	|18,78	|19,12	|14,48	|21,03	|16,61	|15,6	|16,75	|16,41	|16,65	|11,44	|10,74	|16,56	|13,18	|9,72	|16,86	|17,44	|22,9	|16,95	|13,76	|19,06	|16,94	|11,73	|16,59	|16,85	|18,31	|100	|19,31	|15,85	|18,64	|18,62	|12,51	|18,67	|17,16	|16,63	|16,53	|16,87	|
________________________________________________________
63	|2,84	|4,42	|1,71	|16,48	|3,91	|2,74	|2,23	|3,32	|2,19	|0	|2,58	|3,6	|2,72	|2,13	|3,75	|2,99	|21,47	|17	|0	|19,63	|17,49	|12,29	|16,16	|16,14	|16,35	|10,71	|14,79	|16,53	|15,44	|11,37	|16,39	|16,63	|21,14	|19,61	|16,88	|0	|18,84	|18,3	|17,51	|15,57	|21,76	|13,53	|16,63	|16,96	|16,33	|11,2	|10,84	|16,48	|13,18	|11,79	|16,77	|16,5	|22,33	|16,56	|14,82	|17,07	|17,68	|13,06	|16,45	|16,39	|19,05	|17,51	|100	|16,32	|18,25	|17,86	|17,71	|16,19	|19,51	|19,24	|16,57	|17,08	|
________________________________________________________
64	|0	|4,68	|2,25	|3,12	|2,57	|3,17	|2,22	|1,78	|1,98	|2,41	|16,53	|3,49	|2,19	|3,96	|3,51	|2,81	|21,96	|16,57	|15,54	|20,75	|16,93	|13,47	|16,27	|16,18	|16,87	|10,13	|0	|16,59	|13,71	|11,08	|16,85	|16,52	|20,58	|19,01	|0	|14,57	|19,16	|19,1	|17,6	|15,32	|14,22	|22,61	|16,47	|16,97	|16,2	|11,39	|13,9	|16,82	|12,92	|11,64	|16,28	|16,91	|22,77	|16,53	|12,62	|19,78	|17,52	|10,96	|16,99	|16,29	|19,29	|16,75	|19,01	|100	|18,11	|18,69	|18,98	|16,11	|10,64	|19,96	|17,24	|16,95	|
________________________________________________________
65	|3,79	|4,08	|1,95	|3,11	|2,72	|2,62	|2,3	|3,17	|1,77	|3,4	|2,31	|20,01	|3,14	|2,6	|2,71	|3,45	|21,92	|16,96	|13,63	|20,47	|16,96	|12,2	|16,78	|16,62	|16,41	|10,59	|0	|16,59	|14,35	|10,25	|16,03	|16,54	|20,45	|18,97	|22,05	|20,08	|14,88	|0	|17,31	|15,19	|16,62	|16,39	|21,65	|14,44	|16,31	|11,83	|11,94	|16,86	|13,42	|11,62	|16,74	|16,31	|22,57	|17,11	|12,4	|20,01	|16,5	|12,12	|16,75	|16,38	|18,49	|16,94	|18,29	|15,57	|100	|17,95	|18,37	|15,88	|17,41	|17,04	|19,05	|19,59	|
________________________________________________________
66	|3,51	|4,11	|1,93	|2,86	|2,76	|3	|2,13	|2,92	|0	|3,5	|2,83	|3,62	|1,98	|3,41	|2,71	|2,06	|21,47	|16,3	|13,79	|20,22	|16,9	|12,22	|16,77	|16,3	|15,9	|10,62	|14,98	|16,07	|14,36	|12,77	|16,61	|16,35	|20,79	|19,57	|21,84	|19,79	|0	|14,99	|17,75	|15,14	|16,74	|16,79	|14,61	|22,1	|16,23	|11,68	|12,25	|16,54	|13,4	|11,77	|16,97	|16,55	|22,39	|16,19	|15,05	|17,79	|16,91	|11,46	|16,44	|16,26	|18,4	|16,96	|17,93	|16,11	|17,99	|100	|18,47	|15,99	|16,64	|16,43	|11,62	|18,99	|
________________________________________________________
67	|3,52	|3,29	|1,15	|2,82	|3,43	|0	|2,55	|3,32	|1,84	|2,71	|2,41	|3,31	|2,88	|2,96	|3,38	|3,22	|21,98	|16,66	|14,4	|20,5	|17,07	|15,22	|15,73	|16,17	|16,47	|10,37	|11,72	|16,61	|14,59	|12,5	|16,17	|16,61	|23,59	|15,03	|18,94	|16,88	|16,83	|16,68	|17,36	|0	|19,18	|18,21	|19,14	|19,13	|16,23	|11,4	|11,33	|16,74	|13,24	|14	|15,99	|16,14	|22,96	|16,77	|12,33	|18,56	|17,2	|13,43	|16,78	|15,91	|18,96	|10,23	|15,98	|14,7	|16,54	|16,59	|100	|18,61	|19,73	|19,28	|18,89	|19,14	|
________________________________________________________
68	|3,49	|5,07	|1,97	|2,63	|3,4	|2,2	|13,77	|3,26	|1,91	|2,7	|2,47	|3,28	|2,85	|2,93	|3,47	|3,52	|21,69	|16,8	|12,67	|20,22	|16,92	|0	|16,36	|16,82	|16,51	|10,8	|11,95	|16,04	|14,37	|12,26	|16,19	|16,51	|16,03	|22,26	|19,46	|17,61	|16,82	|16,76	|0	|12,43	|19,28	|18,35	|18,86	|19,02	|16,5	|11,54	|11,16	|16,55	|13,77	|11,92	|16,57	|16,48	|22,28	|17,24	|12,04	|18,69	|17,19	|13,01	|16,73	|16,23	|19,52	|17,31	|16,55	|14,14	|16,2	|16,27	|21,08	|100	|19,58	|19,45	|19,1	|18,76	|
________________________________________________________
69	|3,92	|3,46	|1,54	|3,02	|2,82	|3,27	|2,32	|17,26	|2,18	|2,44	|1,36	|3,19	|3,04	|0	|3,47	|3,43	|22,31	|16,9	|12,36	|20,17	|17,8	|0	|16,67	|16,37	|16,27	|10,4	|12,83	|16,82	|15,06	|13,39	|16,41	|16,62	|18,61	|16,94	|24,28	|14,51	|16,66	|16,52	|20,41	|17,37	|15,14	|0	|18,78	|18,74	|16,56	|11,29	|9,65	|16,48	|13,88	|11,87	|17,26	|16,54	|22,67	|16,46	|12,42	|17,84	|17,55	|14,43	|16,39	|16,33	|16,54	|15,05	|18,87	|8,83	|16,8	|16,03	|21,15	|18,53	|100	|19,39	|18,81	|19,02	|
________________________________________________________
70	|2,92	|3,77	|1,97	|3,19	|0	|3,18	|2,64	|3,42	|1,98	|3,66	|2,98	|3,44	|2,85	|2,51	|17,92	|3,05	|21,2	|16,86	|12,15	|20,49	|16,78	|14,83	|16,55	|16,46	|16,5	|10,62	|11,93	|16,01	|14,26	|0	|17,05	|17,29	|17,89	|17	|16,82	|22,44	|17,51	|16,43	|20,11	|17,11	|0	|13,85	|18,87	|19,12	|16,47	|11,78	|12,03	|16,79	|13,14	|14,49	|16,35	|16,51	|22,57	|16,98	|11,75	|18,82	|17,92	|12,08	|16,5	|16,89	|16,36	|14,74	|18,8	|16,73	|16,62	|15,98	|20,88	|18,59	|19,59	|100	|18,86	|19,2	|
________________________________________________________
71	|3,4	|3,77	|1,57	|2,72	|3,29	|3,15	|2,52	|3,48	|2,49	|2,81	|2,13	|3,97	|1,9	|3,25	|3,07	|17,84	|21,76	|16,71	|12,49	|19,81	|17,26	|13,97	|16,9	|15,9	|16,84	|10,61	|11,65	|16,3	|14,14	|0	|16,56	|16,59	|18,84	|17,25	|19,24	|17,11	|21,8	|14,27	|20,45	|17,15	|19,43	|18,51	|14,5	|0	|16,42	|11,29	|10,83	|16,45	|13,3	|13,23	|16,16	|16,8	|22,65	|17,03	|10,75	|18,26	|17,75	|12,22	|17,84	|15,97	|16,34	|14,87	|16,45	|14,69	|18,86	|11,48	|20,77	|18,54	|19,29	|19,16	|100	|19,16	|
________________________________________________________
72	|3,08	|3,83	|1,76	|2,88	|3,37	|3	|2,28	|3,47	|1,81	|2,98	|2,75	|3,91	|0	|3,31	|3,63	|3,4	|22,48	|16,95	|12,18	|20,5	|17,21	|13,66	|16,35	|16,2	|16,76	|10,9	|11,83	|16,95	|15,26	|13,7	|16,48	|16,14	|18,25	|17,45	|18,89	|17,08	|14,38	|21,46	|20,19	|17,18	|19,69	|18,78	|0	|14,47	|16,74	|11,54	|10,53	|16,8	|13,03	|13,08	|16,53	|16,69	|22,78	|16,58	|13,45	|18,83	|16,62	|14,19	|15,95	|16,17	|16,59	|15,06	|16,8	|14,32	|19,23	|18,6	|20,88	|18,06	|19,35	|19,34	|19	|100	|
________________________________________________________
