0	|1	|2	|3	|4	|5	|6	|7	|8	|9	|10	|11	|12	|13	|14	|15	|16	|17	|18	|19	|20	|21	|22	|23	|24	|25	|26	|27	|28	|29	|30	|31	|32	|33	|34	|35	|36	|37	|38	|39	|40	|41	|42	|43	|44	|45	|46	|47	|48	|49	|50	|51	|52	|53	|54	|55	|56	|57	|58	|59	|60	|61	|62	|63	|64	|65	|66	|67	|68	|69	|70	|71	|72	|
1	|3323	|115	|67	|101	|134	|75	|97	|155	|115	|88	|0	|131	|106	|62	|89	|111	|804	|3323	|392	|692	|696	|440	|617	|614	|668	|496	|445	|523	|533	|367	|572	|564	|790	|583	|3323	|628	|656	|633	|692	|419	|664	|373	|581	|547	|0	|297	|0	|647	|567	|411	|658	|622	|642	|713	|463	|617	|561	|440	|591	|568	|660	|549	|488	|0	|620	|585	|657	|537	|747	|476	|576	|541	|
________________________________________________________
2	|115	|3642	|73	|112	|125	|131	|0	|131	|66	|144	|116	|156	|61	|94	|89	|113	|929	|601	|460	|3642	|712	|503	|683	|688	|661	|302	|482	|719	|408	|419	|611	|590	|644	|3642	|712	|758	|712	|680	|751	|615	|597	|597	|626	|627	|745	|468	|0	|520	|0	|525	|679	|683	|858	|611	|477	|793	|542	|429	|609	|604	|0	|505	|716	|672	|705	|681	|579	|782	|617	|587	|593	|593	|
________________________________________________________
3	|67	|73	|1659	|37	|67	|67	|41	|48	|50	|57	|59	|55	|47	|50	|61	|59	|0	|242	|0	|429	|354	|223	|318	|322	|234	|243	|233	|272	|263	|180	|266	|266	|0	|266	|411	|351	|310	|315	|256	|355	|328	|308	|277	|275	|302	|1659	|167	|280	|255	|192	|297	|322	|292	|339	|249	|265	|305	|236	|269	|260	|321	|1659	|287	|317	|305	|331	|207	|309	|262	|309	|298	|292	|
________________________________________________________
4	|101	|112	|37	|2785	|0	|93	|76	|110	|67	|0	|66	|129	|55	|70	|117	|117	|758	|567	|0	|476	|0	|406	|535	|523	|514	|289	|413	|561	|362	|309	|436	|428	|658	|542	|484	|0	|524	|506	|491	|408	|609	|367	|452	|464	|627	|336	|294	|2785	|497	|382	|512	|513	|643	|436	|410	|582	|586	|482	|467	|487	|545	|415	|2785	|413	|481	|514	|496	|453	|540	|539	|444	|485	|
________________________________________________________
5	|134	|125	|67	|0	|2897	|75	|69	|105	|64	|110	|66	|90	|94	|83	|0	|133	|729	|572	|418	|657	|2897	|368	|480	|571	|458	|287	|503	|554	|476	|386	|513	|454	|488	|475	|640	|568	|430	|484	|642	|437	|2897	|530	|526	|542	|521	|374	|387	|0	|313	|0	|610	|540	|686	|515	|369	|461	|672	|430	|523	|478	|466	|451	|633	|319	|428	|446	|627	|561	|431	|0	|584	|590	|
________________________________________________________
6	|75	|131	|67	|93	|75	|2716	|51	|89	|57	|122	|68	|94	|69	|112	|97	|108	|665	|510	|343	|642	|459	|359	|2716	|546	|455	|294	|333	|485	|350	|348	|549	|330	|310	|518	|443	|510	|481	|463	|513	|2716	|447	|550	|569	|514	|505	|356	|352	|568	|430	|0	|358	|0	|641	|454	|330	|568	|521	|343	|567	|378	|377	|576	|449	|457	|471	|420	|0	|348	|559	|546	|495	|516	|
________________________________________________________
7	|97	|0	|41	|76	|69	|51	|2155	|67	|39	|48	|45	|53	|73	|78	|87	|48	|526	|419	|311	|0	|284	|0	|407	|455	|359	|225	|280	|276	|424	|265	|343	|379	|333	|499	|403	|322	|359	|354	|0	|254	|430	|433	|402	|407	|403	|261	|289	|484	|2155	|254	|363	|446	|483	|360	|291	|294	|429	|286	|300	|427	|423	|377	|365	|318	|352	|336	|426	|2155	|376	|428	|386	|370	|
________________________________________________________
8	|155	|131	|48	|110	|105	|89	|67	|2981	|60	|77	|35	|105	|79	|0	|97	|128	|694	|551	|433	|766	|619	|0	|392	|0	|467	|339	|409	|505	|454	|400	|634	|442	|647	|518	|725	|447	|491	|457	|636	|513	|461	|0	|557	|537	|547	|407	|332	|601	|416	|328	|2981	|572	|680	|521	|380	|576	|554	|438	|572	|586	|603	|373	|558	|243	|467	|519	|692	|502	|2981	|564	|567	|557	|
________________________________________________________
9	|115	|66	|50	|67	|64	|57	|39	|60	|1904	|48	|31	|67	|71	|44	|65	|91	|339	|433	|244	|333	|345	|235	|326	|310	|446	|1904	|199	|333	|350	|220	|355	|349	|391	|358	|436	|331	|1904	|349	|346	|281	|352	|273	|359	|219	|213	|283	|257	|330	|289	|219	|307	|311	|0	|209	|0	|443	|390	|257	|393	|377	|376	|330	|379	|306	|281	|0	|358	|296	|357	|328	|385	|273	|
________________________________________________________
10	|88	|144	|57	|0	|110	|122	|48	|77	|48	|2878	|70	|98	|90	|107	|0	|101	|617	|455	|450	|665	|589	|487	|491	|492	|602	|317	|335	|2878	|570	|389	|584	|571	|610	|521	|596	|2878	|480	|585	|492	|442	|589	|527	|486	|527	|490	|345	|384	|567	|299	|312	|454	|477	|771	|557	|0	|444	|0	|369	|550	|571	|546	|482	|0	|362	|580	|619	|532	|470	|425	|638	|430	|493	|
________________________________________________________
11	|0	|116	|59	|66	|66	|68	|45	|35	|31	|70	|2298	|75	|55	|92	|106	|68	|421	|471	|339	|439	|421	|293	|375	|383	|0	|147	|0	|479	|355	|279	|421	|426	|486	|462	|0	|347	|448	|474	|422	|322	|332	|512	|367	|452	|443	|319	|288	|378	|300	|256	|369	|361	|617	|2298	|237	|439	|488	|304	|430	|418	|440	|360	|434	|2298	|379	|487	|394	|368	|239	|444	|341	|441	|
________________________________________________________
12	|131	|156	|55	|129	|90	|94	|53	|105	|67	|98	|75	|3274	|0	|109	|100	|117	|697	|535	|437	|755	|499	|421	|526	|555	|676	|372	|0	|429	|0	|458	|616	|610	|683	|626	|735	|703	|515	|0	|594	|487	|563	|534	|737	|495	|601	|368	|398	|639	|340	|372	|577	|535	|825	|531	|375	|3274	|667	|465	|596	|616	|616	|551	|647	|459	|3274	|597	|587	|504	|568	|537	|567	|614	|
________________________________________________________
13	|106	|61	|47	|55	|94	|69	|73	|79	|71	|90	|55	|0	|2467	|50	|78	|98	|537	|412	|332	|374	|507	|340	|372	|474	|468	|305	|390	|527	|2467	|272	|413	|492	|451	|403	|525	|409	|471	|453	|512	|421	|496	|400	|2467	|493	|413	|277	|293	|333	|433	|339	|397	|490	|627	|448	|324	|0	|327	|0	|510	|559	|417	|327	|442	|314	|545	|339	|517	|448	|514	|507	|359	|0	|
________________________________________________________
14	|62	|94	|50	|70	|83	|112	|78	|0	|44	|107	|92	|109	|50	|2766	|80	|94	|556	|457	|353	|522	|451	|406	|577	|543	|531	|321	|307	|523	|410	|303	|2766	|593	|501	|478	|375	|571	|395	|482	|560	|468	|562	|2766	|492	|577	|448	|280	|312	|470	|381	|411	|610	|368	|680	|528	|394	|661	|582	|0	|336	|0	|458	|404	|354	|517	|452	|527	|593	|480	|0	|359	|579	|526	|
________________________________________________________
15	|89	|89	|61	|117	|0	|97	|87	|97	|65	|0	|106	|100	|78	|80	|2946	|77	|628	|493	|352	|525	|639	|437	|497	|502	|567	|344	|426	|0	|303	|0	|572	|610	|506	|472	|485	|687	|466	|434	|613	|500	|0	|406	|626	|595	|500	|321	|470	|581	|452	|391	|492	|474	|725	|557	|434	|658	|2946	|369	|467	|596	|475	|403	|566	|489	|455	|467	|622	|525	|583	|2946	|470	|597	|
________________________________________________________
16	|111	|113	|59	|117	|133	|108	|48	|128	|91	|101	|68	|117	|98	|94	|77	|2980	|640	|483	|341	|645	|555	|402	|659	|427	|566	|364	|415	|607	|580	|0	|370	|0	|526	|494	|605	|442	|637	|434	|585	|516	|639	|633	|438	|0	|504	|343	|330	|553	|333	|371	|569	|304	|750	|557	|423	|654	|529	|371	|2980	|631	|494	|443	|577	|384	|536	|326	|628	|530	|585	|489	|2980	|563	|
________________________________________________________
17	|804	|929	|0	|758	|729	|665	|526	|694	|339	|617	|421	|697	|537	|556	|628	|640	|21827	|3990	|2985	|5001	|4245	|2963	|4169	|4011	|4075	|1827	|2496	|3672	|3178	|2450	|3618	|3640	|3998	|3716	|4238	|3692	|3646	|3719	|3955	|3223	|3698	|3443	|3621	|3669	|3213	|0	|2897	|4218	|3345	|2768	|4169	|4085	|5506	|3147	|2726	|4039	|3795	|2649	|3576	|3616	|3608	|3204	|3552	|3107	|3497	|3616	|3873	|3480	|3621	|3651	|3608	|3635	|
________________________________________________________
18	|3323	|601	|242	|567	|572	|510	|419	|551	|433	|455	|471	|535	|412	|457	|493	|483	|3990	|16668	|2034	|3849	|3222	|2271	|3207	|3137	|3303	|2397	|1925	|2662	|2477	|1782	|2791	|2727	|3050	|2842	|3323	|2802	|2839	|2760	|2932	|2444	|2930	|2649	|2756	|2773	|0	|1535	|0	|3212	|2610	|2170	|3170	|3213	|3178	|3360	|1987	|3157	|2940	|2056	|2783	|2784	|2689	|2480	|2797	|2378	|2673	|2675	|2973	|2680	|2860	|2751	|2778	|2734	|
________________________________________________________
19	|392	|460	|0	|0	|418	|343	|311	|433	|244	|450	|339	|437	|332	|353	|352	|341	|2985	|2034	|12157	|2502	|2547	|1693	|2302	|2218	|2171	|1075	|1715	|2080	|1829	|1344	|2027	|2051	|2716	|2063	|2392	|2514	|2299	|2294	|2461	|1536	|2011	|2034	|2085	|2034	|2367	|0	|1156	|0	|1970	|1619	|2316	|2191	|2950	|2016	|1646	|2270	|2054	|1480	|2067	|1976	|2509	|0	|0	|2121	|2236	|2235	|2443	|1996	|2013	|2054	|1972	|2060	|
________________________________________________________
20	|692	|3642	|429	|476	|657	|642	|0	|766	|333	|665	|439	|755	|374	|522	|525	|645	|5001	|3849	|2502	|20057	|3946	|2788	|3739	|3737	|3354	|2111	|2205	|3782	|2315	|2213	|3328	|3314	|3516	|3642	|3815	|3446	|3425	|3369	|3566	|2960	|3439	|3241	|3329	|3408	|3818	|2700	|0	|2871	|0	|2781	|3892	|3768	|4522	|3222	|2392	|4389	|3054	|2607	|3300	|3251	|3291	|2988	|3289	|2945	|3316	|3355	|3668	|3258	|3381	|3462	|3335	|3373	|
________________________________________________________
21	|696	|712	|354	|0	|2897	|459	|284	|619	|345	|589	|421	|499	|507	|451	|639	|555	|4245	|3222	|2547	|3946	|17150	|2074	|3249	|3205	|2809	|1813	|2261	|3346	|3014	|1854	|2842	|2867	|3016	|2834	|3368	|2947	|2785	|2828	|3089	|2513	|2897	|2769	|2908	|2830	|3233	|2271	|2299	|0	|1776	|0	|3272	|3203	|3887	|2813	|2041	|2738	|3651	|2071	|2974	|2843	|2742	|2574	|2860	|2404	|2776	|2729	|3099	|2742	|2928	|2943	|2883	|2874	|
________________________________________________________
22	|440	|503	|223	|406	|368	|359	|0	|0	|235	|487	|293	|421	|340	|406	|437	|402	|2963	|2271	|1693	|2788	|2074	|12066	|2151	|2474	|2010	|1344	|1460	|2146	|1585	|1601	|2044	|2060	|2088	|2009	|2105	|2297	|2039	|1958	|2681	|1814	|2132	|2375	|2296	|2191	|2289	|1615	|1523	|2456	|0	|1205	|0	|2369	|2659	|1940	|1406	|2412	|2136	|1612	|1977	|2013	|1966	|1761	|2014	|1870	|2002	|2032	|2737	|0	|0	|2447	|2280	|2212	|
________________________________________________________
23	|617	|683	|318	|535	|480	|2716	|407	|392	|326	|491	|375	|526	|372	|577	|497	|659	|4169	|3207	|2302	|3739	|3249	|2151	|16502	|3183	|2777	|1780	|2006	|2718	|2483	|1639	|3243	|1995	|2980	|2759	|3233	|2806	|2779	|2741	|2915	|2716	|2867	|2791	|2878	|2816	|3123	|2204	|1994	|3209	|2546	|0	|2270	|0	|3704	|2677	|1987	|3035	|2931	|1979	|3517	|2399	|2779	|2508	|2750	|2370	|2707	|2674	|2948	|2630	|2782	|2768	|2744	|2816	|
________________________________________________________
24	|614	|688	|322	|523	|571	|546	|455	|0	|310	|492	|383	|555	|474	|543	|502	|427	|4011	|3137	|2218	|3737	|3205	|2474	|3183	|16390	|2760	|1753	|1915	|2762	|2448	|2019	|3130	|3063	|2972	|2823	|3227	|2802	|2700	|2743	|2816	|2425	|2786	|2646	|2695	|2663	|3114	|2183	|1847	|3105	|2525	|2266	|0	|1406	|3748	|2696	|1956	|3109	|2854	|2010	|2386	|3497	|2660	|2454	|2673	|2386	|2716	|2709	|2853	|2611	|2729	|2744	|2727	|2695	|
________________________________________________________
25	|668	|661	|234	|514	|458	|455	|359	|467	|446	|602	|0	|676	|468	|531	|567	|566	|4075	|3303	|2171	|3354	|2809	|2010	|2777	|2760	|16694	|2332	|2438	|3180	|2672	|2063	|3255	|3179	|3139	|2828	|3114	|2776	|2743	|2689	|2937	|2525	|2891	|2750	|2858	|2731	|3378	|1554	|1825	|2820	|2275	|1885	|2745	|2705	|3182	|0	|2410	|3589	|3350	|2274	|3237	|3167	|2750	|2462	|2826	|2425	|2739	|2712	|2986	|2712	|2862	|2815	|2801	|2776	|
________________________________________________________
26	|496	|302	|243	|289	|287	|294	|225	|339	|1904	|317	|147	|372	|305	|321	|344	|364	|1827	|2397	|1075	|2111	|1813	|1344	|1780	|1753	|2332	|10628	|1237	|2085	|1771	|1333	|1996	|2038	|1972	|1721	|2032	|1808	|1904	|1690	|1833	|1597	|1768	|1728	|1765	|1740	|1137	|1724	|1180	|1821	|1439	|1228	|1802	|1743	|0	|1128	|0	|2296	|2062	|1471	|2022	|2120	|1725	|1648	|1722	|1503	|1682	|1735	|1960	|1701	|1823	|1838	|1740	|1772	|
________________________________________________________
27	|445	|482	|233	|413	|503	|333	|280	|409	|199	|335	|0	|0	|390	|307	|426	|415	|2496	|1925	|1715	|2205	|2261	|1460	|2006	|1915	|2438	|1237	|11872	|2022	|2161	|1531	|2111	|2162	|2412	|2240	|2683	|2006	|1940	|2515	|2087	|1833	|2267	|1690	|2000	|2019	|2013	|1405	|1493	|1982	|1834	|1348	|1988	|1963	|3336	|0	|1268	|0	|2437	|1690	|2244	|2145	|2159	|1994	|2448	|0	|0	|2479	|2145	|1934	|2190	|2029	|2008	|2045	|
________________________________________________________
28	|523	|719	|272	|561	|554	|485	|276	|505	|333	|2878	|479	|429	|527	|523	|0	|607	|3672	|2662	|2080	|3782	|3346	|2146	|2718	|2762	|3180	|2085	|2022	|16626	|3115	|2253	|3186	|3209	|3010	|2860	|3163	|2878	|2830	|2810	|2930	|2484	|2882	|2709	|2795	|2877	|2782	|1917	|1794	|3404	|1846	|1928	|2793	|2716	|4170	|3047	|0	|2556	|0	|2380	|3144	|3163	|2779	|2442	|2768	|2388	|2685	|2749	|3115	|2687	|2805	|2863	|2677	|2872	|
________________________________________________________
29	|533	|408	|263	|362	|476	|350	|424	|454	|350	|570	|355	|0	|2467	|410	|303	|580	|3178	|2477	|1829	|2315	|3014	|1585	|2483	|2448	|2672	|1771	|2161	|3115	|14879	|1659	|2882	|2840	|2643	|2421	|3045	|2508	|2373	|2343	|2669	|2221	|2579	|2409	|2467	|2567	|2440	|1738	|1795	|1951	|2707	|1729	|2465	|2472	|3770	|2798	|2156	|0	|1802	|0	|2848	|2807	|2386	|2126	|2580	|1888	|2355	|2404	|2661	|2359	|2644	|2477	|2482	|2527	|
________________________________________________________
30	|367	|419	|180	|309	|386	|348	|265	|400	|220	|389	|279	|458	|272	|303	|0	|0	|2450	|1782	|1344	|2213	|1854	|1601	|1639	|2019	|2063	|1333	|1531	|2253	|1659	|10964	|1959	|2178	|1988	|1848	|2102	|1863	|1609	|2088	|2167	|1818	|2284	|1769	|1825	|2205	|1825	|1277	|1220	|1840	|1507	|1427	|1749	|2030	|2789	|2061	|1496	|2496	|0	|1123	|0	|2109	|1792	|1602	|1813	|1550	|1796	|2016	|2239	|1975	|2245	|0	|0	|2219	|
________________________________________________________
31	|572	|611	|266	|436	|513	|549	|343	|634	|355	|584	|421	|616	|413	|2766	|572	|370	|3618	|2791	|2027	|3328	|2842	|2044	|3243	|3130	|3255	|1996	|2111	|3186	|2882	|1959	|16634	|3503	|3012	|2786	|3161	|2905	|2748	|2695	|2987	|2540	|2976	|2766	|2826	|2796	|2678	|1855	|1810	|2724	|2284	|1950	|3638	|2362	|4297	|3121	|2339	|3572	|3256	|0	|2010	|0	|2750	|2476	|2724	|2385	|2663	|2701	|3054	|2612	|2747	|2701	|2745	|2723	|
________________________________________________________
32	|564	|590	|266	|428	|454	|330	|379	|442	|349	|571	|426	|610	|492	|593	|610	|0	|3640	|2727	|2051	|3314	|2867	|2060	|1995	|3063	|3179	|2038	|2162	|3209	|2840	|2178	|3503	|16711	|3124	|2783	|3278	|2869	|2799	|2711	|2940	|2431	|2824	|2788	|2712	|2722	|2751	|1930	|1845	|2787	|2270	|2121	|2434	|3534	|4241	|3084	|2279	|3575	|3306	|2388	|0	|1415	|2763	|2465	|2640	|2402	|2663	|2759	|3044	|2614	|2873	|2829	|2716	|2686	|
________________________________________________________
33	|790	|644	|0	|658	|488	|310	|333	|647	|391	|610	|486	|683	|451	|501	|506	|526	|3998	|3050	|2716	|3516	|3016	|2088	|2980	|2972	|3139	|1972	|2412	|3010	|2643	|1988	|3012	|3124	|18244	|3320	|4030	|3610	|3441	|3488	|3677	|1834	|3096	|2960	|3022	|3125	|2997	|2099	|2419	|3058	|2439	|2452	|3070	|3030	|4044	|3006	|2396	|3428	|3030	|2284	|3039	|3029	|2723	|0	|3478	|2900	|3391	|3447	|4187	|2531	|3074	|3092	|2994	|2931	|
________________________________________________________
34	|583	|3642	|266	|542	|475	|518	|499	|518	|358	|521	|462	|626	|403	|478	|472	|494	|3716	|2842	|2063	|3642	|2834	|2009	|2759	|2823	|2828	|1721	|2240	|2860	|2421	|1848	|2786	|2783	|3320	|16842	|3748	|3206	|3231	|3225	|3334	|2888	|2805	|2746	|2881	|2796	|2802	|1906	|0	|2863	|2207	|1959	|2764	|2755	|3750	|2737	|2253	|3175	|2790	|1999	|2873	|2745	|0	|2228	|3152	|2687	|3144	|3148	|2702	|3673	|2954	|2802	|2790	|2747	|
________________________________________________________
35	|3323	|712	|411	|484	|640	|443	|403	|725	|436	|596	|0	|735	|525	|375	|485	|605	|4238	|3323	|2392	|3815	|3368	|2105	|3233	|3227	|3114	|2032	|2683	|3163	|3045	|2102	|3161	|3278	|4030	|3748	|19244	|3612	|3583	|3573	|3459	|2926	|3749	|2259	|3243	|3196	|3123	|2163	|0	|3194	|2645	|2146	|3291	|3233	|4355	|3200	|2810	|3445	|3337	|2557	|3219	|3181	|3602	|3310	|2821	|0	|3543	|3531	|3478	|2955	|4166	|2817	|3180	|3209	|
________________________________________________________
36	|628	|758	|351	|0	|568	|510	|322	|447	|331	|2878	|347	|703	|409	|571	|687	|442	|3692	|2802	|2514	|3446	|2947	|2297	|2806	|2802	|2776	|1808	|2006	|2878	|2508	|1863	|2905	|2869	|3610	|3206	|3612	|17029	|3293	|3241	|2962	|2622	|3252	|3270	|2933	|2886	|2900	|1925	|2367	|2835	|2260	|1970	|2837	|2853	|3851	|2833	|0	|3199	|2910	|1997	|2786	|2885	|3146	|2867	|0	|2058	|3296	|3309	|3068	|2718	|2527	|3847	|2774	|2827	|
________________________________________________________
37	|656	|712	|310	|524	|430	|481	|359	|491	|1904	|480	|448	|515	|471	|395	|466	|637	|3646	|2839	|2299	|3425	|2785	|2039	|2779	|2700	|2743	|1904	|1940	|2830	|2373	|1609	|2748	|2799	|3441	|3231	|3583	|3293	|16622	|3061	|2934	|2448	|2746	|2830	|3238	|1893	|2736	|1949	|2059	|2857	|2215	|1946	|2811	|2753	|3709	|2732	|0	|3119	|2822	|2000	|2916	|2825	|3095	|2820	|3032	|2759	|2519	|0	|3070	|2705	|2715	|2807	|3589	|2408	|
________________________________________________________
38	|633	|680	|315	|506	|484	|463	|354	|457	|349	|585	|474	|0	|453	|482	|434	|434	|3719	|2760	|2294	|3369	|2828	|1958	|2741	|2743	|2689	|1690	|2515	|2810	|2343	|2088	|2695	|2711	|3488	|3225	|3573	|3241	|3061	|16618	|2878	|2455	|2876	|2695	|3186	|3182	|2736	|1853	|2056	|2815	|2191	|1937	|2716	|2769	|3722	|2746	|2413	|2992	|2734	|2002	|2848	|2754	|3059	|2880	|3055	|2661	|0	|2506	|3037	|2658	|2751	|2762	|2364	|3560	|
________________________________________________________
39	|692	|751	|256	|491	|642	|513	|0	|636	|346	|492	|422	|594	|512	|560	|613	|585	|3955	|2932	|2461	|3566	|3089	|2681	|2915	|2816	|2937	|1833	|2087	|2930	|2669	|2167	|2987	|2940	|3677	|3334	|3459	|2962	|2934	|2878	|17644	|2764	|3404	|3299	|3363	|3370	|2975	|2038	|1909	|2966	|2447	|2441	|2870	|2864	|3955	|2976	|2139	|3337	|3053	|2394	|2989	|2901	|3897	|2148	|2862	|2481	|2826	|2829	|3154	|0	|3454	|3375	|3316	|3321	|
________________________________________________________
40	|419	|615	|355	|408	|437	|2716	|254	|513	|281	|442	|322	|487	|421	|468	|500	|516	|3223	|2444	|1536	|2960	|2513	|1814	|2716	|2425	|2525	|1597	|1833	|2484	|2221	|1818	|2540	|2431	|1834	|2888	|2926	|2622	|2448	|2455	|2764	|14971	|2905	|2766	|2855	|2832	|2496	|1718	|1621	|2520	|1978	|0	|2456	|2448	|3367	|2415	|1878	|2776	|2615	|2015	|2533	|2508	|2003	|3182	|2466	|2132	|2469	|2438	|0	|2022	|2924	|2833	|2897	|2789	|
________________________________________________________
41	|664	|597	|328	|609	|2897	|447	|430	|461	|352	|589	|332	|563	|496	|562	|0	|639	|3698	|2930	|2011	|3439	|2897	|2132	|2867	|2786	|2891	|1768	|2267	|2882	|2579	|2284	|2976	|2824	|3096	|2805	|3749	|3252	|2746	|2876	|3404	|2905	|17112	|3209	|3215	|3246	|2802	|1922	|1870	|2821	|2271	|0	|2869	|2808	|3925	|2853	|2085	|3199	|3025	|2471	|2900	|2826	|2885	|2633	|3588	|2027	|2789	|2777	|3546	|3058	|2512	|0	|3303	|3329	|
________________________________________________________
42	|373	|597	|308	|367	|530	|550	|433	|0	|273	|527	|512	|534	|400	|2766	|406	|633	|3443	|2649	|2034	|3241	|2769	|2375	|2791	|2646	|2750	|1728	|1690	|2709	|2409	|1769	|2766	|2788	|2960	|2746	|2259	|3270	|2830	|2695	|3299	|2766	|3209	|16470	|3261	|3172	|2715	|1854	|2064	|2766	|2216	|2341	|2785	|2689	|3633	|2651	|2004	|3097	|2791	|0	|2862	|2663	|2648	|2487	|2164	|3197	|2688	|2747	|3389	|2966	|0	|2305	|3138	|3134	|
________________________________________________________
43	|581	|626	|277	|452	|526	|569	|402	|557	|359	|486	|367	|737	|2467	|492	|626	|438	|3621	|2756	|2085	|3329	|2908	|2296	|2878	|2695	|2858	|1765	|2000	|2795	|2467	|1825	|2826	|2712	|3022	|2881	|3243	|2933	|3238	|3186	|3363	|2855	|3215	|3261	|16770	|3287	|2861	|1936	|1844	|2820	|2195	|2237	|2821	|2756	|3756	|2634	|1967	|3163	|2974	|0	|2808	|2784	|2775	|2432	|2759	|2356	|3543	|2378	|3436	|3006	|3135	|3337	|2388	|0	|
________________________________________________________
44	|547	|627	|275	|464	|542	|514	|407	|537	|219	|527	|452	|495	|493	|577	|595	|0	|3669	|2773	|2034	|3408	|2830	|2191	|2816	|2663	|2731	|1740	|2019	|2877	|2567	|2205	|2796	|2722	|3125	|2796	|3196	|2886	|1893	|3182	|3370	|2832	|3246	|3172	|3287	|16795	|2756	|1918	|1826	|2851	|2313	|2167	|2832	|2773	|3855	|2815	|2175	|3130	|2818	|2406	|2763	|2678	|2819	|2451	|2763	|2398	|2406	|3588	|3542	|3053	|3153	|3261	|0	|2362	|
________________________________________________________
45	|0	|745	|302	|627	|521	|505	|403	|547	|213	|490	|443	|601	|413	|448	|500	|504	|3213	|0	|2367	|3818	|3233	|2289	|3123	|3114	|3378	|1137	|2013	|2782	|2440	|1825	|2678	|2751	|2997	|2802	|3123	|2900	|2736	|2736	|2975	|2496	|2802	|2715	|2861	|2756	|16584	|2352	|2175	|3282	|2513	|2149	|3152	|3047	|4360	|3295	|2215	|3092	|2877	|2048	|2829	|2846	|2669	|2465	|2759	|2313	|2677	|2720	|2970	|2613	|2813	|2794	|2782	|2763	|
________________________________________________________
46	|297	|468	|1659	|336	|374	|356	|261	|407	|283	|345	|319	|368	|277	|280	|321	|343	|0	|1535	|0	|2700	|2271	|1615	|2204	|2183	|1554	|1724	|1405	|1917	|1738	|1277	|1855	|1930	|2099	|1906	|2163	|1925	|1949	|1853	|2038	|1718	|1922	|1854	|1936	|1918	|2352	|11495	|1250	|2235	|1733	|1557	|2187	|2199	|2027	|2282	|1322	|2120	|1979	|1414	|1877	|1898	|1905	|1659	|1970	|1637	|1933	|1923	|2154	|1822	|2006	|1930	|1941	|1861	|
________________________________________________________
47	|0	|0	|167	|294	|387	|352	|289	|332	|257	|384	|288	|398	|293	|312	|470	|330	|2897	|0	|1156	|0	|2299	|1523	|1994	|1847	|1825	|1180	|1493	|1794	|1795	|1220	|1810	|1845	|2419	|0	|0	|2367	|2059	|2056	|1909	|1621	|1870	|2064	|1844	|1826	|2175	|1250	|10936	|1830	|1843	|1538	|2036	|1956	|2505	|1751	|1572	|1874	|2101	|1341	|1829	|1832	|2223	|1631	|1824	|1872	|2008	|2002	|2032	|1747	|1564	|2098	|1811	|1780	|
________________________________________________________
48	|647	|520	|280	|2785	|0	|568	|484	|601	|330	|567	|378	|639	|333	|470	|581	|553	|4218	|3212	|0	|2871	|0	|2456	|3209	|3105	|2820	|1821	|1982	|3404	|1951	|1840	|2724	|2787	|3058	|2863	|3194	|2835	|2857	|2815	|2966	|2520	|2821	|2766	|2820	|2851	|3282	|2235	|1830	|16792	|2811	|2331	|3202	|3104	|3800	|2721	|2035	|3712	|3425	|2232	|2761	|2813	|2681	|2499	|2785	|2426	|2748	|2781	|3078	|2706	|2814	|2854	|2784	|2828	|
________________________________________________________
49	|567	|0	|255	|497	|313	|430	|2155	|416	|289	|299	|300	|340	|433	|381	|452	|333	|3345	|2610	|1970	|0	|1776	|0	|2546	|2525	|2275	|1439	|1834	|1846	|2707	|1507	|2284	|2270	|2439	|2207	|2645	|2260	|2215	|2191	|2447	|1978	|2271	|2216	|2195	|2313	|2513	|1733	|1843	|2811	|13584	|1621	|2626	|2588	|3111	|2256	|1619	|1880	|2732	|1529	|2285	|2325	|2221	|1987	|2319	|1927	|2171	|2167	|2493	|2155	|2347	|2252	|2181	|2252	|
________________________________________________________
50	|411	|525	|192	|382	|0	|0	|254	|328	|219	|312	|256	|372	|339	|411	|391	|371	|2768	|2170	|1619	|2781	|0	|1205	|0	|2266	|1885	|1228	|1348	|1928	|1729	|1427	|1950	|2121	|2452	|1959	|2146	|1970	|1946	|1937	|2441	|0	|0	|2341	|2237	|2167	|2149	|1557	|1538	|2331	|1621	|11586	|2005	|2320	|2606	|1915	|1389	|2196	|1959	|1652	|1772	|2039	|2125	|1422	|1949	|1711	|1813	|1890	|2544	|1926	|1957	|2366	|2144	|2115	|
________________________________________________________
51	|658	|679	|297	|512	|610	|358	|363	|2981	|307	|454	|369	|577	|397	|610	|492	|569	|4169	|3170	|2316	|3892	|3272	|0	|2270	|0	|2745	|1802	|1988	|2793	|2465	|1749	|3638	|2434	|3070	|2764	|3291	|2837	|2811	|2716	|2870	|2456	|2869	|2785	|2821	|2832	|3152	|2187	|2036	|3202	|2626	|2005	|16715	|3340	|3767	|2753	|2035	|3123	|2971	|1990	|3272	|3076	|2755	|2456	|2743	|2317	|2729	|2851	|3144	|2755	|2981	|2784	|2675	|2721	|
________________________________________________________
52	|622	|683	|322	|513	|540	|0	|446	|572	|311	|477	|361	|535	|490	|368	|474	|304	|4085	|3213	|2191	|3768	|3203	|2369	|0	|1406	|2705	|1743	|1963	|2716	|2472	|2030	|2362	|3534	|3030	|2755	|3233	|2853	|2753	|2769	|2864	|2448	|2808	|2689	|2756	|2773	|3047	|2199	|1956	|3104	|2588	|2320	|3340	|16646	|3685	|2733	|2024	|3064	|2896	|2005	|1965	|3043	|2740	|2574	|2772	|2329	|2755	|2806	|2880	|2647	|2734	|2784	|2650	|2681	|
________________________________________________________
53	|642	|858	|292	|643	|686	|641	|483	|680	|0	|771	|617	|825	|627	|680	|725	|750	|5506	|3178	|2950	|4522	|3887	|2659	|3704	|3748	|3182	|0	|3336	|4170	|3770	|2789	|4297	|4241	|4044	|3750	|4355	|3851	|3709	|3722	|3955	|3367	|3925	|3633	|3756	|3855	|4360	|2027	|2505	|3800	|3111	|2606	|3767	|3685	|22551	|4238	|3060	|4899	|4371	|3051	|4405	|4212	|3676	|3335	|3699	|3194	|3664	|3705	|4092	|3702	|3811	|3759	|3716	|3747	|
________________________________________________________
54	|713	|611	|339	|436	|515	|454	|360	|521	|209	|557	|2298	|531	|448	|528	|557	|557	|3147	|3360	|2016	|3222	|2813	|1940	|2677	|2696	|0	|1128	|0	|3047	|2798	|2061	|3121	|3084	|3006	|2737	|3200	|2833	|2732	|2746	|2976	|2415	|2853	|2651	|2634	|2815	|3295	|2282	|1751	|2721	|2256	|1915	|2753	|2733	|4238	|16348	|1937	|3520	|3168	|2231	|3176	|3105	|2709	|2454	|2621	|2298	|2620	|2667	|3041	|2622	|2832	|2763	|2693	|2685	|
________________________________________________________
55	|463	|477	|249	|410	|369	|330	|291	|380	|0	|0	|237	|375	|324	|394	|434	|423	|2726	|1987	|1646	|2392	|2041	|1406	|1987	|1956	|2410	|0	|1268	|0	|2156	|1496	|2339	|2279	|2396	|2253	|2810	|0	|0	|2413	|2139	|1878	|2085	|2004	|1967	|2175	|2215	|1322	|1572	|2035	|1619	|1389	|2035	|2024	|3060	|1937	|12044	|2318	|2528	|1772	|2354	|2197	|2152	|2018	|2422	|1709	|1929	|2372	|2105	|1999	|2088	|2006	|1838	|2122	|
________________________________________________________
56	|617	|793	|265	|582	|461	|568	|294	|576	|443	|444	|439	|3274	|0	|661	|658	|654	|4039	|3157	|2270	|4389	|2738	|2412	|3035	|3109	|3589	|2296	|0	|2556	|0	|2496	|3572	|3575	|3428	|3175	|3445	|3199	|3119	|2992	|3337	|2776	|3199	|3097	|3163	|3130	|3092	|2120	|1874	|3712	|1880	|2196	|3123	|3064	|4899	|3520	|2318	|18638	|3960	|2547	|3522	|3494	|3118	|2802	|2932	|2770	|3274	|2994	|3445	|2994	|3193	|3188	|3027	|3089	|
________________________________________________________
57	|561	|542	|305	|586	|672	|521	|429	|554	|390	|0	|488	|667	|327	|582	|2946	|529	|3795	|2940	|2054	|3054	|3651	|2136	|2931	|2854	|3350	|2062	|2437	|0	|1802	|0	|3256	|3306	|3030	|2790	|3337	|2910	|2822	|2734	|3053	|2615	|3025	|2791	|2974	|2818	|2877	|1979	|2101	|3425	|2732	|1959	|2971	|2896	|4371	|3168	|2528	|3960	|17258	|2171	|3297	|3253	|2774	|2539	|2887	|2436	|2734	|2740	|3133	|2747	|2983	|2946	|2790	|2801	|
________________________________________________________
58	|440	|429	|236	|482	|430	|343	|286	|438	|257	|369	|304	|465	|0	|0	|369	|371	|2649	|2056	|1480	|2607	|2071	|1612	|1979	|2010	|2274	|1471	|1690	|2380	|0	|1123	|0	|2388	|2284	|1999	|2557	|1997	|2000	|2002	|2394	|2015	|2471	|0	|0	|2406	|2048	|1414	|1341	|2232	|1529	|1652	|1990	|2005	|3051	|2231	|1772	|2547	|2171	|12079	|2192	|2495	|1964	|1758	|2196	|1522	|1938	|1982	|2494	|2166	|2443	|2049	|2013	|2466	|
________________________________________________________
59	|591	|609	|269	|467	|523	|567	|300	|572	|393	|550	|430	|596	|510	|336	|467	|2980	|3576	|2783	|2067	|3300	|2974	|1977	|3517	|2386	|3237	|2022	|2244	|3144	|2848	|0	|2010	|0	|3039	|2873	|3219	|2786	|2916	|2848	|2989	|2533	|2900	|2862	|2808	|2763	|2829	|1877	|1829	|2761	|2285	|1772	|3272	|1965	|4405	|3176	|2354	|3522	|3297	|2192	|16784	|3525	|2810	|2534	|2869	|2342	|2646	|2734	|3106	|2698	|2835	|2759	|2980	|2718	|
________________________________________________________
60	|568	|604	|260	|487	|478	|378	|427	|586	|377	|571	|418	|616	|559	|0	|596	|631	|3616	|2784	|1976	|3251	|2843	|2013	|2399	|3497	|3167	|2120	|2145	|3163	|2807	|2109	|0	|1415	|3029	|2745	|3181	|2885	|2825	|2754	|2901	|2508	|2826	|2663	|2784	|2678	|2846	|1898	|1832	|2813	|2325	|2039	|3076	|3043	|4212	|3105	|2197	|3494	|3253	|2495	|3525	|16512	|2748	|2506	|2724	|2305	|2653	|2715	|2890	|2705	|2869	|2847	|2641	|2607	|
________________________________________________________
61	|660	|0	|321	|545	|466	|377	|423	|603	|376	|546	|440	|616	|417	|458	|475	|494	|3608	|2689	|2509	|3291	|2742	|1966	|2779	|2660	|2750	|1725	|2159	|2779	|2386	|1792	|2750	|2763	|2723	|0	|3602	|3146	|3095	|3059	|3897	|2003	|2885	|2648	|2775	|2819	|2669	|1905	|2223	|2681	|2221	|2125	|2755	|2740	|3676	|2709	|2152	|3118	|2774	|1964	|2810	|2748	|16504	|2724	|3083	|2641	|3091	|3042	|3559	|3031	|2874	|2775	|2736	|2804	|
________________________________________________________
62	|549	|505	|1659	|415	|451	|576	|377	|373	|330	|482	|360	|551	|327	|404	|403	|443	|3204	|2480	|0	|2988	|2574	|1761	|2508	|2454	|2462	|1648	|1994	|2442	|2126	|1602	|2476	|2465	|0	|2228	|3310	|2867	|2820	|2880	|2148	|3182	|2633	|2487	|2432	|2451	|2465	|1659	|1631	|2499	|1987	|1422	|2456	|2574	|3335	|2454	|2018	|2802	|2539	|1758	|2534	|2506	|2724	|14875	|2846	|2393	|2798	|2804	|1801	|2811	|2549	|2484	|2512	|2462	|
________________________________________________________
63	|488	|716	|287	|2785	|633	|449	|365	|558	|379	|0	|434	|647	|442	|354	|566	|577	|3552	|2797	|0	|3289	|2860	|2014	|2750	|2673	|2826	|1722	|2448	|2768	|2580	|1813	|2724	|2640	|3478	|3152	|2821	|0	|3032	|3055	|2862	|2466	|3588	|2164	|2759	|2763	|2759	|1970	|1824	|2785	|2319	|1949	|2743	|2772	|3699	|2621	|2422	|2932	|2887	|2196	|2869	|2724	|3083	|2846	|16518	|2651	|3019	|3023	|2955	|2626	|3255	|3153	|2765	|2753	|
________________________________________________________
64	|0	|672	|317	|413	|319	|457	|318	|243	|306	|362	|2298	|459	|314	|517	|489	|384	|3107	|2378	|2121	|2945	|2404	|1870	|2370	|2386	|2425	|1503	|0	|2388	|1888	|1550	|2385	|2402	|2900	|2687	|0	|2058	|2759	|2661	|2481	|2132	|2027	|3197	|2356	|2398	|2313	|1637	|1872	|2426	|1927	|1711	|2317	|2329	|3194	|2298	|1709	|2770	|2436	|1522	|2342	|2305	|2641	|2393	|2651	|14202	|2630	|2731	|2608	|2333	|1560	|2770	|2327	|2381	|
________________________________________________________
65	|620	|705	|305	|481	|428	|471	|352	|467	|281	|580	|379	|3274	|545	|452	|455	|536	|3497	|2673	|2236	|3316	|2776	|2002	|2707	|2716	|2739	|1682	|0	|2685	|2355	|1796	|2663	|2663	|3391	|3144	|3543	|3296	|2519	|0	|2826	|2469	|2789	|2688	|3543	|2406	|2677	|1933	|2008	|2748	|2171	|1813	|2729	|2755	|3664	|2620	|1929	|3274	|2734	|1938	|2646	|2653	|3091	|2798	|3019	|2630	|16309	|3013	|2937	|2602	|2746	|2747	|3043	|3081	|
________________________________________________________
66	|585	|681	|331	|514	|446	|420	|336	|519	|0	|619	|487	|597	|339	|527	|467	|326	|3616	|2675	|2235	|3355	|2729	|2032	|2674	|2709	|2712	|1735	|2479	|2749	|2404	|2016	|2701	|2759	|3447	|3148	|3531	|3309	|0	|2506	|2829	|2438	|2777	|2747	|2378	|3588	|2720	|1923	|2002	|2781	|2167	|1890	|2851	|2806	|3705	|2667	|2372	|2994	|2740	|1982	|2734	|2715	|3042	|2804	|3023	|2731	|3013	|16469	|2915	|2584	|2792	|2821	|1901	|3035	|
________________________________________________________
67	|657	|579	|207	|496	|627	|0	|426	|692	|358	|532	|394	|587	|517	|593	|622	|628	|3873	|2973	|2443	|3668	|3099	|2737	|2948	|2853	|2986	|1960	|2145	|3115	|2661	|2239	|3054	|3044	|4187	|2702	|3478	|3068	|3070	|3037	|3154	|0	|3546	|3389	|3436	|3542	|2970	|2154	|2032	|3078	|2493	|2544	|3144	|2880	|4092	|3041	|2105	|3445	|3133	|2494	|3106	|2890	|3559	|1801	|2955	|2608	|2937	|2915	|18276	|3267	|3487	|3520	|3489	|3441	|
________________________________________________________
68	|537	|782	|309	|453	|561	|348	|2155	|502	|296	|470	|368	|504	|448	|480	|525	|530	|3480	|2680	|1996	|3258	|2742	|0	|2630	|2611	|2712	|1701	|1934	|2687	|2359	|1975	|2612	|2614	|2531	|3673	|2955	|2718	|2705	|2658	|0	|2022	|3058	|2966	|3006	|3053	|2613	|1822	|1747	|2706	|2155	|1926	|2755	|2647	|3702	|2622	|1999	|2994	|2747	|2166	|2698	|2705	|3031	|2811	|2626	|2333	|2602	|2584	|3267	|16012	|3160	|3020	|2992	|3054	|
________________________________________________________
69	|747	|617	|262	|540	|431	|559	|376	|2981	|357	|425	|239	|568	|514	|0	|583	|585	|3621	|2860	|2013	|3381	|2928	|0	|2782	|2729	|2862	|1823	|2190	|2805	|2644	|2245	|2747	|2873	|3074	|2954	|4166	|2527	|2715	|2751	|3454	|2924	|2512	|0	|3135	|3153	|2813	|2006	|1564	|2814	|2347	|1957	|2981	|2734	|3811	|2832	|2088	|3193	|2983	|2443	|2835	|2869	|2874	|2549	|3255	|1560	|2746	|2792	|3487	|3160	|16925	|3294	|3197	|3157	|
________________________________________________________
70	|476	|587	|309	|539	|0	|546	|428	|564	|328	|638	|444	|537	|507	|359	|2946	|489	|3651	|2751	|2054	|3462	|2943	|2447	|2768	|2744	|2815	|1838	|2029	|2863	|2477	|0	|2701	|2829	|3092	|2802	|2817	|3847	|2807	|2762	|3375	|2833	|0	|2305	|3337	|3261	|2794	|1930	|2098	|2854	|2252	|2366	|2784	|2784	|3759	|2763	|2006	|3188	|2946	|2049	|2759	|2847	|2775	|2484	|3153	|2770	|2747	|2821	|3520	|3020	|3294	|16877	|3188	|3152	|
________________________________________________________
71	|576	|593	|298	|444	|584	|495	|386	|567	|385	|430	|341	|567	|359	|579	|470	|2980	|3608	|2778	|1972	|3335	|2883	|2280	|2744	|2727	|2801	|1740	|2008	|2677	|2482	|0	|2745	|2716	|2994	|2790	|3180	|2774	|3589	|2364	|3316	|2897	|3303	|3138	|2388	|0	|2782	|1941	|1811	|2784	|2181	|2144	|2675	|2650	|3716	|2693	|1838	|3027	|2790	|2013	|2980	|2641	|2736	|2512	|2765	|2327	|3043	|1901	|3489	|2992	|3197	|3188	|16511	|3203	|
________________________________________________________
72	|541	|593	|292	|485	|590	|516	|370	|557	|273	|493	|441	|614	|0	|526	|597	|563	|3635	|2734	|2060	|3373	|2874	|2212	|2816	|2695	|2776	|1772	|2045	|2872	|2527	|2219	|2723	|2686	|2931	|2747	|3209	|2827	|2408	|3560	|3321	|2789	|3329	|3134	|0	|2362	|2763	|1861	|1780	|2828	|2252	|2115	|2721	|2681	|3747	|2685	|2122	|3089	|2801	|2466	|2718	|2607	|2804	|2462	|2753	|2381	|3081	|3035	|3441	|3054	|3157	|3152	|3203	|16543	|
________________________________________________________
