0	|1	|2	|3	|4	|5	|6	|7	|8	|9	|10	|11	|12	|13	|14	|15	|16	|17	|18	|19	|20	|21	|22	|23	|24	|25	|26	|27	|28	|29	|30	|31	|32	|33	|34	|35	|36	|37	|38	|39	|40	|41	|42	|43	|44	|45	|46	|47	|48	|49	|50	|51	|52	|53	|54	|55	|56	|57	|58	|59	|60	|61	|62	|63	|64	|65	|66	|67	|68	|69	|70	|71	|72	|
1	|3268	|100	|48	|110	|145	|83	|86	|127	|110	|105	|0	|108	|100	|69	|62	|105	|815	|3268	|416	|651	|707	|461	|604	|601	|665	|445	|431	|525	|524	|371	|563	|521	|700	|541	|3268	|591	|621	|636	|611	|419	|666	|363	|574	|605	|0	|308	|0	|669	|516	|434	|633	|626	|612	|672	|499	|538	|514	|424	|544	|554	|661	|560	|475	|0	|577	|602	|658	|541	|661	|442	|555	|606	|
________________________________________________________
2	|100	|3688	|69	|104	|141	|115	|0	|138	|57	|140	|99	|151	|75	|114	|94	|105	|968	|597	|406	|3688	|741	|522	|678	|688	|674	|324	|483	|676	|401	|417	|629	|619	|763	|3688	|741	|758	|648	|684	|688	|598	|621	|597	|589	|586	|735	|495	|0	|555	|0	|538	|672	|666	|890	|647	|523	|805	|565	|469	|577	|622	|0	|462	|713	|619	|677	|689	|601	|807	|621	|605	|627	|624	|
________________________________________________________
3	|48	|69	|1756	|31	|77	|73	|62	|52	|49	|48	|62	|47	|46	|60	|71	|44	|0	|218	|0	|419	|397	|247	|317	|343	|219	|262	|264	|293	|282	|183	|269	|275	|0	|248	|403	|360	|328	|343	|252	|352	|313	|349	|287	|330	|347	|1756	|248	|283	|300	|230	|327	|325	|300	|346	|230	|265	|327	|217	|308	|277	|324	|1756	|302	|338	|315	|318	|232	|344	|261	|332	|288	|308	|
________________________________________________________
4	|110	|104	|31	|2721	|0	|78	|66	|119	|71	|0	|74	|114	|50	|54	|130	|124	|710	|536	|0	|478	|0	|401	|488	|522	|472	|311	|415	|567	|347	|324	|438	|487	|601	|532	|489	|0	|509	|482	|474	|384	|575	|352	|458	|474	|562	|285	|337	|2721	|440	|404	|509	|539	|622	|478	|372	|524	|557	|489	|478	|477	|564	|415	|2721	|424	|504	|486	|503	|438	|544	|561	|422	|415	|
________________________________________________________
5	|145	|141	|77	|0	|3015	|71	|51	|127	|69	|112	|53	|64	|116	|88	|0	|119	|717	|585	|453	|727	|3015	|363	|487	|579	|469	|294	|557	|613	|551	|407	|530	|453	|555	|534	|682	|571	|442	|480	|653	|463	|3015	|530	|574	|574	|576	|409	|392	|0	|299	|0	|646	|628	|633	|512	|354	|468	|620	|421	|495	|517	|488	|458	|662	|339	|493	|489	|670	|538	|478	|0	|578	|595	|
________________________________________________________
6	|83	|115	|73	|78	|71	|2707	|52	|72	|47	|122	|70	|103	|71	|107	|116	|114	|680	|501	|357	|612	|482	|314	|2707	|570	|448	|284	|354	|452	|364	|311	|523	|330	|321	|519	|450	|518	|472	|425	|481	|2707	|491	|553	|543	|549	|517	|357	|349	|540	|454	|0	|366	|0	|561	|419	|306	|533	|509	|372	|572	|406	|368	|551	|435	|414	|476	|427	|0	|365	|577	|548	|512	|470	|
________________________________________________________
7	|86	|0	|62	|66	|51	|52	|2181	|50	|49	|50	|54	|61	|78	|76	|92	|59	|488	|377	|318	|0	|269	|0	|450	|413	|368	|251	|310	|276	|396	|271	|331	|389	|364	|473	|413	|378	|333	|392	|0	|278	|436	|433	|407	|400	|423	|306	|306	|438	|2181	|234	|369	|430	|532	|373	|247	|325	|448	|281	|343	|402	|434	|395	|372	|309	|379	|326	|404	|2181	|354	|439	|415	|438	|
________________________________________________________
8	|127	|138	|52	|119	|127	|72	|50	|2925	|85	|71	|33	|97	|79	|0	|111	|130	|747	|572	|403	|709	|621	|0	|415	|0	|483	|330	|387	|513	|430	|386	|640	|394	|637	|460	|690	|428	|497	|478	|643	|489	|464	|0	|544	|522	|546	|377	|358	|595	|395	|359	|2925	|574	|638	|465	|361	|505	|517	|412	|572	|508	|560	|416	|577	|221	|468	|464	|646	|491	|2925	|564	|551	|509	|
________________________________________________________
9	|110	|57	|49	|71	|69	|47	|49	|85	|1882	|46	|38	|67	|58	|45	|59	|96	|311	|424	|246	|320	|330	|228	|353	|330	|406	|1882	|211	|317	|340	|216	|351	|348	|394	|348	|446	|347	|1882	|332	|342	|275	|350	|229	|352	|203	|221	|318	|246	|313	|283	|216	|325	|295	|0	|226	|0	|436	|378	|280	|377	|366	|349	|318	|407	|310	|290	|0	|342	|296	|400	|320	|440	|274	|
________________________________________________________
10	|105	|140	|48	|0	|112	|122	|50	|71	|46	|2972	|75	|99	|81	|108	|0	|105	|672	|471	|445	|699	|573	|561	|504	|495	|605	|317	|331	|2972	|542	|403	|542	|542	|630	|565	|629	|2972	|484	|592	|522	|458	|588	|563	|445	|512	|493	|333	|399	|611	|297	|333	|461	|490	|789	|561	|0	|445	|0	|423	|502	|542	|556	|510	|0	|373	|579	|646	|555	|496	|433	|685	|483	|516	|
________________________________________________________
11	|0	|99	|62	|74	|53	|70	|54	|33	|38	|75	|2404	|84	|72	|108	|98	|75	|472	|468	|349	|479	|399	|320	|403	|411	|0	|168	|0	|470	|387	|301	|471	|461	|476	|423	|0	|370	|440	|483	|423	|377	|359	|534	|456	|431	|451	|351	|371	|440	|289	|264	|390	|376	|649	|2404	|276	|475	|523	|299	|421	|481	|456	|408	|416	|2404	|402	|500	|448	|389	|263	|481	|361	|425	|
________________________________________________________
12	|108	|151	|47	|114	|64	|103	|61	|97	|67	|99	|84	|3329	|0	|115	|117	|121	|793	|486	|473	|782	|464	|475	|541	|562	|623	|424	|0	|460	|0	|426	|598	|603	|683	|609	|742	|718	|475	|0	|642	|514	|557	|537	|711	|487	|681	|352	|451	|660	|357	|390	|565	|554	|858	|609	|430	|3329	|660	|498	|604	|646	|626	|547	|646	|513	|3329	|599	|595	|512	|511	|536	|637	|600	|
________________________________________________________
13	|100	|75	|46	|50	|116	|71	|78	|79	|58	|81	|72	|0	|2495	|55	|61	|94	|542	|388	|296	|392	|520	|320	|386	|465	|438	|262	|357	|539	|2495	|306	|402	|526	|446	|429	|537	|421	|455	|448	|517	|475	|543	|414	|2495	|503	|439	|300	|315	|332	|436	|284	|406	|471	|655	|488	|374	|0	|274	|0	|488	|515	|418	|413	|440	|326	|534	|346	|489	|482	|537	|497	|360	|0	|
________________________________________________________
14	|69	|114	|60	|54	|88	|107	|76	|0	|45	|108	|108	|115	|55	|2725	|101	|58	|618	|443	|341	|557	|482	|380	|502	|479	|520	|356	|354	|544	|381	|281	|2725	|592	|486	|454	|381	|558	|366	|530	|547	|474	|543	|2725	|443	|572	|458	|292	|343	|457	|387	|380	|595	|400	|682	|487	|387	|619	|572	|0	|336	|0	|456	|406	|363	|542	|441	|517	|595	|474	|0	|375	|526	|525	|
________________________________________________________
15	|62	|94	|71	|130	|0	|116	|92	|111	|59	|0	|98	|117	|61	|101	|2934	|85	|665	|445	|355	|548	|618	|420	|521	|466	|565	|338	|426	|0	|312	|0	|563	|615	|533	|454	|480	|673	|429	|494	|556	|543	|0	|425	|561	|602	|478	|331	|517	|626	|448	|389	|472	|482	|718	|543	|459	|692	|2934	|364	|478	|594	|458	|437	|557	|494	|465	|511	|600	|570	|590	|2934	|508	|583	|
________________________________________________________
16	|105	|105	|44	|124	|119	|114	|59	|130	|96	|105	|75	|121	|94	|58	|85	|3000	|620	|494	|391	|600	|518	|413	|647	|453	|579	|374	|408	|591	|566	|0	|354	|0	|586	|498	|655	|506	|670	|429	|627	|505	|609	|573	|459	|0	|526	|331	|350	|553	|387	|385	|543	|350	|789	|547	|407	|646	|556	|372	|3000	|641	|509	|456	|593	|395	|581	|300	|624	|537	|648	|489	|3000	|562	|
________________________________________________________
17	|815	|968	|0	|710	|717	|680	|488	|747	|311	|672	|472	|793	|542	|618	|665	|620	|22067	|4048	|3129	|5116	|4271	|3052	|4149	|4088	|4081	|1766	|2598	|3651	|3174	|2438	|3799	|3658	|4058	|3704	|4215	|3869	|3656	|3634	|3884	|3276	|3708	|3530	|3721	|3729	|3333	|0	|3037	|4211	|3277	|2791	|4195	|4085	|5487	|3293	|2789	|4079	|3716	|2583	|3656	|3569	|3714	|3303	|3578	|3146	|3574	|3670	|4078	|3589	|3802	|3661	|3691	|3646	|
________________________________________________________
18	|3268	|597	|218	|536	|585	|501	|377	|572	|424	|471	|468	|486	|388	|443	|445	|494	|4048	|16424	|2035	|3796	|3218	|2200	|3143	|3001	|3334	|2368	|1921	|2729	|2444	|1874	|2727	|2722	|3052	|2703	|3268	|2811	|2736	|2770	|2918	|2460	|2921	|2646	|2724	|2885	|0	|1456	|0	|3084	|2476	|2122	|3132	|3146	|3111	|3312	|1947	|2949	|2708	|2051	|2741	|2714	|2679	|2470	|2631	|2272	|2648	|2663	|2969	|2641	|2826	|2695	|2748	|2713	|
________________________________________________________
19	|416	|406	|0	|0	|453	|357	|318	|403	|246	|445	|349	|473	|296	|341	|355	|391	|3129	|2035	|12393	|2499	|2639	|1830	|2333	|2320	|2256	|1156	|1755	|2075	|1816	|1358	|2082	|2003	|2739	|2021	|2411	|2581	|2230	|2271	|2378	|1592	|2064	|2025	|2136	|2051	|2435	|0	|1283	|0	|2031	|1584	|2320	|2238	|2957	|2053	|1681	|2304	|2089	|1427	|2078	|2036	|2566	|0	|0	|2183	|2263	|2270	|2546	|2085	|2100	|2081	|2108	|2054	|
________________________________________________________
20	|651	|3688	|419	|478	|727	|612	|0	|709	|320	|699	|479	|782	|392	|557	|548	|600	|5116	|3796	|2499	|20211	|3983	|2794	|3804	|3756	|3367	|2092	|2176	|3929	|2300	|2279	|3456	|3349	|3668	|3688	|3907	|3518	|3371	|3383	|3556	|3009	|3575	|3251	|3362	|3395	|3915	|2597	|0	|2938	|0	|2850	|3743	|3738	|4609	|3377	|2463	|4339	|3010	|2523	|3296	|3426	|3216	|2933	|3423	|2907	|3396	|3412	|3725	|3325	|3450	|3362	|3345	|3378	|
________________________________________________________
21	|707	|741	|397	|0	|3015	|482	|269	|621	|330	|573	|399	|464	|520	|482	|618	|518	|4271	|3218	|2639	|3983	|17258	|2114	|3258	|3204	|2733	|1807	|2378	|3432	|3119	|1963	|2900	|2778	|3168	|2889	|3352	|2955	|2696	|2766	|3106	|2622	|3015	|2836	|2880	|2910	|3255	|2291	|2314	|0	|1754	|0	|3272	|3306	|3912	|2918	|2065	|2670	|3542	|2053	|2898	|2922	|2778	|2559	|2906	|2457	|2737	|2828	|3159	|2798	|2945	|2833	|2836	|2783	|
________________________________________________________
22	|461	|522	|247	|401	|363	|314	|0	|0	|228	|561	|320	|475	|320	|380	|420	|413	|3052	|2200	|1830	|2794	|2114	|12301	|2099	|2500	|2068	|1294	|1498	|2300	|1598	|1581	|2062	|2049	|2197	|2064	|2162	|2349	|1986	|2001	|2717	|1832	|2166	|2348	|2309	|2332	|2282	|1576	|1608	|2473	|0	|1253	|0	|2458	|2862	|2049	|1469	|2466	|2102	|1638	|2049	|2068	|2038	|1850	|2034	|1942	|2071	|2006	|2797	|0	|0	|2549	|2262	|2220	|
________________________________________________________
23	|604	|678	|317	|488	|487	|2707	|450	|415	|353	|504	|403	|541	|386	|502	|521	|647	|4149	|3143	|2333	|3804	|3258	|2099	|16598	|3219	|2783	|1707	|1962	|2790	|2439	|1633	|3166	|2020	|3068	|2701	|3183	|2863	|2821	|2751	|2835	|2707	|2856	|2722	|2904	|2840	|3188	|2249	|2132	|3133	|2579	|0	|2210	|0	|3740	|2729	|1938	|3006	|2868	|2001	|3496	|2366	|2722	|2454	|2764	|2408	|2779	|2781	|2904	|2672	|2895	|2786	|2862	|2733	|
________________________________________________________
24	|601	|688	|343	|522	|579	|570	|413	|0	|330	|495	|411	|562	|465	|479	|466	|453	|4088	|3001	|2320	|3756	|3204	|2500	|3219	|16438	|2746	|1725	|2003	|2725	|2459	|2004	|3123	|3044	|3014	|2747	|3182	|2788	|2677	|2704	|2850	|2399	|2790	|2654	|2718	|2705	|3080	|2123	|2038	|3101	|2406	|2434	|0	|1338	|3707	|2803	|2012	|3052	|2748	|2006	|2443	|3587	|2709	|2536	|2765	|2375	|2785	|2730	|2993	|2646	|2815	|2721	|2734	|2679	|
________________________________________________________
25	|665	|674	|219	|472	|469	|448	|368	|483	|406	|605	|0	|623	|438	|520	|565	|579	|4081	|3334	|2256	|3367	|2733	|2068	|2783	|2746	|16517	|2310	|2445	|3131	|2711	|2060	|3118	|3066	|3053	|2758	|3216	|2810	|2720	|2725	|2991	|2519	|2822	|2662	|2697	|2714	|3272	|1425	|1844	|2728	|2214	|1945	|2713	|2708	|3076	|0	|2434	|3430	|3153	|2245	|3176	|3116	|2806	|2524	|2758	|2372	|2735	|2684	|3039	|2651	|2752	|2832	|2729	|2728	|
________________________________________________________
26	|445	|324	|262	|311	|294	|284	|251	|330	|1882	|317	|168	|424	|262	|356	|338	|374	|1766	|2368	|1156	|2092	|1807	|1294	|1707	|1725	|2310	|10509	|1261	|2062	|1799	|1388	|2076	|2008	|1968	|1765	|1968	|1831	|1882	|1686	|1842	|1601	|1850	|1696	|1739	|1743	|1197	|1724	|1216	|1747	|1414	|1266	|1787	|1782	|0	|1203	|0	|2255	|2034	|1446	|1955	|1964	|1711	|1599	|1802	|1497	|1759	|1723	|1903	|1728	|1819	|1739	|1772	|1715	|
________________________________________________________
27	|431	|483	|264	|415	|557	|354	|310	|387	|211	|331	|0	|0	|357	|354	|426	|408	|2598	|1921	|1755	|2176	|2378	|1498	|1962	|2003	|2445	|1261	|11942	|1981	|2128	|1610	|2151	|2141	|2443	|2240	|2658	|2044	|1936	|2569	|2181	|1806	|2252	|1752	|2006	|2026	|2041	|1403	|1594	|1961	|1845	|1401	|1948	|2030	|3259	|0	|1261	|0	|2451	|1648	|2178	|2149	|2270	|2035	|2470	|0	|0	|2581	|2155	|1958	|2300	|2042	|1958	|2019	|
________________________________________________________
28	|525	|676	|293	|567	|613	|452	|276	|513	|317	|2972	|470	|460	|539	|544	|0	|591	|3651	|2729	|2075	|3929	|3432	|2300	|2790	|2725	|3131	|2062	|1981	|16737	|3162	|2247	|3184	|3137	|3150	|2847	|3213	|2972	|2813	|2717	|2982	|2534	|2864	|2663	|2751	|2879	|2856	|1957	|1897	|3376	|1755	|1894	|2784	|2846	|4297	|3137	|0	|2519	|0	|2347	|3182	|3227	|2801	|2560	|2764	|2413	|2758	|2782	|3148	|2750	|2869	|2878	|2774	|2737	|
________________________________________________________
29	|524	|401	|282	|347	|551	|364	|396	|430	|340	|542	|387	|0	|2495	|381	|312	|566	|3174	|2444	|1816	|2300	|3119	|1598	|2439	|2459	|2711	|1799	|2128	|3162	|14839	|1670	|2831	|2865	|2706	|2486	|3051	|2603	|2382	|2422	|2643	|2243	|2634	|2397	|2495	|2594	|2427	|1735	|1834	|1967	|2678	|1683	|2502	|2565	|3802	|2842	|2096	|0	|1809	|0	|2800	|2844	|2402	|2243	|2568	|1950	|2361	|2425	|2650	|2365	|2526	|2413	|2414	|2475	|
________________________________________________________
30	|371	|417	|183	|324	|407	|311	|271	|386	|216	|403	|301	|426	|306	|281	|0	|0	|2438	|1874	|1358	|2279	|1963	|1581	|1633	|2004	|2060	|1388	|1610	|2247	|1670	|11128	|1881	|2218	|2033	|1888	|2176	|1922	|1644	|2094	|2233	|1850	|2343	|1739	|1816	|2283	|1891	|1268	|1251	|1903	|1480	|1464	|1834	|2103	|2772	|2064	|1535	|2415	|0	|1228	|0	|2288	|1891	|1611	|1834	|1559	|1786	|1999	|2277	|2007	|2296	|0	|0	|2225	|
________________________________________________________
31	|563	|629	|269	|438	|530	|523	|331	|640	|351	|542	|471	|598	|402	|2725	|563	|354	|3799	|2727	|2082	|3456	|2900	|2062	|3166	|3123	|3118	|2076	|2151	|3184	|2831	|1881	|16626	|3444	|3087	|2758	|3228	|2846	|2769	|2792	|2912	|2453	|2879	|2725	|2797	|2749	|2781	|1820	|1930	|2711	|2219	|1930	|3539	|2405	|4273	|3152	|2281	|3353	|3253	|0	|2001	|0	|2747	|2492	|2730	|2384	|2679	|2770	|3107	|2685	|2875	|2760	|2772	|2752	|
________________________________________________________
32	|521	|619	|275	|487	|453	|330	|389	|394	|348	|542	|461	|603	|526	|592	|615	|0	|3658	|2722	|2003	|3349	|2778	|2049	|2020	|3044	|3066	|2008	|2141	|3137	|2865	|2218	|3444	|16509	|2960	|2766	|3157	|2864	|2724	|2703	|2910	|2402	|2816	|2705	|2698	|2662	|2733	|1857	|1880	|2815	|2163	|2136	|2276	|3534	|4301	|3207	|2220	|3485	|3235	|2335	|0	|1407	|2713	|2533	|2788	|2420	|2600	|2701	|2993	|2658	|2808	|2710	|2756	|2669	|
________________________________________________________
33	|700	|763	|0	|601	|555	|321	|364	|637	|394	|630	|476	|683	|446	|486	|533	|586	|4058	|3052	|2739	|3668	|3168	|2197	|3068	|3014	|3053	|1968	|2443	|3150	|2706	|2033	|3087	|2960	|18382	|3384	|4006	|3548	|3408	|3435	|3716	|1868	|3116	|2939	|3090	|2989	|3088	|2073	|2618	|2999	|2409	|2422	|3094	|3063	|4205	|3065	|2452	|3399	|3053	|2191	|3109	|3058	|2802	|0	|3448	|2968	|3468	|3467	|4319	|2691	|3183	|3077	|3183	|2996	|
________________________________________________________
34	|541	|3688	|248	|532	|534	|519	|473	|460	|348	|565	|423	|609	|429	|454	|454	|498	|3704	|2703	|2021	|3688	|2889	|2064	|2701	|2747	|2758	|1765	|2240	|2847	|2486	|1888	|2758	|2766	|3384	|16777	|3707	|3246	|3112	|3147	|3370	|2799	|2938	|2702	|2854	|2785	|2824	|2003	|0	|2814	|2208	|1963	|2701	|2771	|3733	|2833	|2244	|3044	|2830	|1963	|2780	|2818	|0	|2212	|3167	|2619	|3138	|3088	|2667	|3600	|2820	|2769	|2764	|2714	|
________________________________________________________
35	|3268	|741	|403	|489	|682	|450	|413	|690	|446	|629	|0	|742	|537	|381	|480	|655	|4215	|3268	|2411	|3907	|3352	|2162	|3183	|3182	|3216	|1968	|2658	|3213	|3051	|2176	|3228	|3157	|4006	|3707	|19267	|3589	|3555	|3586	|3318	|2802	|3704	|2355	|3216	|3207	|3228	|2178	|0	|3241	|2598	|2287	|3271	|3216	|4325	|3183	|2958	|3381	|3293	|2466	|3259	|3252	|3694	|3324	|2878	|0	|3571	|3609	|3534	|3166	|4049	|2810	|3225	|3303	|
________________________________________________________
36	|591	|758	|360	|0	|571	|518	|378	|428	|347	|2972	|370	|718	|421	|558	|673	|506	|3869	|2811	|2581	|3518	|2955	|2349	|2863	|2788	|2810	|1831	|2044	|2972	|2603	|1922	|2846	|2864	|3548	|3246	|3589	|17240	|3333	|3332	|3038	|2486	|3316	|3350	|2820	|2888	|2891	|1956	|2431	|2932	|2239	|1989	|2779	|2782	|3910	|2911	|0	|3175	|2982	|1998	|2716	|2864	|3201	|2931	|0	|2208	|3315	|3259	|3195	|2886	|2499	|3837	|2944	|2832	|
________________________________________________________
37	|621	|648	|328	|509	|442	|472	|333	|497	|1882	|484	|440	|475	|455	|366	|429	|670	|3656	|2736	|2230	|3371	|2696	|1986	|2821	|2677	|2720	|1882	|1936	|2813	|2382	|1644	|2769	|2724	|3408	|3112	|3555	|3333	|16423	|2962	|2933	|2486	|2731	|2658	|3169	|1892	|2666	|1936	|2071	|2799	|2116	|1913	|2767	|2754	|3636	|2743	|0	|2985	|2661	|1992	|2932	|2833	|3174	|2913	|3081	|2778	|2458	|0	|3055	|2649	|2793	|2782	|3577	|2313	|
________________________________________________________
38	|636	|684	|343	|482	|480	|425	|392	|478	|332	|592	|483	|0	|448	|530	|494	|429	|3634	|2770	|2271	|3383	|2766	|2001	|2751	|2704	|2725	|1686	|2569	|2717	|2422	|2094	|2792	|2703	|3435	|3147	|3586	|3332	|2962	|16629	|2960	|2451	|2867	|2785	|3205	|3226	|2767	|1992	|2054	|2834	|2204	|1959	|2760	|2808	|3694	|2773	|2509	|2923	|2778	|1855	|2716	|2754	|3149	|2843	|3108	|2665	|0	|2462	|3063	|2739	|2813	|2856	|2340	|3591	|
________________________________________________________
39	|611	|688	|252	|474	|653	|481	|0	|643	|342	|522	|423	|642	|517	|547	|556	|627	|3884	|2918	|2378	|3556	|3106	|2717	|2835	|2850	|2991	|1842	|2181	|2982	|2643	|2233	|2912	|2910	|3716	|3370	|3318	|3038	|2933	|2960	|17769	|2809	|3525	|3274	|3465	|3350	|3007	|2037	|1973	|2925	|2354	|2521	|2876	|2848	|4002	|2906	|2168	|3358	|2979	|2379	|3048	|2910	|3873	|2244	|2899	|2585	|2947	|2937	|3128	|0	|3449	|3276	|3391	|3319	|
________________________________________________________
40	|419	|598	|352	|384	|463	|2707	|278	|489	|275	|458	|377	|514	|475	|474	|543	|505	|3276	|2460	|1592	|3009	|2622	|1832	|2707	|2399	|2519	|1601	|1806	|2534	|2243	|1850	|2453	|2402	|1868	|2799	|2802	|2486	|2486	|2451	|2809	|14944	|2921	|2795	|2959	|2889	|2448	|1757	|1736	|2500	|2035	|0	|2464	|2532	|3338	|2574	|1754	|2700	|2615	|1994	|2487	|2477	|2068	|3129	|2390	|2063	|2540	|2446	|0	|2046	|2975	|2853	|2811	|2742	|
________________________________________________________
41	|666	|621	|313	|575	|3015	|491	|436	|464	|350	|588	|359	|557	|543	|543	|0	|609	|3708	|2921	|2064	|3575	|3015	|2166	|2856	|2790	|2822	|1850	|2252	|2864	|2634	|2343	|2879	|2816	|3116	|2938	|3704	|3316	|2731	|2867	|3525	|2921	|17213	|3238	|3356	|3292	|2962	|1948	|1920	|2839	|2174	|0	|2844	|2935	|3814	|2868	|2096	|3134	|3032	|2404	|2839	|2848	|2904	|2611	|3623	|2050	|2875	|2749	|3530	|3078	|2574	|0	|3246	|3278	|
________________________________________________________
42	|363	|597	|349	|352	|530	|553	|433	|0	|229	|563	|534	|537	|414	|2725	|425	|573	|3530	|2646	|2025	|3251	|2836	|2348	|2722	|2654	|2662	|1696	|1752	|2663	|2397	|1739	|2725	|2705	|2939	|2702	|2355	|3350	|2658	|2785	|3274	|2795	|3238	|16377	|3115	|3221	|2691	|1875	|2123	|2739	|2225	|2225	|2642	|2639	|3690	|2791	|1963	|3072	|2756	|0	|2708	|2644	|2728	|2499	|2279	|3182	|2785	|2721	|3504	|2949	|0	|2358	|3187	|3057	|
________________________________________________________
43	|574	|589	|287	|458	|574	|543	|407	|544	|352	|445	|456	|711	|2495	|443	|561	|459	|3721	|2724	|2136	|3362	|2880	|2309	|2904	|2718	|2697	|1739	|2006	|2751	|2495	|1816	|2797	|2698	|3090	|2854	|3216	|2820	|3169	|3205	|3465	|2959	|3356	|3115	|16798	|3228	|2914	|1933	|1891	|2846	|2183	|2122	|2762	|2723	|3842	|2841	|2054	|3068	|2817	|0	|2814	|2775	|2772	|2565	|2795	|2438	|3581	|2369	|3496	|3097	|3304	|3172	|2433	|0	|
________________________________________________________
44	|605	|586	|330	|474	|574	|549	|400	|522	|203	|512	|431	|487	|503	|572	|602	|0	|3729	|2885	|2051	|3395	|2910	|2332	|2840	|2705	|2714	|1743	|2026	|2879	|2594	|2283	|2749	|2662	|2989	|2785	|3207	|2888	|1892	|3226	|3350	|2889	|3292	|3221	|3228	|16852	|2821	|1993	|1880	|2854	|2231	|2154	|2769	|2792	|3757	|2785	|2130	|3124	|2822	|2394	|2790	|2749	|2823	|2587	|2759	|2393	|2375	|3604	|3500	|3158	|3245	|3245	|0	|2365	|
________________________________________________________
45	|0	|735	|347	|562	|576	|517	|423	|546	|221	|493	|451	|681	|439	|458	|478	|526	|3333	|0	|2435	|3915	|3255	|2282	|3188	|3080	|3272	|1197	|2041	|2856	|2427	|1891	|2781	|2733	|3088	|2824	|3228	|2891	|2666	|2767	|3007	|2448	|2962	|2691	|2914	|2821	|16761	|2331	|2294	|3268	|2503	|2300	|3138	|3235	|4483	|3297	|2113	|3125	|2854	|1969	|2757	|2802	|2795	|2558	|2827	|2345	|2797	|2778	|3109	|2727	|2903	|2769	|2787	|2777	|
________________________________________________________
46	|308	|495	|1756	|285	|409	|357	|306	|377	|318	|333	|351	|352	|300	|292	|331	|331	|0	|1456	|0	|2597	|2291	|1576	|2249	|2123	|1425	|1724	|1403	|1957	|1735	|1268	|1820	|1857	|2073	|2003	|2178	|1956	|1936	|1992	|2037	|1757	|1948	|1875	|1933	|1993	|2331	|11482	|1309	|2167	|1732	|1512	|2103	|2200	|2069	|2333	|1238	|2090	|1936	|1335	|1933	|1956	|1920	|1756	|1926	|1641	|1908	|1915	|2119	|1926	|2002	|1926	|1875	|1933	|
________________________________________________________
47	|0	|0	|248	|337	|392	|349	|306	|358	|246	|399	|371	|451	|315	|343	|517	|350	|3037	|0	|1283	|0	|2314	|1608	|2132	|2038	|1844	|1216	|1594	|1897	|1834	|1251	|1930	|1880	|2618	|0	|0	|2431	|2071	|2054	|1973	|1736	|1920	|2123	|1891	|1880	|2294	|1309	|11371	|1936	|1862	|1585	|2058	|2013	|2635	|1938	|1554	|1979	|2141	|1406	|1840	|1832	|2342	|1824	|1925	|2069	|2113	|2087	|2116	|1812	|1769	|2180	|1921	|1884	|
________________________________________________________
48	|669	|555	|283	|2721	|0	|540	|438	|595	|313	|611	|440	|660	|332	|457	|626	|553	|4211	|3084	|0	|2938	|0	|2473	|3133	|3101	|2728	|1747	|1961	|3376	|1967	|1903	|2711	|2815	|2999	|2814	|3241	|2932	|2799	|2834	|2925	|2500	|2839	|2739	|2846	|2854	|3268	|2167	|1936	|16692	|2678	|2416	|3106	|3187	|3741	|2846	|1960	|3598	|3440	|2200	|2737	|2714	|2789	|2624	|2721	|2425	|2775	|2719	|3095	|2765	|2784	|2881	|2829	|2793	|
________________________________________________________
49	|516	|0	|300	|440	|299	|454	|2181	|395	|283	|297	|289	|357	|436	|387	|448	|387	|3277	|2476	|2031	|0	|1754	|0	|2579	|2406	|2214	|1414	|1845	|1755	|2678	|1480	|2219	|2163	|2409	|2208	|2598	|2239	|2116	|2204	|2354	|2035	|2174	|2225	|2183	|2231	|2503	|1732	|1862	|2678	|13333	|1552	|2574	|2542	|3098	|2200	|1625	|1841	|2684	|1416	|2251	|2209	|2091	|1983	|2171	|1864	|2166	|2136	|2331	|2181	|2243	|2265	|2253	|2186	|
________________________________________________________
50	|434	|538	|230	|404	|0	|0	|234	|359	|216	|333	|264	|390	|284	|380	|389	|385	|2791	|2122	|1584	|2850	|0	|1253	|0	|2434	|1945	|1266	|1401	|1894	|1683	|1464	|1930	|2136	|2422	|1963	|2287	|1989	|1913	|1959	|2521	|0	|0	|2225	|2122	|2154	|2300	|1512	|1585	|2416	|1552	|11701	|1982	|2324	|2673	|1961	|1415	|2171	|1921	|1706	|1767	|2125	|2200	|1604	|1962	|1635	|1917	|1970	|2620	|1896	|2065	|2372	|2206	|2184	|
________________________________________________________
51	|633	|672	|327	|509	|646	|366	|369	|2925	|325	|461	|390	|565	|406	|595	|472	|543	|4195	|3132	|2320	|3743	|3272	|0	|2210	|0	|2713	|1787	|1948	|2784	|2502	|1834	|3539	|2276	|3094	|2701	|3271	|2779	|2767	|2760	|2876	|2464	|2844	|2642	|2762	|2769	|3138	|2103	|2058	|3106	|2574	|1982	|16511	|3342	|3756	|2757	|1983	|3079	|2839	|1980	|3127	|2996	|2752	|2599	|2759	|2319	|2793	|2776	|3059	|2757	|2925	|2727	|2740	|2644	|
________________________________________________________
52	|626	|666	|325	|539	|628	|0	|430	|574	|295	|490	|376	|554	|471	|400	|482	|350	|4085	|3146	|2238	|3738	|3306	|2458	|0	|1338	|2708	|1782	|2030	|2846	|2565	|2103	|2405	|3534	|3063	|2771	|3216	|2782	|2754	|2808	|2848	|2532	|2935	|2639	|2723	|2792	|3235	|2200	|2013	|3187	|2542	|2324	|3342	|16654	|3754	|2772	|1969	|3067	|2824	|1997	|1973	|3179	|2749	|2602	|2799	|2293	|2718	|2730	|2953	|2674	|2841	|2670	|2699	|2622	|
________________________________________________________
53	|612	|890	|300	|622	|633	|561	|532	|638	|0	|789	|649	|858	|655	|682	|718	|789	|5487	|3111	|2957	|4609	|3912	|2862	|3740	|3707	|3076	|0	|3259	|4297	|3802	|2772	|4273	|4301	|4205	|3733	|4325	|3910	|3636	|3694	|4002	|3338	|3814	|3690	|3842	|3757	|4483	|2069	|2635	|3741	|3098	|2673	|3756	|3754	|22642	|4460	|3022	|4836	|4442	|3045	|4247	|4331	|3679	|3403	|3741	|3317	|3720	|3651	|4230	|3733	|3727	|3744	|3836	|3642	|
________________________________________________________
54	|672	|647	|346	|478	|512	|419	|373	|465	|226	|561	|2404	|609	|488	|487	|543	|547	|3293	|3312	|2053	|3377	|2918	|2049	|2729	|2803	|0	|1203	|0	|3137	|2842	|2064	|3152	|3207	|3065	|2833	|3183	|2911	|2743	|2773	|2906	|2574	|2868	|2791	|2841	|2785	|3297	|2333	|1938	|2846	|2200	|1961	|2757	|2772	|4460	|16727	|2001	|3501	|3290	|2211	|3125	|3215	|2784	|2553	|2786	|2404	|2821	|2758	|3046	|2718	|2795	|2808	|2829	|2725	|
________________________________________________________
55	|499	|523	|230	|372	|354	|306	|247	|361	|0	|0	|276	|430	|374	|387	|459	|407	|2789	|1947	|1681	|2463	|2065	|1469	|1938	|2012	|2434	|0	|1261	|0	|2096	|1535	|2281	|2220	|2452	|2244	|2958	|0	|0	|2509	|2168	|1754	|2096	|1963	|2054	|2130	|2113	|1238	|1554	|1960	|1625	|1415	|1983	|1969	|3022	|2001	|12030	|2298	|2520	|1772	|2238	|2219	|2251	|1963	|2400	|1682	|2063	|2411	|2232	|1932	|2091	|1995	|1839	|2235	|
________________________________________________________
56	|538	|805	|265	|524	|468	|533	|325	|505	|436	|445	|475	|3329	|0	|619	|692	|646	|4079	|2949	|2304	|4339	|2670	|2466	|3006	|3052	|3430	|2255	|0	|2519	|0	|2415	|3353	|3485	|3399	|3044	|3381	|3175	|2985	|2923	|3358	|2700	|3134	|3072	|3068	|3124	|3125	|2090	|1979	|3598	|1841	|2171	|3079	|3067	|4836	|3501	|2298	|18349	|3872	|2576	|3396	|3516	|3141	|2731	|2872	|2736	|3329	|2862	|3384	|3001	|2996	|3115	|3153	|3003	|
________________________________________________________
57	|514	|565	|327	|557	|620	|509	|448	|517	|378	|0	|523	|660	|274	|572	|2934	|556	|3716	|2708	|2089	|3010	|3542	|2102	|2868	|2748	|3153	|2034	|2451	|0	|1809	|0	|3253	|3235	|3053	|2830	|3293	|2982	|2661	|2778	|2979	|2615	|3032	|2756	|2817	|2822	|2854	|1936	|2141	|3440	|2684	|1921	|2839	|2824	|4442	|3290	|2520	|3872	|17087	|2090	|3254	|3256	|2758	|2512	|2814	|2477	|2769	|2780	|3071	|2765	|2931	|2934	|2957	|2775	|
________________________________________________________
58	|424	|469	|217	|489	|421	|372	|281	|412	|280	|423	|299	|498	|0	|0	|364	|372	|2583	|2051	|1427	|2523	|2053	|1638	|2001	|2006	|2245	|1446	|1648	|2347	|0	|1228	|0	|2335	|2191	|1963	|2466	|1998	|1992	|1855	|2379	|1994	|2404	|0	|0	|2394	|1969	|1335	|1406	|2200	|1416	|1706	|1980	|1997	|3045	|2211	|1772	|2576	|2090	|11909	|2112	|2318	|2010	|1752	|2180	|1546	|2045	|1858	|2450	|2158	|2409	|2032	|2016	|2418	|
________________________________________________________
59	|544	|577	|308	|478	|495	|572	|343	|572	|377	|502	|421	|604	|488	|336	|478	|3000	|3656	|2741	|2078	|3296	|2898	|2049	|3496	|2443	|3176	|1955	|2178	|3182	|2800	|0	|2001	|0	|3109	|2780	|3259	|2716	|2932	|2716	|3048	|2487	|2839	|2708	|2814	|2790	|2757	|1933	|1840	|2737	|2251	|1767	|3127	|1973	|4247	|3125	|2238	|3396	|3254	|2112	|16512	|3494	|2670	|2447	|2771	|2361	|2625	|2693	|3063	|2762	|2883	|2694	|3000	|2581	|
________________________________________________________
60	|554	|622	|277	|477	|517	|406	|402	|508	|366	|542	|481	|646	|515	|0	|594	|641	|3569	|2714	|2036	|3426	|2922	|2068	|2366	|3587	|3116	|1964	|2149	|3227	|2844	|2288	|0	|1407	|3058	|2818	|3252	|2864	|2833	|2754	|2910	|2477	|2848	|2644	|2775	|2749	|2802	|1956	|1832	|2714	|2209	|2125	|2996	|3179	|4331	|3215	|2219	|3516	|3256	|2318	|3494	|16639	|2804	|2446	|2816	|2339	|2754	|2726	|3018	|2702	|2819	|2793	|2707	|2742	|
________________________________________________________
61	|661	|0	|324	|564	|488	|368	|434	|560	|349	|556	|456	|626	|418	|456	|458	|509	|3714	|2679	|2566	|3216	|2778	|2038	|2722	|2709	|2806	|1711	|2270	|2801	|2402	|1891	|2747	|2713	|2802	|0	|3694	|3201	|3174	|3149	|3873	|2068	|2904	|2728	|2772	|2823	|2795	|1920	|2342	|2789	|2091	|2200	|2752	|2749	|3679	|2784	|2251	|3141	|2758	|2010	|2670	|2804	|16673	|2810	|3243	|2690	|3084	|3076	|3535	|3245	|2845	|2798	|2878	|2822	|
________________________________________________________
62	|560	|462	|1756	|415	|458	|551	|395	|416	|318	|510	|408	|547	|413	|406	|437	|456	|3303	|2470	|0	|2933	|2559	|1850	|2454	|2536	|2524	|1599	|2035	|2560	|2243	|1611	|2492	|2533	|0	|2212	|3324	|2931	|2913	|2843	|2244	|3129	|2611	|2499	|2565	|2587	|2558	|1756	|1824	|2624	|1983	|1604	|2599	|2602	|3403	|2553	|1963	|2731	|2512	|1752	|2447	|2446	|2810	|15121	|2900	|2467	|2854	|2814	|1870	|2888	|2592	|2569	|2501	|2439	|
________________________________________________________
63	|475	|713	|302	|2721	|662	|435	|372	|577	|407	|0	|416	|646	|440	|363	|557	|593	|3578	|2631	|0	|3423	|2906	|2034	|2764	|2765	|2758	|1802	|2470	|2764	|2568	|1834	|2730	|2788	|3448	|3167	|2878	|0	|3081	|3108	|2899	|2390	|3623	|2279	|2795	|2759	|2827	|1926	|1925	|2721	|2171	|1962	|2759	|2799	|3741	|2786	|2400	|2872	|2814	|2180	|2771	|2816	|3243	|2900	|16539	|2670	|3063	|3094	|2984	|2723	|3230	|3226	|2742	|2650	|
________________________________________________________
64	|0	|619	|338	|424	|339	|414	|309	|221	|310	|373	|2404	|513	|326	|542	|494	|395	|3146	|2272	|2183	|2907	|2457	|1942	|2408	|2375	|2372	|1497	|0	|2413	|1950	|1559	|2384	|2420	|2968	|2619	|0	|2208	|2778	|2665	|2585	|2063	|2050	|3182	|2438	|2393	|2345	|1641	|2069	|2425	|1864	|1635	|2319	|2293	|3317	|2404	|1682	|2736	|2477	|1546	|2361	|2339	|2690	|2467	|2670	|14351	|2679	|2646	|2665	|2317	|1512	|2854	|2370	|2318	|
________________________________________________________
65	|577	|677	|315	|504	|493	|476	|379	|468	|290	|579	|402	|3329	|534	|441	|465	|581	|3574	|2648	|2263	|3396	|2737	|2071	|2779	|2785	|2735	|1759	|0	|2758	|2361	|1786	|2679	|2600	|3468	|3138	|3571	|3315	|2458	|0	|2947	|2540	|2875	|2785	|3581	|2375	|2797	|1908	|2113	|2775	|2166	|1917	|2793	|2718	|3720	|2821	|2063	|3329	|2769	|2045	|2625	|2754	|3084	|2854	|3063	|2679	|16605	|3027	|3038	|2706	|2706	|2709	|3252	|3146	|
________________________________________________________
66	|602	|689	|318	|486	|489	|427	|326	|464	|0	|646	|500	|599	|346	|517	|511	|300	|3670	|2663	|2270	|3412	|2828	|2006	|2781	|2730	|2684	|1723	|2581	|2782	|2425	|1999	|2770	|2701	|3467	|3088	|3609	|3259	|0	|2462	|2937	|2446	|2749	|2721	|2369	|3604	|2778	|1915	|2087	|2719	|2136	|1970	|2776	|2730	|3651	|2758	|2411	|2862	|2780	|1858	|2693	|2726	|3076	|2814	|3094	|2646	|3027	|16440	|2928	|2648	|2764	|2829	|1879	|3116	|
________________________________________________________
67	|658	|601	|232	|503	|670	|0	|404	|646	|342	|555	|448	|595	|489	|595	|600	|624	|4078	|2969	|2546	|3725	|3159	|2797	|2904	|2993	|3039	|1903	|2155	|3148	|2650	|2277	|3107	|2993	|4319	|2667	|3534	|3195	|3055	|3063	|3128	|0	|3530	|3504	|3496	|3500	|3109	|2119	|2116	|3095	|2331	|2620	|3059	|2953	|4230	|3046	|2232	|3384	|3071	|2450	|3063	|3018	|3535	|1870	|2984	|2665	|3038	|2928	|18397	|3389	|3547	|3515	|3521	|3444	|
________________________________________________________
68	|541	|807	|344	|438	|538	|365	|2181	|491	|296	|496	|389	|512	|482	|474	|570	|537	|3589	|2641	|2085	|3325	|2798	|0	|2672	|2646	|2651	|1728	|1958	|2750	|2365	|2007	|2685	|2658	|2691	|3600	|3166	|2886	|2649	|2739	|0	|2046	|3078	|2949	|3097	|3158	|2727	|1926	|1812	|2765	|2181	|1896	|2757	|2674	|3733	|2718	|1932	|3001	|2765	|2158	|2762	|2702	|3245	|2888	|2723	|2317	|2706	|2648	|3389	|16294	|3252	|3179	|3073	|3082	|
________________________________________________________
69	|661	|621	|261	|544	|478	|577	|354	|2925	|400	|433	|263	|511	|537	|0	|590	|648	|3802	|2826	|2100	|3450	|2945	|0	|2895	|2815	|2752	|1819	|2300	|2869	|2526	|2296	|2875	|2808	|3183	|2820	|4049	|2499	|2793	|2813	|3449	|2975	|2574	|0	|3304	|3245	|2903	|2002	|1769	|2784	|2243	|2065	|2925	|2841	|3727	|2795	|2091	|2996	|2931	|2409	|2883	|2819	|2845	|2592	|3230	|1512	|2706	|2764	|3547	|3252	|17006	|3299	|3126	|3139	|
________________________________________________________
70	|442	|605	|332	|561	|0	|548	|439	|564	|320	|685	|481	|536	|497	|375	|2934	|489	|3661	|2695	|2081	|3362	|2833	|2549	|2786	|2721	|2832	|1739	|2042	|2878	|2413	|0	|2760	|2710	|3077	|2769	|2810	|3837	|2782	|2856	|3276	|2853	|0	|2358	|3172	|3245	|2769	|1926	|2180	|2881	|2265	|2372	|2727	|2670	|3744	|2808	|1995	|3115	|2934	|2032	|2694	|2793	|2798	|2569	|3226	|2854	|2709	|2829	|3515	|3179	|3299	|16734	|3255	|3150	|
________________________________________________________
71	|555	|627	|288	|422	|578	|512	|415	|551	|440	|483	|361	|637	|360	|526	|508	|3000	|3691	|2748	|2108	|3345	|2836	|2262	|2862	|2734	|2729	|1772	|1958	|2774	|2414	|0	|2772	|2756	|3183	|2764	|3225	|2944	|3577	|2340	|3391	|2811	|3246	|3187	|2433	|0	|2787	|1875	|1921	|2829	|2253	|2206	|2740	|2699	|3836	|2829	|1839	|3153	|2957	|2016	|3000	|2707	|2878	|2501	|2742	|2370	|3252	|1879	|3521	|3073	|3126	|3255	|16723	|3188	|
________________________________________________________
72	|606	|624	|308	|415	|595	|470	|438	|509	|274	|516	|425	|600	|0	|525	|583	|562	|3646	|2713	|2054	|3378	|2783	|2220	|2733	|2679	|2728	|1715	|2019	|2737	|2475	|2225	|2752	|2669	|2996	|2714	|3303	|2832	|2313	|3591	|3319	|2742	|3278	|3057	|0	|2365	|2777	|1933	|1884	|2793	|2186	|2184	|2644	|2622	|3642	|2725	|2235	|3003	|2775	|2418	|2581	|2742	|2822	|2439	|2650	|2318	|3146	|3116	|3444	|3082	|3139	|3150	|3188	|16484	|
________________________________________________________
