0	|1	|2	|3	|4	|5	|6	|7	|8	|9	|10	|11	|12	|13	|14	|15	|16	|17	|18	|19	|20	|21	|22	|23	|24	|25	|26	|27	|28	|29	|30	|31	|32	|33	|34	|35	|36	|37	|38	|39	|40	|41	|42	|43	|44	|45	|46	|47	|48	|49	|50	|51	|52	|53	|54	|55	|56	|57	|58	|59	|60	|61	|62	|63	|64	|65	|66	|67	|68	|69	|70	|71	|72	|
1	|100	|3,06	|1,47	|3,37	|4,44	|2,54	|2,63	|3,89	|3,37	|3,21	|0	|3,3	|3,06	|2,11	|1,9	|3,21	|24,94	|100	|12,73	|19,92	|21,63	|14,11	|18,48	|18,39	|20,35	|13,62	|13,19	|16,06	|16,03	|11,35	|17,23	|15,94	|21,42	|16,55	|100	|18,08	|19	|19,46	|18,7	|12,82	|20,38	|11,11	|17,56	|18,51	|0	|9,42	|0	|20,47	|15,79	|13,28	|19,37	|19,16	|18,73	|20,56	|15,27	|16,46	|15,73	|12,97	|16,65	|16,95	|20,23	|17,14	|14,53	|0	|17,66	|18,42	|20,13	|16,55	|20,23	|13,53	|16,98	|18,54	|
________________________________________________________
2	|2,71	|100	|1,87	|2,82	|3,82	|3,12	|0	|3,74	|1,55	|3,8	|2,68	|4,09	|2,03	|3,09	|2,55	|2,85	|26,25	|16,19	|11,01	|100	|20,09	|14,15	|18,38	|18,66	|18,28	|8,79	|13,1	|18,33	|10,87	|11,31	|17,06	|16,78	|20,69	|100	|20,09	|20,55	|17,57	|18,55	|18,66	|16,21	|16,84	|16,19	|15,97	|15,89	|19,93	|13,42	|0	|15,05	|0	|14,59	|18,22	|18,06	|24,13	|17,54	|14,18	|21,83	|15,32	|12,72	|15,65	|16,87	|0	|12,53	|19,33	|16,78	|18,36	|18,68	|16,3	|21,88	|16,84	|16,4	|17	|16,92	|
________________________________________________________
3	|2,73	|3,93	|100	|1,77	|4,38	|4,16	|3,53	|2,96	|2,79	|2,73	|3,53	|2,68	|2,62	|3,42	|4,04	|2,51	|0	|12,41	|0	|23,86	|22,61	|14,07	|18,05	|19,53	|12,47	|14,92	|15,03	|16,69	|16,06	|10,42	|15,32	|15,66	|0	|14,12	|22,95	|20,5	|18,68	|19,53	|14,35	|20,05	|17,82	|19,87	|16,34	|18,79	|19,76	|100	|14,12	|16,12	|17,08	|13,1	|18,62	|18,51	|17,08	|19,7	|13,1	|15,09	|18,62	|12,36	|17,54	|15,77	|18,45	|100	|17,2	|19,25	|17,94	|18,11	|13,21	|19,59	|14,86	|18,91	|16,4	|17,54	|
________________________________________________________
4	|4,04	|3,82	|1,14	|100	|0	|2,87	|2,43	|4,37	|2,61	|0	|2,72	|4,19	|1,84	|1,98	|4,78	|4,56	|26,09	|19,7	|0	|17,57	|0	|14,74	|17,93	|19,18	|17,35	|11,43	|15,25	|20,84	|12,75	|11,91	|16,1	|17,9	|22,09	|19,55	|17,97	|0	|18,71	|17,71	|17,42	|14,11	|21,13	|12,94	|16,83	|17,42	|20,65	|10,47	|12,39	|100	|16,17	|14,85	|18,71	|19,81	|22,86	|17,57	|13,67	|19,26	|20,47	|17,97	|17,57	|17,53	|20,73	|15,25	|100	|15,58	|18,52	|17,86	|18,49	|16,1	|19,99	|20,62	|15,51	|15,25	|
________________________________________________________
5	|4,81	|4,68	|2,55	|0	|100	|2,35	|1,69	|4,21	|2,29	|3,71	|1,76	|2,12	|3,85	|2,92	|0	|3,95	|23,78	|19,4	|15,02	|24,11	|100	|12,04	|16,15	|19,2	|15,56	|9,75	|18,47	|20,33	|18,28	|13,5	|17,58	|15,02	|18,41	|17,71	|22,62	|18,94	|14,66	|15,92	|21,66	|15,36	|100	|17,58	|19,04	|19,04	|19,1	|13,57	|13	|0	|9,92	|0	|21,43	|20,83	|21	|16,98	|11,74	|15,52	|20,56	|13,96	|16,42	|17,15	|16,19	|15,19	|21,96	|11,24	|16,35	|16,22	|22,22	|17,84	|15,85	|0	|19,17	|19,73	|
________________________________________________________
6	|3,07	|4,25	|2,7	|2,88	|2,62	|100	|1,92	|2,66	|1,74	|4,51	|2,59	|3,8	|2,62	|3,95	|4,29	|4,21	|25,12	|18,51	|13,19	|22,61	|17,81	|11,6	|100	|21,06	|16,55	|10,49	|13,08	|16,7	|13,45	|11,49	|19,32	|12,19	|11,86	|19,17	|16,62	|19,14	|17,44	|15,7	|17,77	|100	|18,14	|20,43	|20,06	|20,28	|19,1	|13,19	|12,89	|19,95	|16,77	|0	|13,52	|0	|20,72	|15,48	|11,3	|19,69	|18,8	|13,74	|21,13	|15	|13,59	|20,35	|16,07	|15,29	|17,58	|15,77	|0	|13,48	|21,32	|20,24	|18,91	|17,36	|
________________________________________________________
7	|3,94	|0	|2,84	|3,03	|2,34	|2,38	|100	|2,29	|2,25	|2,29	|2,48	|2,8	|3,58	|3,48	|4,22	|2,71	|22,38	|17,29	|14,58	|0	|12,33	|0	|20,63	|18,94	|16,87	|11,51	|14,21	|12,65	|18,16	|12,43	|15,18	|17,84	|16,69	|21,69	|18,94	|17,33	|15,27	|17,97	|0	|12,75	|19,99	|19,85	|18,66	|18,34	|19,39	|14,03	|14,03	|20,08	|100	|10,73	|16,92	|19,72	|24,39	|17,1	|11,33	|14,9	|20,54	|12,88	|15,73	|18,43	|19,9	|18,11	|17,06	|14,17	|17,38	|14,95	|18,52	|100	|16,23	|20,13	|19,03	|20,08	|
________________________________________________________
8	|4,34	|4,72	|1,78	|4,07	|4,34	|2,46	|1,71	|100	|2,91	|2,43	|1,13	|3,32	|2,7	|0	|3,79	|4,44	|25,54	|19,56	|13,78	|24,24	|21,23	|0	|14,19	|0	|16,51	|11,28	|13,23	|17,54	|14,7	|13,2	|21,88	|13,47	|21,78	|15,73	|23,59	|14,63	|16,99	|16,34	|21,98	|16,72	|15,86	|0	|18,6	|17,85	|18,67	|12,89	|12,24	|20,34	|13,5	|12,27	|100	|19,62	|21,81	|15,9	|12,34	|17,26	|17,68	|14,09	|19,56	|17,37	|19,15	|14,22	|19,73	|7,56	|16	|15,86	|22,09	|16,79	|100	|19,28	|18,84	|17,4	|
________________________________________________________
9	|5,84	|3,03	|2,6	|3,77	|3,67	|2,5	|2,6	|4,52	|100	|2,44	|2,02	|3,56	|3,08	|2,39	|3,13	|5,1	|16,52	|22,53	|13,07	|17	|17,53	|12,11	|18,76	|17,53	|21,57	|100	|11,21	|16,84	|18,07	|11,48	|18,65	|18,49	|20,94	|18,49	|23,7	|18,44	|100	|17,64	|18,17	|14,61	|18,6	|12,17	|18,7	|10,79	|11,74	|16,9	|13,07	|16,63	|15,04	|11,48	|17,27	|15,67	|0	|12,01	|0	|23,17	|20,09	|14,88	|20,03	|19,45	|18,54	|16,9	|21,63	|16,47	|15,41	|0	|18,17	|15,73	|21,25	|17	|23,38	|14,56	|
________________________________________________________
10	|3,53	|4,71	|1,62	|0	|3,77	|4,1	|1,68	|2,39	|1,55	|100	|2,52	|3,33	|2,73	|3,63	|0	|3,53	|22,61	|15,85	|14,97	|23,52	|19,28	|18,88	|16,96	|16,66	|20,36	|10,67	|11,14	|100	|18,24	|13,56	|18,24	|18,24	|21,2	|19,01	|21,16	|100	|16,29	|19,92	|17,56	|15,41	|19,78	|18,94	|14,97	|17,23	|16,59	|11,2	|13,43	|20,56	|9,99	|11,2	|15,51	|16,49	|26,55	|18,88	|0	|14,97	|0	|14,23	|16,89	|18,24	|18,71	|17,16	|0	|12,55	|19,48	|21,74	|18,67	|16,69	|14,57	|23,05	|16,25	|17,36	|
________________________________________________________
11	|0	|4,12	|2,58	|3,08	|2,2	|2,91	|2,25	|1,37	|1,58	|3,12	|100	|3,49	|3	|4,49	|4,08	|3,12	|19,63	|19,47	|14,52	|19,93	|16,6	|13,31	|16,76	|17,1	|0	|6,99	|0	|19,55	|16,1	|12,52	|19,59	|19,18	|19,8	|17,6	|0	|15,39	|18,3	|20,09	|17,6	|15,68	|14,93	|22,21	|18,97	|17,93	|18,76	|14,6	|15,43	|18,3	|12,02	|10,98	|16,22	|15,64	|27	|100	|11,48	|19,76	|21,76	|12,44	|17,51	|20,01	|18,97	|16,97	|17,3	|100	|16,72	|20,8	|18,64	|16,18	|10,94	|20,01	|15,02	|17,68	|
________________________________________________________
12	|3,24	|4,54	|1,41	|3,42	|1,92	|3,09	|1,83	|2,91	|2,01	|2,97	|2,52	|100	|0	|3,45	|3,51	|3,63	|23,82	|14,6	|14,21	|23,49	|13,94	|14,27	|16,25	|16,88	|18,71	|12,74	|0	|13,82	|0	|12,8	|17,96	|18,11	|20,52	|18,29	|22,29	|21,57	|14,27	|0	|19,29	|15,44	|16,73	|16,13	|21,36	|14,63	|20,46	|10,57	|13,55	|19,83	|10,72	|11,72	|16,97	|16,64	|25,77	|18,29	|12,92	|100	|19,83	|14,96	|18,14	|19,41	|18,8	|16,43	|19,41	|15,41	|100	|17,99	|17,87	|15,38	|15,35	|16,1	|19,13	|18,02	|
________________________________________________________
13	|4,01	|3,01	|1,84	|2	|4,65	|2,85	|3,13	|3,17	|2,32	|3,25	|2,89	|0	|100	|2,2	|2,44	|3,77	|21,72	|15,55	|11,86	|15,71	|20,84	|12,83	|15,47	|18,64	|17,56	|10,5	|14,31	|21,6	|100	|12,26	|16,11	|21,08	|17,88	|17,19	|21,52	|16,87	|18,24	|17,96	|20,72	|19,04	|21,76	|16,59	|100	|20,16	|17,6	|12,02	|12,63	|13,31	|17,47	|11,38	|16,27	|18,88	|26,25	|19,56	|14,99	|0	|10,98	|0	|19,56	|20,64	|16,75	|16,55	|17,64	|13,07	|21,4	|13,87	|19,6	|19,32	|21,52	|19,92	|14,43	|0	|
________________________________________________________
14	|2,53	|4,18	|2,2	|1,98	|3,23	|3,93	|2,79	|0	|1,65	|3,96	|3,96	|4,22	|2,02	|100	|3,71	|2,13	|22,68	|16,26	|12,51	|20,44	|17,69	|13,94	|18,42	|17,58	|19,08	|13,06	|12,99	|19,96	|13,98	|10,31	|100	|21,72	|17,83	|16,66	|13,98	|20,48	|13,43	|19,45	|20,07	|17,39	|19,93	|100	|16,26	|20,99	|16,81	|10,72	|12,59	|16,77	|14,2	|13,94	|21,83	|14,68	|25,03	|17,87	|14,2	|22,72	|20,99	|0	|12,33	|0	|16,73	|14,9	|13,32	|19,89	|16,18	|18,97	|21,83	|17,39	|0	|13,76	|19,3	|19,27	|
________________________________________________________
15	|2,11	|3,2	|2,42	|4,43	|0	|3,95	|3,14	|3,78	|2,01	|0	|3,34	|3,99	|2,08	|3,44	|100	|2,9	|22,67	|15,17	|12,1	|18,68	|21,06	|14,31	|17,76	|15,88	|19,26	|11,52	|14,52	|0	|10,63	|0	|19,19	|20,96	|18,17	|15,47	|16,36	|22,94	|14,62	|16,84	|18,95	|18,51	|0	|14,49	|19,12	|20,52	|16,29	|11,28	|17,62	|21,34	|15,27	|13,26	|16,09	|16,43	|24,47	|18,51	|15,64	|23,59	|100	|12,41	|16,29	|20,25	|15,61	|14,89	|18,98	|16,84	|15,85	|17,42	|20,45	|19,43	|20,11	|100	|17,31	|19,87	|
________________________________________________________
16	|3,5	|3,5	|1,47	|4,13	|3,97	|3,8	|1,97	|4,33	|3,2	|3,5	|2,5	|4,03	|3,13	|1,93	|2,83	|100	|20,67	|16,47	|13,03	|20	|17,27	|13,77	|21,57	|15,1	|19,3	|12,47	|13,6	|19,7	|18,87	|0	|11,8	|0	|19,53	|16,6	|21,83	|16,87	|22,33	|14,3	|20,9	|16,83	|20,3	|19,1	|15,3	|0	|17,53	|11,03	|11,67	|18,43	|12,9	|12,83	|18,1	|11,67	|26,3	|18,23	|13,57	|21,53	|18,53	|12,4	|100	|21,37	|16,97	|15,2	|19,77	|13,17	|19,37	|10	|20,8	|17,9	|21,6	|16,3	|100	|18,73	|
________________________________________________________
17	|3,69	|4,39	|0	|3,22	|3,25	|3,08	|2,21	|3,39	|1,41	|3,05	|2,14	|3,59	|2,46	|2,8	|3,01	|2,81	|100	|18,34	|14,18	|23,18	|19,35	|13,83	|18,8	|18,53	|18,49	|8	|11,77	|16,55	|14,38	|11,05	|17,22	|16,58	|18,39	|16,79	|19,1	|17,53	|16,57	|16,47	|17,6	|14,85	|16,8	|16	|16,86	|16,9	|15,1	|0	|13,76	|19,08	|14,85	|12,65	|19,01	|18,51	|24,87	|14,92	|12,64	|18,48	|16,84	|11,71	|16,57	|16,17	|16,83	|14,97	|16,21	|14,26	|16,2	|16,63	|18,48	|16,26	|17,23	|16,59	|16,73	|16,52	|
________________________________________________________
18	|19,9	|3,63	|1,33	|3,26	|3,56	|3,05	|2,3	|3,48	|2,58	|2,87	|2,85	|2,96	|2,36	|2,7	|2,71	|3,01	|24,65	|100	|12,39	|23,11	|19,59	|13,4	|19,14	|18,27	|20,3	|14,42	|11,7	|16,62	|14,88	|11,41	|16,6	|16,57	|18,58	|16,46	|19,9	|17,12	|16,66	|16,87	|17,77	|14,98	|17,78	|16,11	|16,59	|17,57	|0	|8,87	|0	|18,78	|15,08	|12,92	|19,07	|19,15	|18,94	|20,17	|11,85	|17,96	|16,49	|12,49	|16,69	|16,52	|16,31	|15,04	|16,02	|13,83	|16,12	|16,21	|18,08	|16,08	|17,21	|16,41	|16,73	|16,52	|
________________________________________________________
19	|3,36	|3,28	|0	|0	|3,66	|2,88	|2,57	|3,25	|1,98	|3,59	|2,82	|3,82	|2,39	|2,75	|2,86	|3,16	|25,25	|16,42	|100	|20,16	|21,29	|14,77	|18,83	|18,72	|18,2	|9,33	|14,16	|16,74	|14,65	|10,96	|16,8	|16,16	|22,1	|16,31	|19,45	|20,83	|17,99	|18,32	|19,19	|12,85	|16,65	|16,34	|17,24	|16,55	|19,65	|0	|10,35	|0	|16,39	|12,78	|18,72	|18,06	|23,86	|16,57	|13,56	|18,59	|16,86	|11,51	|16,77	|16,43	|20,71	|0	|0	|17,61	|18,26	|18,32	|20,54	|16,82	|16,95	|16,79	|17,01	|16,57	|
________________________________________________________
20	|3,22	|18,25	|2,07	|2,37	|3,6	|3,03	|0	|3,51	|1,58	|3,46	|2,37	|3,87	|1,94	|2,76	|2,71	|2,97	|25,31	|18,78	|12,36	|100	|19,71	|13,82	|18,82	|18,58	|16,66	|10,35	|10,77	|19,44	|11,38	|11,28	|17,1	|16,57	|18,15	|18,25	|19,33	|17,41	|16,68	|16,74	|17,59	|14,89	|17,69	|16,09	|16,63	|16,8	|19,37	|12,85	|0	|14,54	|0	|14,1	|18,52	|18,49	|22,8	|16,71	|12,19	|21,47	|14,89	|12,48	|16,31	|16,95	|15,91	|14,51	|16,94	|14,38	|16,8	|16,88	|18,43	|16,45	|17,07	|16,63	|16,55	|16,71	|
________________________________________________________
21	|4,1	|4,29	|2,3	|0	|17,47	|2,79	|1,56	|3,6	|1,91	|3,32	|2,31	|2,69	|3,01	|2,79	|3,58	|3	|24,75	|18,65	|15,29	|23,08	|100	|12,25	|18,88	|18,57	|15,84	|10,47	|13,78	|19,89	|18,07	|11,37	|16,8	|16,1	|18,36	|16,74	|19,42	|17,12	|15,62	|16,03	|18	|15,19	|17,47	|16,43	|16,69	|16,86	|18,86	|13,28	|13,41	|0	|10,16	|0	|18,96	|19,16	|22,67	|16,91	|11,97	|15,47	|20,52	|11,9	|16,79	|16,93	|16,1	|14,83	|16,84	|14,24	|15,86	|16,39	|18,3	|16,21	|17,06	|16,42	|16,43	|16,13	|
________________________________________________________
22	|3,75	|4,24	|2,01	|3,26	|2,95	|2,55	|0	|0	|1,85	|4,56	|2,6	|3,86	|2,6	|3,09	|3,41	|3,36	|24,81	|17,88	|14,88	|22,71	|17,19	|100	|17,06	|20,32	|16,81	|10,52	|12,18	|18,7	|12,99	|12,85	|16,76	|16,66	|17,86	|16,78	|17,58	|19,1	|16,15	|16,27	|22,09	|14,89	|17,61	|19,09	|18,77	|18,96	|18,55	|12,81	|13,07	|20,1	|0	|10,19	|0	|19,98	|23,27	|16,66	|11,94	|20,05	|17,09	|13,32	|16,66	|16,81	|16,57	|15,04	|16,54	|15,79	|16,84	|16,31	|22,74	|0	|0	|20,72	|18,39	|18,05	|
________________________________________________________
23	|3,64	|4,08	|1,91	|2,94	|2,93	|16,31	|2,71	|2,5	|2,13	|3,04	|2,43	|3,26	|2,33	|3,02	|3,14	|3,9	|25	|18,94	|14,06	|22,92	|19,63	|12,65	|100	|19,39	|16,77	|10,28	|11,82	|16,81	|14,69	|9,84	|19,07	|12,17	|18,48	|16,27	|19,18	|17,25	|17	|16,57	|17,08	|16,31	|17,21	|16,4	|17,5	|17,11	|19,21	|13,55	|12,84	|18,88	|15,54	|0	|13,31	|0	|22,53	|16,44	|11,68	|18,11	|17,28	|12,06	|21,06	|14,25	|16,4	|14,78	|16,65	|14,51	|16,74	|16,76	|17,5	|16,1	|17,44	|16,79	|17,24	|16,47	|
________________________________________________________
24	|3,66	|4,19	|2,09	|3,18	|3,52	|3,47	|2,51	|0	|2,01	|3,01	|2,5	|3,42	|2,83	|2,91	|2,83	|2,76	|24,87	|18,26	|14,11	|22,85	|19,49	|15,21	|19,58	|100	|16,71	|10,49	|12,19	|16,58	|14,96	|12,19	|19	|18,52	|18,34	|16,71	|19,36	|16,96	|16,29	|16,45	|17,34	|14,59	|16,97	|16,15	|16,53	|16,46	|18,74	|12,92	|12,4	|18,86	|14,64	|14,81	|0	|8,14	|22,55	|17,05	|12,24	|18,57	|16,72	|12,2	|14,86	|21,82	|16,48	|15,43	|16,82	|14,45	|16,94	|16,61	|18,21	|16,1	|17,12	|16,55	|16,63	|16,3	|
________________________________________________________
25	|4,03	|4,08	|1,33	|2,86	|2,84	|2,71	|2,23	|2,92	|2,46	|3,66	|0	|3,77	|2,65	|3,15	|3,42	|3,51	|24,71	|20,19	|13,66	|20,39	|16,55	|12,52	|16,85	|16,63	|100	|13,99	|14,8	|18,96	|16,41	|12,47	|18,88	|18,56	|18,48	|16,7	|19,47	|17,01	|16,47	|16,5	|18,11	|15,25	|17,09	|16,12	|16,33	|16,43	|19,81	|8,63	|11,16	|16,52	|13,4	|11,78	|16,43	|16,4	|18,62	|0	|14,74	|20,77	|19,09	|13,59	|19,23	|18,87	|16,99	|15,28	|16,7	|14,36	|16,56	|16,25	|18,4	|16,05	|16,66	|17,15	|16,52	|16,52	|
________________________________________________________
26	|4,23	|3,08	|2,49	|2,96	|2,8	|2,7	|2,39	|3,14	|17,91	|3,02	|1,6	|4,03	|2,49	|3,39	|3,22	|3,56	|16,8	|22,53	|11	|19,91	|17,19	|12,31	|16,24	|16,41	|21,98	|100	|12	|19,62	|17,12	|13,21	|19,75	|19,11	|18,73	|16,8	|18,73	|17,42	|17,91	|16,04	|17,53	|15,23	|17,6	|16,14	|16,55	|16,59	|11,39	|16,4	|11,57	|16,62	|13,46	|12,05	|17	|16,96	|0	|11,45	|0	|21,46	|19,35	|13,76	|18,6	|18,69	|16,28	|15,22	|17,15	|14,24	|16,74	|16,4	|18,11	|16,44	|17,31	|16,55	|16,86	|16,32	|
________________________________________________________
27	|3,61	|4,04	|2,21	|3,48	|4,66	|2,96	|2,6	|3,24	|1,77	|2,77	|0	|0	|2,99	|2,96	|3,57	|3,42	|21,76	|16,09	|14,7	|18,22	|19,91	|12,54	|16,43	|16,77	|20,47	|10,56	|100	|16,59	|17,82	|13,48	|18,01	|17,93	|20,46	|18,76	|22,26	|17,12	|16,21	|21,51	|18,26	|15,12	|18,86	|14,67	|16,8	|16,97	|17,09	|11,75	|13,35	|16,42	|15,45	|11,73	|16,31	|17	|27,29	|0	|10,56	|0	|20,52	|13,8	|18,24	|18	|19,01	|17,04	|20,68	|0	|0	|21,61	|18,05	|16,4	|19,26	|17,1	|16,4	|16,91	|
________________________________________________________
28	|3,14	|4,04	|1,75	|3,39	|3,66	|2,7	|1,65	|3,07	|1,89	|17,76	|2,81	|2,75	|3,22	|3,25	|0	|3,53	|21,81	|16,31	|12,4	|23,47	|20,51	|13,74	|16,67	|16,28	|18,71	|12,32	|11,84	|100	|18,89	|13,43	|19,02	|18,74	|18,82	|17,01	|19,2	|17,76	|16,81	|16,23	|17,82	|15,14	|17,11	|15,91	|16,44	|17,2	|17,06	|11,69	|11,33	|20,17	|10,49	|11,32	|16,63	|17	|25,67	|18,74	|0	|15,05	|0	|14,02	|19,01	|19,28	|16,74	|15,3	|16,51	|14,42	|16,48	|16,62	|18,81	|16,43	|17,14	|17,2	|16,57	|16,35	|
________________________________________________________
29	|3,53	|2,7	|1,9	|2,34	|3,71	|2,45	|2,67	|2,9	|2,29	|3,65	|2,61	|0	|16,81	|2,57	|2,1	|3,81	|21,39	|16,47	|12,24	|15,5	|21,02	|10,77	|16,44	|16,57	|18,27	|12,12	|14,34	|21,31	|100	|11,25	|19,08	|19,31	|18,24	|16,75	|20,56	|17,54	|16,05	|16,32	|17,81	|15,12	|17,75	|16,15	|16,81	|17,48	|16,36	|11,69	|12,36	|13,26	|18,05	|11,34	|16,86	|17,29	|25,62	|19,15	|14,12	|0	|12,19	|0	|18,87	|19,17	|16,19	|15,12	|17,31	|13,14	|15,91	|16,34	|17,86	|15,94	|17,02	|16,26	|16,27	|16,68	|
________________________________________________________
30	|3,33	|3,75	|1,64	|2,91	|3,66	|2,79	|2,44	|3,47	|1,94	|3,62	|2,7	|3,83	|2,75	|2,53	|0	|0	|21,91	|16,84	|12,2	|20,48	|17,64	|14,21	|14,67	|18,01	|18,51	|12,47	|14,47	|20,19	|15,01	|100	|16,9	|19,93	|18,27	|16,97	|19,55	|17,27	|14,77	|18,82	|20,07	|16,62	|21,05	|15,63	|16,32	|20,52	|16,99	|11,39	|11,24	|17,1	|13,3	|13,16	|16,48	|18,9	|24,91	|18,55	|13,79	|21,7	|0	|11,04	|0	|20,56	|16,99	|14,48	|16,48	|14,01	|16,05	|17,96	|20,46	|18,04	|20,63	|0	|0	|19,99	|
________________________________________________________
31	|3,39	|3,78	|1,62	|2,63	|3,19	|3,15	|1,99	|3,85	|2,11	|3,26	|2,83	|3,6	|2,42	|16,39	|3,39	|2,13	|22,85	|16,4	|12,52	|20,79	|17,44	|12,4	|19,04	|18,78	|18,75	|12,49	|12,94	|19,15	|17,03	|11,31	|100	|20,71	|18,57	|16,59	|19,42	|17,12	|16,65	|16,79	|17,51	|14,75	|17,32	|16,39	|16,82	|16,53	|16,73	|10,95	|11,61	|16,31	|13,35	|11,61	|21,29	|14,47	|25,7	|18,96	|13,72	|20,17	|19,57	|0	|12,04	|0	|16,52	|14,99	|16,42	|14,34	|16,11	|16,66	|18,69	|16,15	|17,29	|16,6	|16,67	|16,55	|
________________________________________________________
32	|3,16	|3,75	|1,67	|2,95	|2,74	|2	|2,36	|2,39	|2,11	|3,28	|2,79	|3,65	|3,19	|3,59	|3,73	|0	|22,16	|16,49	|12,13	|20,29	|16,83	|12,41	|12,24	|18,44	|18,57	|12,16	|12,97	|19	|17,35	|13,44	|20,86	|100	|17,93	|16,75	|19,12	|17,35	|16,5	|16,37	|17,63	|14,55	|17,06	|16,39	|16,34	|16,12	|16,55	|11,25	|11,39	|17,05	|13,1	|12,94	|13,79	|21,41	|26,05	|19,43	|13,45	|21,11	|19,6	|14,14	|0	|8,52	|16,43	|15,34	|16,89	|14,66	|15,75	|16,36	|18,13	|16,1	|17,01	|16,42	|16,69	|16,17	|
________________________________________________________
33	|3,81	|4,15	|0	|3,27	|3,02	|1,75	|1,98	|3,47	|2,14	|3,43	|2,59	|3,72	|2,43	|2,64	|2,9	|3,19	|22,08	|16,6	|14,9	|19,95	|17,23	|11,95	|16,69	|16,4	|16,61	|10,71	|13,29	|17,14	|14,72	|11,06	|16,79	|16,1	|100	|18,41	|21,79	|19,3	|18,54	|18,69	|20,22	|10,16	|16,95	|15,99	|16,81	|16,26	|16,8	|11,28	|14,24	|16,31	|13,11	|13,18	|16,83	|16,66	|22,88	|16,67	|13,34	|18,49	|16,61	|11,92	|16,91	|16,64	|15,24	|0	|18,76	|16,15	|18,87	|18,86	|23,5	|14,64	|17,32	|16,74	|17,32	|16,3	|
________________________________________________________
34	|3,22	|21,98	|1,48	|3,17	|3,18	|3,09	|2,82	|2,74	|2,07	|3,37	|2,52	|3,63	|2,56	|2,71	|2,71	|2,97	|22,08	|16,11	|12,05	|21,98	|17,22	|12,3	|16,1	|16,37	|16,44	|10,52	|13,35	|16,97	|14,82	|11,25	|16,44	|16,49	|20,17	|100	|22,1	|19,35	|18,55	|18,76	|20,09	|16,68	|17,51	|16,11	|17,01	|16,6	|16,83	|11,94	|0	|16,77	|13,16	|11,7	|16,1	|16,52	|22,25	|16,89	|13,38	|18,14	|16,87	|11,7	|16,57	|16,8	|0	|13,18	|18,88	|15,61	|18,7	|18,41	|15,9	|21,46	|16,81	|16,5	|16,47	|16,18	|
________________________________________________________
35	|16,96	|3,85	|2,09	|2,54	|3,54	|2,34	|2,14	|3,58	|2,31	|3,26	|0	|3,85	|2,79	|1,98	|2,49	|3,4	|21,88	|16,96	|12,51	|20,28	|17,4	|11,22	|16,52	|16,52	|16,69	|10,21	|13,8	|16,68	|15,84	|11,29	|16,75	|16,39	|20,79	|19,24	|100	|18,63	|18,45	|18,61	|17,22	|14,54	|19,22	|12,22	|16,69	|16,65	|16,75	|11,3	|0	|16,82	|13,48	|11,87	|16,98	|16,69	|22,45	|16,52	|15,35	|17,55	|17,09	|12,8	|16,91	|16,88	|19,17	|17,25	|14,94	|0	|18,53	|18,73	|18,34	|16,43	|21,02	|14,58	|16,74	|17,14	|
________________________________________________________
36	|3,43	|4,4	|2,09	|0	|3,31	|3	|2,19	|2,48	|2,01	|17,24	|2,15	|4,16	|2,44	|3,24	|3,9	|2,94	|22,44	|16,31	|14,97	|20,41	|17,14	|13,63	|16,61	|16,17	|16,3	|10,62	|11,86	|17,24	|15,1	|11,15	|16,51	|16,61	|20,58	|18,83	|20,82	|100	|19,33	|19,33	|17,62	|14,42	|19,23	|19,43	|16,36	|16,75	|16,77	|11,35	|14,1	|17,01	|12,99	|11,54	|16,12	|16,14	|22,68	|16,89	|0	|18,42	|17,3	|11,59	|15,75	|16,61	|18,57	|17	|0	|12,81	|19,23	|18,9	|18,53	|16,74	|14,5	|22,26	|17,08	|16,43	|
________________________________________________________
37	|3,78	|3,95	|2	|3,1	|2,69	|2,87	|2,03	|3,03	|11,46	|2,95	|2,68	|2,89	|2,77	|2,23	|2,61	|4,08	|22,26	|16,66	|13,58	|20,53	|16,42	|12,09	|17,18	|16,3	|16,56	|11,46	|11,79	|17,13	|14,5	|10,01	|16,86	|16,59	|20,75	|18,95	|21,65	|20,29	|100	|18,04	|17,86	|15,14	|16,63	|16,18	|19,3	|11,52	|16,23	|11,79	|12,61	|17,04	|12,88	|11,65	|16,85	|16,77	|22,14	|16,7	|0	|18,18	|16,2	|12,13	|17,85	|17,25	|19,33	|17,74	|18,76	|16,92	|14,97	|0	|18,6	|16,13	|17,01	|16,94	|21,78	|14,08	|
________________________________________________________
38	|3,82	|4,11	|2,06	|2,9	|2,89	|2,56	|2,36	|2,87	|2	|3,56	|2,9	|0	|2,69	|3,19	|2,97	|2,58	|21,85	|16,66	|13,66	|20,34	|16,63	|12,03	|16,54	|16,26	|16,39	|10,14	|15,45	|16,34	|14,56	|12,59	|16,79	|16,25	|20,66	|18,92	|21,56	|20,04	|17,81	|100	|17,8	|14,74	|17,24	|16,75	|19,27	|19,4	|16,64	|11,98	|12,35	|17,04	|13,25	|11,78	|16,6	|16,89	|22,21	|16,68	|15,09	|17,58	|16,71	|11,16	|16,33	|16,56	|18,94	|17,1	|18,69	|16,03	|0	|14,81	|18,42	|16,47	|16,92	|17,17	|14,07	|21,59	|
________________________________________________________
39	|3,44	|3,87	|1,42	|2,67	|3,67	|2,71	|0	|3,62	|1,92	|2,94	|2,38	|3,61	|2,91	|3,08	|3,13	|3,53	|21,86	|16,42	|13,38	|20,01	|17,48	|15,29	|15,95	|16,04	|16,83	|10,37	|12,27	|16,78	|14,87	|12,57	|16,39	|16,38	|20,91	|18,97	|18,67	|17,1	|16,51	|16,66	|100	|15,81	|19,84	|18,43	|19,5	|18,85	|16,92	|11,46	|11,1	|16,46	|13,25	|14,19	|16,19	|16,03	|22,52	|16,35	|12,2	|18,9	|16,77	|13,39	|17,15	|16,38	|21,8	|12,63	|16,31	|14,55	|16,59	|16,53	|17,6	|0	|19,41	|18,44	|19,08	|18,68	|
________________________________________________________
40	|2,8	|4	|2,36	|2,57	|3,1	|18,11	|1,86	|3,27	|1,84	|3,06	|2,52	|3,44	|3,18	|3,17	|3,63	|3,38	|21,92	|16,46	|10,65	|20,14	|17,55	|12,26	|18,11	|16,05	|16,86	|10,71	|12,09	|16,96	|15,01	|12,38	|16,41	|16,07	|12,5	|18,73	|18,75	|16,64	|16,64	|16,4	|18,8	|100	|19,55	|18,7	|19,8	|19,33	|16,38	|11,76	|11,62	|16,73	|13,62	|0	|16,49	|16,94	|22,34	|17,22	|11,74	|18,07	|17,5	|13,34	|16,64	|16,58	|13,84	|20,94	|15,99	|13,8	|17	|16,37	|0	|13,69	|19,91	|19,09	|18,81	|18,35	|
________________________________________________________
41	|3,87	|3,61	|1,82	|3,34	|17,52	|2,85	|2,53	|2,7	|2,03	|3,42	|2,09	|3,24	|3,15	|3,15	|0	|3,54	|21,54	|16,97	|11,99	|20,77	|17,52	|12,58	|16,59	|16,21	|16,39	|10,75	|13,08	|16,64	|15,3	|13,61	|16,73	|16,36	|18,1	|17,07	|21,52	|19,26	|15,87	|16,66	|20,48	|16,97	|100	|18,81	|19,5	|19,13	|17,21	|11,32	|11,15	|16,49	|12,63	|0	|16,52	|17,05	|22,16	|16,66	|12,18	|18,21	|17,61	|13,97	|16,49	|16,55	|16,87	|15,17	|21,05	|11,91	|16,7	|15,97	|20,51	|17,88	|14,95	|0	|18,86	|19,04	|
________________________________________________________
42	|2,22	|3,65	|2,13	|2,15	|3,24	|3,38	|2,64	|0	|1,4	|3,44	|3,26	|3,28	|2,53	|16,64	|2,6	|3,5	|21,55	|16,16	|12,36	|19,85	|17,32	|14,34	|16,62	|16,21	|16,25	|10,36	|10,7	|16,26	|14,64	|10,62	|16,64	|16,52	|17,95	|16,5	|14,38	|20,46	|16,23	|17,01	|19,99	|17,07	|19,77	|100	|19,02	|19,67	|16,43	|11,45	|12,96	|16,72	|13,59	|13,59	|16,13	|16,11	|22,53	|17,04	|11,99	|18,76	|16,83	|0	|16,54	|16,14	|16,66	|15,26	|13,92	|19,43	|17,01	|16,61	|21,4	|18,01	|0	|14,4	|19,46	|18,67	|
________________________________________________________
43	|3,42	|3,51	|1,71	|2,73	|3,42	|3,23	|2,42	|3,24	|2,1	|2,65	|2,71	|4,23	|14,85	|2,64	|3,34	|2,73	|22,15	|16,22	|12,72	|20,01	|17,14	|13,75	|17,29	|16,18	|16,06	|10,35	|11,94	|16,38	|14,85	|10,81	|16,65	|16,06	|18,4	|16,99	|19,15	|16,79	|18,87	|19,08	|20,63	|17,62	|19,98	|18,54	|100	|19,22	|17,35	|11,51	|11,26	|16,94	|13	|12,63	|16,44	|16,21	|22,87	|16,91	|12,23	|18,26	|16,77	|0	|16,75	|16,52	|16,5	|15,27	|16,64	|14,51	|21,32	|14,1	|20,81	|18,44	|19,67	|18,88	|14,48	|0	|
________________________________________________________
44	|3,59	|3,48	|1,96	|2,81	|3,41	|3,26	|2,37	|3,1	|1,2	|3,04	|2,56	|2,89	|2,98	|3,39	|3,57	|0	|22,13	|17,12	|12,17	|20,15	|17,27	|13,84	|16,85	|16,05	|16,1	|10,34	|12,02	|17,08	|15,39	|13,55	|16,31	|15,8	|17,74	|16,53	|19,03	|17,14	|11,23	|19,14	|19,88	|17,14	|19,53	|19,11	|19,15	|100	|16,74	|11,83	|11,16	|16,94	|13,24	|12,78	|16,43	|16,57	|22,29	|16,53	|12,64	|18,54	|16,75	|14,21	|16,56	|16,31	|16,75	|15,35	|16,37	|14,2	|14,09	|21,39	|20,77	|18,74	|19,26	|19,26	|0	|14,03	|
________________________________________________________
45	|0	|4,39	|2,07	|3,35	|3,44	|3,08	|2,52	|3,26	|1,32	|2,94	|2,69	|4,06	|2,62	|2,73	|2,85	|3,14	|19,89	|0	|14,53	|23,36	|19,42	|13,61	|19,02	|18,38	|19,52	|7,14	|12,18	|17,04	|14,48	|11,28	|16,59	|16,31	|18,42	|16,85	|19,26	|17,25	|15,91	|16,51	|17,94	|14,61	|17,67	|16,06	|17,39	|16,83	|100	|13,91	|13,69	|19,5	|14,93	|13,72	|18,72	|19,3	|26,75	|19,67	|12,61	|18,64	|17,03	|11,75	|16,45	|16,72	|16,68	|15,26	|16,87	|13,99	|16,69	|16,57	|18,55	|16,27	|17,32	|16,52	|16,63	|16,57	|
________________________________________________________
46	|2,68	|4,31	|15,29	|2,48	|3,56	|3,11	|2,67	|3,28	|2,77	|2,9	|3,06	|3,07	|2,61	|2,54	|2,88	|2,88	|0	|12,68	|0	|22,62	|19,95	|13,73	|19,59	|18,49	|12,41	|15,01	|12,22	|17,04	|15,11	|11,04	|15,85	|16,17	|18,05	|17,44	|18,97	|17,04	|16,86	|17,35	|17,74	|15,3	|16,97	|16,33	|16,84	|17,36	|20,3	|100	|11,4	|18,87	|15,08	|13,17	|18,32	|19,16	|18,02	|20,32	|10,78	|18,2	|16,86	|11,63	|16,84	|17,04	|16,72	|15,29	|16,77	|14,29	|16,62	|16,68	|18,45	|16,77	|17,44	|16,77	|16,33	|16,84	|
________________________________________________________
47	|0	|0	|2,18	|2,96	|3,45	|3,07	|2,69	|3,15	|2,16	|3,51	|3,26	|3,97	|2,77	|3,02	|4,55	|3,08	|26,71	|0	|11,28	|0	|20,35	|14,14	|18,75	|17,92	|16,22	|10,69	|14,02	|16,68	|16,13	|11	|16,97	|16,53	|23,02	|0	|0	|21,38	|18,21	|18,06	|17,35	|15,27	|16,89	|18,67	|16,63	|16,53	|20,17	|11,51	|100	|17,03	|16,37	|13,94	|18,1	|17,7	|23,17	|17,04	|13,67	|17,4	|18,83	|12,36	|16,18	|16,11	|20,6	|16,04	|16,93	|18,2	|18,58	|18,35	|18,61	|15,94	|15,56	|19,17	|16,89	|16,57	|
________________________________________________________
48	|4,01	|3,32	|1,7	|16,3	|0	|3,24	|2,62	|3,56	|1,88	|3,66	|2,64	|3,95	|1,99	|2,74	|3,75	|3,31	|25,23	|18,48	|0	|17,6	|0	|14,82	|18,77	|18,58	|16,34	|10,47	|11,75	|20,23	|11,78	|11,4	|16,24	|16,86	|17,97	|16,86	|19,42	|17,57	|16,77	|16,98	|17,52	|14,98	|17,01	|16,41	|17,05	|17,1	|19,58	|12,98	|11,6	|100	|16,04	|14,47	|18,61	|19,09	|22,41	|17,05	|11,74	|21,56	|20,61	|13,18	|16,4	|16,26	|16,71	|15,72	|16,3	|14,53	|16,62	|16,29	|18,54	|16,56	|16,68	|17,26	|16,95	|16,73	|
________________________________________________________
49	|3,87	|0	|2,25	|3,3	|2,24	|3,41	|16,36	|2,96	|2,12	|2,23	|2,17	|2,68	|3,27	|2,9	|3,36	|2,9	|24,58	|18,57	|15,23	|0	|13,16	|0	|19,34	|18,05	|16,61	|10,61	|13,84	|13,16	|20,09	|11,1	|16,64	|16,22	|18,07	|16,56	|19,49	|16,79	|15,87	|16,53	|17,66	|15,26	|16,31	|16,69	|16,37	|16,73	|18,77	|12,99	|13,97	|20,09	|100	|11,64	|19,31	|19,07	|23,24	|16,5	|12,19	|13,81	|20,13	|10,62	|16,88	|16,57	|15,68	|14,87	|16,28	|13,98	|16,25	|16,02	|17,48	|16,36	|16,82	|16,99	|16,9	|16,4	|
________________________________________________________
50	|3,71	|4,6	|1,97	|3,45	|0	|0	|2	|3,07	|1,85	|2,85	|2,26	|3,33	|2,43	|3,25	|3,32	|3,29	|23,85	|18,14	|13,54	|24,36	|0	|10,71	|0	|20,8	|16,62	|10,82	|11,97	|16,19	|14,38	|12,51	|16,49	|18,25	|20,7	|16,78	|19,55	|17	|16,35	|16,74	|21,55	|0	|0	|19,02	|18,14	|18,41	|19,66	|12,92	|13,55	|20,65	|13,26	|100	|16,94	|19,86	|22,84	|16,76	|12,09	|18,55	|16,42	|14,58	|15,1	|18,16	|18,8	|13,71	|16,77	|13,97	|16,38	|16,84	|22,39	|16,2	|17,65	|20,27	|18,85	|18,67	|
________________________________________________________
51	|3,83	|4,07	|1,98	|3,08	|3,91	|2,22	|2,23	|17,72	|1,97	|2,79	|2,36	|3,42	|2,46	|3,6	|2,86	|3,29	|25,41	|18,97	|14,05	|22,67	|19,82	|0	|13,39	|0	|16,43	|10,82	|11,8	|16,86	|15,15	|11,11	|21,43	|13,78	|18,74	|16,36	|19,81	|16,83	|16,76	|16,72	|17,42	|14,92	|17,22	|16	|16,73	|16,77	|19,01	|12,74	|12,46	|18,81	|15,59	|12	|100	|20,24	|22,75	|16,7	|12,01	|18,65	|17,19	|11,99	|18,94	|18,15	|16,67	|15,74	|16,71	|14,05	|16,92	|16,81	|18,53	|16,7	|17,72	|16,52	|16,59	|16,01	|
________________________________________________________
52	|3,76	|4	|1,95	|3,24	|3,77	|0	|2,58	|3,45	|1,77	|2,94	|2,26	|3,33	|2,83	|2,4	|2,89	|2,1	|24,53	|18,89	|13,44	|22,45	|19,85	|14,76	|0	|8,03	|16,26	|10,7	|12,19	|17,09	|15,4	|12,63	|14,44	|21,22	|18,39	|16,64	|19,31	|16,7	|16,54	|16,86	|17,1	|15,2	|17,62	|15,85	|16,35	|16,76	|19,42	|13,21	|12,09	|19,14	|15,26	|13,95	|20,07	|100	|22,54	|16,64	|11,82	|18,42	|16,96	|11,99	|11,85	|19,09	|16,51	|15,62	|16,81	|13,77	|16,32	|16,39	|17,73	|16,06	|17,06	|16,03	|16,21	|15,74	|
________________________________________________________
53	|2,7	|3,93	|1,32	|2,75	|2,8	|2,48	|2,35	|2,82	|0	|3,48	|2,87	|3,79	|2,89	|3,01	|3,17	|3,48	|24,23	|13,74	|13,06	|20,36	|17,28	|12,64	|16,52	|16,37	|13,59	|0	|14,39	|18,98	|16,79	|12,24	|18,87	|19	|18,57	|16,49	|19,1	|17,27	|16,06	|16,31	|17,68	|14,74	|16,84	|16,3	|16,97	|16,59	|19,8	|9,14	|11,64	|16,52	|13,68	|11,81	|16,59	|16,58	|100	|19,7	|13,35	|21,36	|19,62	|13,45	|18,76	|19,13	|16,25	|15,03	|16,52	|14,65	|16,43	|16,12	|18,68	|16,49	|16,46	|16,54	|16,94	|16,09	|
________________________________________________________
54	|4,02	|3,87	|2,07	|2,86	|3,06	|2,5	|2,23	|2,78	|1,35	|3,35	|14,37	|3,64	|2,92	|2,91	|3,25	|3,27	|19,69	|19,8	|12,27	|20,19	|17,44	|12,25	|16,31	|16,76	|0	|7,19	|0	|18,75	|16,99	|12,34	|18,84	|19,17	|18,32	|16,94	|19,03	|17,4	|16,4	|16,58	|17,37	|15,39	|17,15	|16,69	|16,98	|16,65	|19,71	|13,95	|11,59	|17,01	|13,15	|11,72	|16,48	|16,57	|26,66	|100	|11,96	|20,93	|19,67	|13,22	|18,68	|19,22	|16,64	|15,26	|16,66	|14,37	|16,86	|16,49	|18,21	|16,25	|16,71	|16,79	|16,91	|16,29	|
________________________________________________________
55	|4,15	|4,35	|1,91	|3,09	|2,94	|2,54	|2,05	|3	|0	|0	|2,29	|3,57	|3,11	|3,22	|3,82	|3,38	|23,18	|16,18	|13,97	|20,47	|17,17	|12,21	|16,11	|16,72	|20,23	|0	|10,48	|0	|17,42	|12,76	|18,96	|18,45	|20,38	|18,65	|24,59	|0	|0	|20,86	|18,02	|14,58	|17,42	|16,32	|17,07	|17,71	|17,56	|10,29	|12,92	|16,29	|13,51	|11,76	|16,48	|16,37	|25,12	|16,63	|100	|19,1	|20,95	|14,73	|18,6	|18,45	|18,71	|16,32	|19,95	|13,98	|17,15	|20,04	|18,55	|16,06	|17,38	|16,58	|15,29	|18,58	|
________________________________________________________
56	|2,93	|4,39	|1,44	|2,86	|2,55	|2,9	|1,77	|2,75	|2,38	|2,43	|2,59	|18,14	|0	|3,37	|3,77	|3,52	|22,23	|16,07	|12,56	|23,65	|14,55	|13,44	|16,38	|16,63	|18,69	|12,29	|0	|13,73	|0	|13,16	|18,27	|18,99	|18,52	|16,59	|18,43	|17,3	|16,27	|15,93	|18,3	|14,71	|17,08	|16,74	|16,72	|17,03	|17,03	|11,39	|10,79	|19,61	|10,03	|11,83	|16,78	|16,71	|26,36	|19,08	|12,52	|100	|21,1	|14,04	|18,51	|19,16	|17,12	|14,88	|15,65	|14,91	|18,14	|15,6	|18,44	|16,36	|16,33	|16,98	|17,18	|16,37	|
________________________________________________________
57	|3,01	|3,31	|1,91	|3,26	|3,63	|2,98	|2,62	|3,03	|2,21	|0	|3,06	|3,86	|1,6	|3,35	|17,17	|3,25	|21,75	|15,85	|12,23	|17,62	|20,73	|12,3	|16,78	|16,08	|18,45	|11,9	|14,34	|0	|10,59	|0	|19,04	|18,93	|17,87	|16,56	|19,27	|17,45	|15,57	|16,26	|17,43	|15,3	|17,74	|16,13	|16,49	|16,52	|16,7	|11,33	|12,53	|20,13	|15,71	|11,24	|16,61	|16,53	|26	|19,25	|14,75	|22,66	|100	|12,23	|19,04	|19,06	|16,14	|14,7	|16,47	|14,5	|16,21	|16,27	|17,97	|16,18	|17,15	|17,17	|17,31	|16,24	|
________________________________________________________
58	|3,56	|3,94	|1,82	|4,11	|3,54	|3,12	|2,36	|3,46	|2,35	|3,55	|2,51	|4,18	|0	|0	|3,06	|3,12	|21,69	|17,22	|11,98	|21,19	|17,24	|13,75	|16,8	|16,84	|18,85	|12,14	|13,84	|19,71	|0	|10,31	|0	|19,61	|18,4	|16,48	|20,71	|16,78	|16,73	|15,58	|19,98	|16,74	|20,19	|0	|0	|20,1	|16,53	|11,21	|11,81	|18,47	|11,89	|14,33	|16,63	|16,77	|25,57	|18,57	|14,88	|21,63	|17,55	|100	|17,73	|19,46	|16,88	|14,71	|18,31	|12,98	|17,17	|15,6	|20,57	|18,12	|20,23	|17,06	|16,93	|20,3	|
________________________________________________________
59	|3,29	|3,49	|1,87	|2,89	|3	|3,46	|2,08	|3,46	|2,28	|3,04	|2,55	|3,66	|2,96	|2,03	|2,89	|18,17	|22,14	|16,6	|12,58	|19,96	|17,55	|12,41	|21,17	|14,8	|19,23	|11,84	|13,19	|19,27	|16,96	|0	|12,12	|0	|18,83	|16,84	|19,74	|16,45	|17,76	|16,45	|18,46	|15,06	|17,19	|16,4	|17,04	|16,9	|16,7	|11,71	|11,14	|16,58	|13,63	|10,7	|18,94	|11,95	|25,72	|18,93	|13,55	|20,57	|19,71	|12,79	|100	|21,16	|16,17	|14,82	|16,78	|14,3	|15,9	|16,31	|18,55	|16,73	|17,46	|16,32	|18,17	|15,63	|
________________________________________________________
60	|3,33	|3,74	|1,66	|2,87	|3,11	|2,44	|2,42	|3,05	|2,2	|3,26	|2,89	|3,88	|3,1	|0	|3,57	|3,85	|21,45	|16,31	|12,24	|20,59	|17,56	|12,43	|14,22	|21,56	|18,73	|11,8	|12,92	|19,39	|17,09	|13,75	|0	|8,46	|18,38	|16,94	|19,54	|17,21	|17,03	|16,55	|17,49	|14,89	|17,12	|15,89	|16,68	|16,52	|16,84	|11,76	|11,01	|16,31	|13,28	|12,77	|18,01	|19,11	|26,03	|19,32	|13,34	|21,13	|19,57	|13,93	|21	|100	|16,85	|14,7	|16,92	|14,06	|16,55	|16,38	|18,14	|16,24	|16,94	|16,79	|16,27	|16,48	|
________________________________________________________
61	|3,96	|0	|1,94	|3,38	|2,93	|2,21	|2,6	|3,36	|2,09	|3,33	|2,73	|3,75	|2,51	|2,73	|2,75	|3,05	|22,28	|16,07	|15,39	|19,29	|16,66	|12,22	|16,33	|16,25	|16,83	|10,26	|13,61	|16,8	|14,41	|11,34	|16,48	|16,27	|16,81	|0	|22,16	|19,2	|19,04	|18,89	|23,23	|12,4	|17,42	|16,36	|16,63	|16,93	|16,76	|11,52	|14,05	|16,73	|12,54	|13,19	|16,51	|16,49	|22,07	|16,7	|13,5	|18,84	|16,54	|12,06	|16,01	|16,82	|100	|16,85	|19,45	|16,13	|18,5	|18,45	|21,2	|19,46	|17,06	|16,78	|17,26	|16,93	|
________________________________________________________
62	|3,7	|3,06	|11,61	|2,74	|3,03	|3,64	|2,61	|2,75	|2,1	|3,37	|2,7	|3,62	|2,73	|2,69	|2,89	|3,02	|21,84	|16,33	|0	|19,4	|16,92	|12,23	|16,23	|16,77	|16,69	|10,57	|13,46	|16,93	|14,83	|10,65	|16,48	|16,75	|0	|14,63	|21,98	|19,38	|19,26	|18,8	|14,84	|20,69	|17,27	|16,53	|16,96	|17,11	|16,92	|11,61	|12,06	|17,35	|13,11	|10,61	|17,19	|17,21	|22,51	|16,88	|12,98	|18,06	|16,61	|11,59	|16,18	|16,18	|18,58	|100	|19,18	|16,32	|18,87	|18,61	|12,37	|19,1	|17,14	|16,99	|16,54	|16,13	|
________________________________________________________
63	|2,87	|4,31	|1,83	|16,45	|4	|2,63	|2,25	|3,49	|2,46	|0	|2,52	|3,91	|2,66	|2,19	|3,37	|3,59	|21,63	|15,91	|0	|20,7	|17,57	|12,3	|16,71	|16,72	|16,68	|10,9	|14,93	|16,71	|15,53	|11,09	|16,51	|16,86	|20,85	|19,15	|17,4	|0	|18,63	|18,79	|17,53	|14,45	|21,91	|13,78	|16,9	|16,68	|17,09	|11,65	|11,64	|16,45	|13,13	|11,86	|16,68	|16,92	|22,62	|16,85	|14,51	|17,37	|17,01	|13,18	|16,75	|17,03	|19,61	|17,53	|100	|16,14	|18,52	|18,71	|18,04	|16,46	|19,53	|19,51	|16,58	|16,02	|
________________________________________________________
64	|0	|4,31	|2,36	|2,95	|2,36	|2,88	|2,15	|1,54	|2,16	|2,6	|16,75	|3,57	|2,27	|3,78	|3,44	|2,75	|21,92	|15,83	|15,21	|20,26	|17,12	|13,53	|16,78	|16,55	|16,53	|10,43	|0	|16,81	|13,59	|10,86	|16,61	|16,86	|20,68	|18,25	|0	|15,39	|19,36	|18,57	|18,01	|14,38	|14,28	|22,17	|16,99	|16,67	|16,34	|11,43	|14,42	|16,9	|12,99	|11,39	|16,16	|15,98	|23,11	|16,75	|11,72	|19,06	|17,26	|10,77	|16,45	|16,3	|18,74	|17,19	|18,6	|100	|18,67	|18,44	|18,57	|16,15	|10,54	|19,89	|16,51	|16,15	|
________________________________________________________
65	|3,47	|4,08	|1,9	|3,04	|2,97	|2,87	|2,28	|2,82	|1,75	|3,49	|2,42	|20,05	|3,22	|2,66	|2,8	|3,5	|21,52	|15,95	|13,63	|20,45	|16,48	|12,47	|16,74	|16,77	|16,47	|10,59	|0	|16,61	|14,22	|10,76	|16,13	|15,66	|20,89	|18,9	|21,51	|19,96	|14,8	|0	|17,75	|15,3	|17,31	|16,77	|21,57	|14,3	|16,84	|11,49	|12,73	|16,71	|13,04	|11,54	|16,82	|16,37	|22,4	|16,99	|12,42	|20,05	|16,68	|12,32	|15,81	|16,59	|18,57	|17,19	|18,45	|16,13	|100	|18,23	|18,3	|16,3	|16,3	|16,31	|19,58	|18,95	|
________________________________________________________
66	|3,66	|4,19	|1,93	|2,96	|2,97	|2,6	|1,98	|2,82	|0	|3,93	|3,04	|3,64	|2,1	|3,14	|3,11	|1,82	|22,32	|16,2	|13,81	|20,75	|17,2	|12,2	|16,92	|16,61	|16,33	|10,48	|15,7	|16,92	|14,75	|12,16	|16,85	|16,43	|21,09	|18,78	|21,95	|19,82	|0	|14,98	|17,86	|14,88	|16,72	|16,55	|14,41	|21,92	|16,9	|11,65	|12,69	|16,54	|12,99	|11,98	|16,89	|16,61	|22,21	|16,78	|14,67	|17,41	|16,91	|11,3	|16,38	|16,58	|18,71	|17,12	|18,82	|16,09	|18,41	|100	|17,81	|16,11	|16,81	|17,21	|11,43	|18,95	|
________________________________________________________
67	|3,58	|3,27	|1,26	|2,73	|3,64	|0	|2,2	|3,51	|1,86	|3,02	|2,44	|3,23	|2,66	|3,23	|3,26	|3,39	|22,17	|16,14	|13,84	|20,25	|17,17	|15,2	|15,79	|16,27	|16,52	|10,34	|11,71	|17,11	|14,4	|12,38	|16,89	|16,27	|23,48	|14,5	|19,21	|17,37	|16,61	|16,65	|17	|0	|19,19	|19,05	|19	|19,02	|16,9	|11,52	|11,5	|16,82	|12,67	|14,24	|16,63	|16,05	|22,99	|16,56	|12,13	|18,39	|16,69	|13,32	|16,65	|16,4	|19,22	|10,16	|16,22	|14,49	|16,51	|15,92	|100	|18,42	|19,28	|19,11	|19,14	|18,72	|
________________________________________________________
68	|3,32	|4,95	|2,11	|2,69	|3,3	|2,24	|13,39	|3,01	|1,82	|3,04	|2,39	|3,14	|2,96	|2,91	|3,5	|3,3	|22,03	|16,21	|12,8	|20,41	|17,17	|0	|16,4	|16,24	|16,27	|10,61	|12,02	|16,88	|14,51	|12,32	|16,48	|16,31	|16,52	|22,09	|19,43	|17,71	|16,26	|16,81	|0	|12,56	|18,89	|18,1	|19,01	|19,38	|16,74	|11,82	|11,12	|16,97	|13,39	|11,64	|16,92	|16,41	|22,91	|16,68	|11,86	|18,42	|16,97	|13,24	|16,95	|16,58	|19,92	|17,72	|16,71	|14,22	|16,61	|16,25	|20,8	|100	|19,96	|19,51	|18,86	|18,91	|
________________________________________________________
69	|3,89	|3,65	|1,53	|3,2	|2,81	|3,39	|2,08	|17,2	|2,35	|2,55	|1,55	|3	|3,16	|0	|3,47	|3,81	|22,36	|16,62	|12,35	|20,29	|17,32	|0	|17,02	|16,55	|16,18	|10,7	|13,52	|16,87	|14,85	|13,5	|16,91	|16,51	|18,72	|16,58	|23,81	|14,69	|16,42	|16,54	|20,28	|17,49	|15,14	|0	|19,43	|19,08	|17,07	|11,77	|10,4	|16,37	|13,19	|12,14	|17,2	|16,71	|21,92	|16,44	|12,3	|17,62	|17,24	|14,17	|16,95	|16,58	|16,73	|15,24	|18,99	|8,89	|15,91	|16,25	|20,86	|19,12	|100	|19,4	|18,38	|18,46	|
________________________________________________________
70	|2,64	|3,62	|1,98	|3,35	|0	|3,27	|2,62	|3,37	|1,91	|4,09	|2,87	|3,2	|2,97	|2,24	|17,53	|2,92	|21,88	|16,1	|12,44	|20,09	|16,93	|15,23	|16,65	|16,26	|16,92	|10,39	|12,2	|17,2	|14,42	|0	|16,49	|16,19	|18,39	|16,55	|16,79	|22,93	|16,62	|17,07	|19,58	|17,05	|0	|14,09	|18,96	|19,39	|16,55	|11,51	|13,03	|17,22	|13,54	|14,17	|16,3	|15,96	|22,37	|16,78	|11,92	|18,61	|17,53	|12,14	|16,1	|16,69	|16,72	|15,35	|19,28	|17,06	|16,19	|16,91	|21,01	|19	|19,71	|100	|19,45	|18,82	|
________________________________________________________
71	|3,32	|3,75	|1,72	|2,52	|3,46	|3,06	|2,48	|3,29	|2,63	|2,89	|2,16	|3,81	|2,15	|3,15	|3,04	|17,94	|22,07	|16,43	|12,61	|20	|16,96	|13,53	|17,11	|16,35	|16,32	|10,6	|11,71	|16,59	|14,44	|0	|16,58	|16,48	|19,03	|16,53	|19,28	|17,6	|21,39	|13,99	|20,28	|16,81	|19,41	|19,06	|14,55	|0	|16,67	|11,21	|11,49	|16,92	|13,47	|13,19	|16,38	|16,14	|22,94	|16,92	|11	|18,85	|17,68	|12,06	|17,94	|16,19	|17,21	|14,96	|16,4	|14,17	|19,45	|11,24	|21,05	|18,38	|18,69	|19,46	|100	|19,06	|
________________________________________________________
72	|3,68	|3,79	|1,87	|2,52	|3,61	|2,85	|2,66	|3,09	|1,66	|3,13	|2,58	|3,64	|0	|3,18	|3,54	|3,41	|22,12	|16,46	|12,46	|20,49	|16,88	|13,47	|16,58	|16,25	|16,55	|10,4	|12,25	|16,6	|15,01	|13,5	|16,69	|16,19	|18,18	|16,46	|20,04	|17,18	|14,03	|21,78	|20,13	|16,63	|19,89	|18,55	|0	|14,35	|16,85	|11,73	|11,43	|16,94	|13,26	|13,25	|16,04	|15,91	|22,09	|16,53	|13,56	|18,22	|16,83	|14,67	|15,66	|16,63	|17,12	|14,8	|16,08	|14,06	|19,09	|18,9	|20,89	|18,7	|19,04	|19,11	|19,34	|100	|
________________________________________________________
