0	|1	|2	|3	|4	|5	|6	|7	|8	|9	|10	|11	|12	|13	|14	|15	|16	|17	|18	|19	|20	|21	|22	|23	|24	|25	|26	|27	|28	|29	|30	|31	|32	|33	|34	|35	|36	|37	|38	|39	|40	|41	|42	|43	|44	|45	|46	|47	|48	|49	|50	|51	|52	|53	|54	|55	|56	|57	|58	|59	|60	|61	|62	|63	|64	|65	|66	|67	|68	|69	|70	|71	|72	|
1	|100	|3,16	|2,05	|3,34	|4,03	|2,86	|3,13	|4,22	|2,86	|2,62	|0	|3,34	|2,71	|1,69	|2,92	|3,55	|23,79	|100	|11,14	|20,08	|20,78	|13,16	|18,22	|19,03	|19,27	|14,39	|14,33	|17,1	|16,77	|10,57	|15,72	|15,99	|21,77	|17,8	|100	|18,49	|18,31	|19,12	|19,51	|13,76	|18,85	|11,71	|15,87	|16,65	|0	|10	|0	|19,48	|17,52	|12,74	|19,09	|19,18	|18,94	|20,45	|13,97	|17,22	|16,29	|13,34	|17,8	|16,59	|19,24	|18,31	|15,45	|0	|16,98	|19,09	|20,87	|16,05	|21,32	|15	|15,18	|16,98	|
________________________________________________________
2	|2,92	|100	|1,56	|3,03	|3,03	|3,45	|0	|3,81	|1,59	|3,7	|2,67	|4,53	|2,06	|2,61	|2,87	|3,2	|25,56	|16,97	|12,82	|100	|19,17	|13,88	|18,22	|19,03	|17,16	|8,71	|12,6	|18,92	|10,35	|11,1	|16,47	|16,16	|18,66	|100	|19,19	|21,39	|19,25	|19,86	|20,08	|17,52	|16,69	|16,02	|17,25	|16,97	|19,75	|12,63	|0	|14,49	|0	|13,32	|19	|18,69	|23,23	|17,44	|13,35	|21,61	|15,13	|12,6	|17,58	|15,88	|0	|12,93	|20,17	|17,5	|19,11	|17,83	|15,97	|21,34	|16,27	|17,55	|16,52	|16,36	|
________________________________________________________
3	|4,09	|3,37	|100	|2,22	|4,09	|4,27	|3,25	|3,12	|3,19	|3,37	|4,51	|4,27	|2,46	|3	|4,99	|3,43	|0	|14,06	|0	|25,3	|22,42	|14,84	|18,27	|18,39	|12,38	|14,9	|13,88	|16,11	|14,72	|9,62	|14,96	|17,19	|0	|14,72	|23,74	|20,67	|19,47	|19,95	|13,76	|21,75	|16,83	|16,71	|18,15	|15,56	|18,81	|100	|9,98	|16,17	|16,53	|11,24	|18,45	|19,53	|17,79	|20,37	|11,42	|18,21	|18,99	|13,7	|15,99	|16,77	|18,03	|100	|17,37	|18,69	|19,83	|19,29	|11,78	|18,51	|15,81	|20,91	|16,89	|14,84	|
________________________________________________________
4	|3,98	|3,91	|1,33	|100	|0	|3,09	|2,4	|4,27	|2,44	|0	|2,33	|4,27	|2,51	|2,05	|4,09	|3,77	|27,75	|20,57	|0	|17,88	|0	|14,86	|19,6	|17,55	|16,58	|11,31	|13,75	|20,96	|13,03	|12,28	|17,09	|16,76	|22,25	|21	|18,23	|0	|19,96	|18,66	|18,45	|13,85	|22,68	|14,21	|17,19	|16,83	|19,31	|11,02	|10,66	|100	|16,04	|14,93	|19,13	|18,84	|21,86	|16,8	|13,42	|20,67	|20,24	|15,9	|16,12	|17,37	|21,54	|14,39	|100	|15,29	|18,99	|19,31	|18,05	|15,94	|18,81	|18,13	|15,54	|17,3	|
________________________________________________________
5	|4,45	|3,62	|2,26	|0	|100	|3,02	|2,75	|3,82	|2,16	|3,19	|1,79	|2,65	|3,45	|2,99	|0	|3,72	|22,2	|18,85	|14,7	|23,09	|100	|11,38	|17,65	|20,37	|17,05	|9,89	|18,02	|18,61	|16,56	|13,4	|16,85	|16,85	|17,39	|16,16	|21,8	|19,14	|15,56	|15,96	|20,74	|14,73	|100	|17,62	|18,51	|20,21	|19,08	|13,64	|12,77	|0	|10,98	|0	|21,77	|20,31	|22,66	|16,26	|11,71	|17,12	|21,17	|15,06	|17,58	|15,83	|15,43	|14,47	|22,73	|11,48	|14,7	|16,19	|22,66	|19,18	|15,69	|0	|18,28	|19,51	|
________________________________________________________
6	|3,44	|4,49	|2,57	|3,12	|3,3	|100	|2,39	|2,61	|1,85	|3,04	|2,79	|3,15	|2,5	|3,73	|3,84	|4,38	|24,64	|18,55	|13,12	|21,99	|17,9	|11,7	|100	|19,78	|16,05	|9,96	|13,37	|17,54	|13,26	|11,23	|19,09	|13,01	|12,83	|18,99	|18,8	|17,39	|16,27	|15,29	|19,2	|100	|17,75	|18,99	|19,09	|17,68	|18,08	|12,25	|11,99	|20,36	|16,09	|0	|13,33	|0	|23,15	|17,39	|12,5	|19,71	|18,73	|14,35	|22,07	|14,09	|13,33	|19,42	|16,27	|15,65	|15,11	|16,96	|0	|13,41	|20,69	|19,82	|18,95	|17,9	|
________________________________________________________
7	|4,89	|0	|2,54	|3,15	|3,9	|3,1	|100	|2,87	|2,58	|1,6	|1,64	|1,93	|4,37	|3,43	|4,04	|2,77	|23,21	|19,5	|14,38	|0	|13,91	|0	|21,29	|20,3	|18	|10,9	|14,71	|12,97	|19,92	|11,42	|16,54	|18,7	|14,94	|21,33	|21,38	|17,06	|16,73	|16,31	|0	|12,22	|21,99	|20,44	|20,11	|18,8	|17,25	|14,47	|12,5	|19,08	|100	|11,94	|15,7	|19,6	|23,26	|15,41	|12,03	|13,25	|20,11	|13,11	|15,18	|18,05	|18,66	|17,62	|17,25	|13,16	|14,47	|14,8	|20,77	|100	|17,81	|18,42	|19,17	|18,7	|
________________________________________________________
8	|4,54	|4,45	|1,69	|3,86	|3,73	|2,34	|1,98	|100	|2,01	|2,14	|1,66	|4,09	|2,76	|0	|3,05	|4,22	|24,73	|18,89	|14,61	|24,25	|21,78	|0	|12,76	|0	|16,78	|10,97	|12,5	|17,85	|13,57	|12,07	|22,07	|13,47	|20,71	|16,42	|24,12	|15,38	|17,53	|15,58	|22,04	|16,49	|13,79	|0	|19,38	|18,27	|18,99	|13,53	|12,5	|19,99	|13,4	|10,97	|100	|20,61	|22,65	|16,55	|12,3	|19,73	|18,18	|14,09	|19,25	|17,72	|20,22	|13,6	|19,18	|9,02	|17,98	|15,87	|21,06	|17,23	|100	|19,02	|18,53	|18,44	|
________________________________________________________
9	|5	|3	|2,79	|3,58	|3,42	|2,69	|2,9	|3,26	|100	|2,69	|2,11	|3,48	|3,21	|3,11	|3,84	|5,79	|17,48	|22,85	|12,06	|18,75	|18,27	|11,48	|16,48	|19,01	|22,91	|100	|12,32	|16,64	|18,64	|12,48	|20,12	|19,59	|20,64	|18,69	|22,27	|17,85	|100	|16,96	|17,59	|13,95	|18,11	|14,53	|18,43	|11,95	|10,11	|16,32	|12,16	|16,69	|14,64	|11,53	|16,17	|15,8	|0	|11,85	|0	|22,27	|20,91	|13,59	|20,12	|19,27	|18,43	|16,85	|20,43	|14,32	|14,01	|0	|18,8	|17,22	|17,85	|17,96	|22,22	|14,17	|
________________________________________________________
10	|3,14	|4,8	|2,02	|0	|3,47	|3,03	|1,23	|2,38	|1,84	|100	|2,57	|3,14	|3,07	|4,37	|0	|3,03	|21,6	|15,43	|16,26	|21,86	|21,03	|17,92	|14,52	|17,09	|19,98	|11,16	|11,81	|100	|17,56	|14,05	|19,65	|19,73	|19,4	|18,97	|20,59	|100	|16,33	|21,03	|17,3	|14,49	|19,36	|18,28	|16,44	|17,02	|15,64	|11,27	|13,01	|19,62	|10,01	|11,34	|16	|17,09	|27,13	|19,8	|0	|14,45	|0	|14,41	|18,79	|18,68	|18,64	|14,85	|0	|13,01	|19,62	|19,87	|18,61	|15,1	|13,95	|21,75	|15,43	|16,84	|
________________________________________________________
11	|0	|3,99	|3,12	|2,7	|2,24	|3,2	|1,45	|2,12	|1,66	|2,95	|100	|3,33	|2,08	|3,74	|3,62	|2,49	|19,08	|20,91	|15,71	|21,32	|16,38	|15	|17,46	|16,58	|0	|6,77	|0	|19,37	|14,84	|12,97	|19,2	|19,16	|20,16	|17,37	|0	|15	|19,95	|20,74	|19,08	|14,13	|13,72	|20,53	|16,58	|18,12	|18,99	|14,05	|14,05	|15,38	|11,8	|11,85	|16,63	|15,92	|26,31	|100	|11,31	|19,74	|20,82	|12,93	|19,24	|18,74	|18,83	|17,37	|19,2	|100	|16,46	|20,66	|19,04	|14,84	|11,8	|19,33	|14,51	|19,74	|
________________________________________________________
12	|3,33	|4,9	|2,13	|3,57	|2,4	|2,61	|1,23	|3,78	|1,98	|2,61	|2,4	|100	|0	|3	|4,42	|4,09	|23,97	|16,22	|14,33	|22,59	|14,18	|13,85	|16,25	|17,18	|20,04	|12,35	|0	|13,19	|0	|12,29	|19,16	|18,47	|20,79	|19,59	|23,4	|20,7	|14,39	|0	|17,21	|14,69	|17,69	|14,63	|21,69	|13,88	|18,41	|10,06	|12,35	|19,44	|9,52	|12,77	|16,31	|15,65	|25,86	|16,94	|12,17	|100	|21,03	|14,33	|18,08	|17,9	|17,54	|17,39	|19,74	|15,05	|100	|17,72	|17,78	|15,92	|17,12	|16,88	|19,83	|19,07	|
________________________________________________________
13	|3,68	|3,03	|1,68	|2,86	|4,26	|2,82	|3,81	|3,48	|2,5	|3,48	|2,05	|0	|100	|2	|2,37	|3,44	|21,89	|16,57	|13,09	|15,1	|19,72	|13,79	|15,59	|19,48	|19,56	|12,27	|14,44	|22,67	|100	|11,29	|15,51	|21,81	|17,8	|16,86	|21,56	|17,18	|18,58	|18,58	|19,23	|15,22	|20,09	|15,83	|100	|20,7	|16,73	|11,99	|11,87	|13,67	|19,35	|14,4	|14,53	|18,13	|27,25	|19,19	|14,61	|0	|11,78	|0	|19,97	|21,48	|16,61	|14,44	|17,06	|11,66	|21,36	|13,95	|21,03	|17,59	|22,22	|18,66	|13,79	|0	|
________________________________________________________
14	|2,09	|3,51	|1,87	|2,13	|3,36	|3,85	|2,73	|0	|2,2	|4,52	|3,36	|3,73	|1,83	|100	|3,7	|2,91	|21,62	|16,47	|12,43	|19,98	|18,45	|14,9	|18,48	|19,31	|18,75	|12,58	|13,11	|19,79	|14,68	|11,13	|100	|21,88	|18,93	|16,69	|14,41	|20,91	|16,06	|19,34	|20,58	|17,1	|20,24	|100	|15,87	|20,84	|16,28	|11,05	|12,36	|16,88	|13,74	|12,55	|21,25	|13,93	|25,91	|19,68	|13,03	|22,82	|21,77	|0	|13,07	|0	|15,98	|13,55	|13,97	|19,23	|14,79	|18,37	|21,06	|17,89	|0	|14,38	|20,13	|19,98	|
________________________________________________________
15	|3,23	|3,43	|2,77	|3,8	|0	|3,53	|2,87	|3,13	|2,43	|0	|2,9	|4,9	|1,93	|3,3	|100	|2,8	|21,03	|16,5	|11,67	|19,47	|20,7	|16,3	|16,03	|15,67	|17,9	|13	|14,97	|0	|9,13	|0	|20,03	|20,57	|17,63	|16,7	|16,4	|21,7	|16,6	|16,27	|20,1	|15,87	|0	|13,57	|19,17	|20,2	|15,7	|11,47	|15,9	|19,53	|15,13	|13,7	|16,07	|16,8	|25,33	|19,77	|14,97	|23,43	|100	|12,87	|17,17	|20,87	|16,8	|14,87	|19,4	|15,63	|17,27	|16,7	|20,93	|17	|19,73	|100	|18,07	|20,4	|
________________________________________________________
16	|3,84	|3,74	|1,86	|3,42	|3,65	|3,94	|1,92	|4,23	|3,58	|2,73	|1,95	|4,43	|2,73	|2,54	|2,73	|100	|21,71	|16,83	|12,6	|22,1	|17,9	|13,15	|21,45	|15,85	|19,08	|12,3	|13,87	|19,3	|18,46	|0	|13,96	|0	|18,65	|16,05	|20,67	|16,57	|21,71	|14,03	|18,75	|15,79	|21,52	|18,42	|14,36	|0	|15,62	|11,04	|11,82	|17,77	|11,69	|12,47	|19,17	|11,59	|25,81	|18,1	|14,16	|20,67	|18,2	|12,21	|100	|20,93	|16,44	|15,53	|17,71	|13,44	|19,27	|11,46	|20,8	|19,4	|21,13	|17,09	|100	|17,74	|
________________________________________________________
17	|3,62	|4,21	|0	|3,54	|3,06	|3,11	|2,26	|3,49	|1,52	|2,74	|2,1	|3,65	|2,45	|2,65	|2,89	|3,05	|100	|18,63	|13,97	|22,79	|19,17	|13,93	|18,5	|19,23	|18,63	|8,43	|11,87	|16,61	|14,47	|11,35	|16,57	|16,52	|18,2	|16,96	|18,84	|17,39	|16,59	|16,26	|17,57	|14,53	|16,69	|16,22	|16,69	|16,43	|14,64	|0	|13,51	|19,45	|14,67	|13,14	|18,75	|18,98	|25	|14,93	|12,47	|18,61	|17,23	|12,21	|16,71	|16,55	|16,84	|15,29	|16,83	|14,17	|16,38	|16,48	|18,61	|16,14	|17,31	|16,79	|16,91	|16,73	|
________________________________________________________
18	|19,8	|3,64	|1,4	|3,42	|3,39	|3,05	|2,47	|3,47	|2,59	|2,55	|3	|3,22	|2,42	|2,63	|2,95	|3,08	|24,28	|100	|11,65	|22,84	|20,14	|14,11	|18,91	|18,69	|19,93	|14,02	|11,52	|16,44	|14,46	|10,95	|16,37	|16,64	|18,29	|17,08	|19,8	|17,11	|16,51	|16,41	|17,61	|14,97	|16,75	|15,9	|16,23	|16,84	|0	|8,93	|0	|18,86	|15,19	|13,08	|18,62	|19,27	|18,98	|20,42	|11,85	|18,5	|16,94	|12,28	|16,68	|16,61	|16,53	|15,34	|16,86	|14,28	|16	|16,85	|18,46	|15,83	|17,31	|16,93	|16,74	|16,75	|
________________________________________________________
19	|3,01	|3,76	|0	|0	|3,61	|2,95	|2,49	|3,67	|1,87	|3,67	|3,08	|3,89	|2,61	|2,71	|2,85	|3,15	|24,86	|15,91	|100	|20,51	|20,55	|15,06	|18,51	|19,07	|17,99	|8,93	|14,21	|16,85	|14,84	|10,85	|16,64	|16,66	|22,13	|16,83	|19,23	|20,9	|18,54	|18,66	|19,85	|12,42	|16,47	|15,98	|17,19	|16,82	|20,12	|0	|9,9	|0	|15,49	|12,99	|18,4	|18,09	|24,29	|16,76	|13,36	|18,47	|17,34	|11,96	|16,8	|15,89	|20,54	|0	|0	|17,3	|18,49	|18,22	|20,38	|15,81	|17,29	|16,46	|17,08	|16,29	|
________________________________________________________
20	|3,32	|17,9	|2,1	|2,48	|3,47	|3,02	|0	|3,72	|1,77	|3,01	|2,55	|3,74	|1,84	|2,66	|2,91	|3,38	|24,79	|19,07	|12,54	|100	|19,7	|14,11	|18,42	|18,77	|16,42	|10,44	|10,63	|18,67	|10,98	|11,15	|16,05	|16,5	|17,68	|17,9	|18,78	|17	|16,7	|16,44	|17,87	|15,22	|16,8	|16,01	|16,52	|16,67	|18,74	|13,25	|0	|14,23	|0	|14,52	|18,63	|18,88	|22,3	|16,65	|12,01	|21,37	|15,21	|13,24	|16,61	|16,71	|16,29	|14,75	|16,69	|15,1	|16,65	|16,61	|18,37	|15,81	|17,06	|17,43	|17,18	|16,72	|
________________________________________________________
21	|3,99	|3,98	|2,16	|0	|17,42	|2,86	|1,71	|3,88	|2,01	|3,36	|2,28	|2,73	|2,79	|2,86	|3,59	|3,18	|24,22	|19,52	|14,58	|22,87	|100	|12,08	|19,12	|18,73	|16,91	|10,49	|13,57	|19,34	|16,99	|10,8	|16,95	|16,68	|17,87	|16,27	|19,46	|17,58	|16,13	|16,3	|17,57	|15,38	|17,42	|15,86	|16,57	|16,87	|18,69	|13,12	|13,08	|0	|10,2	|0	|19,56	|19,43	|23,04	|16,26	|12,15	|15,78	|20,61	|12,58	|16,94	|16,08	|16,31	|15,2	|16,85	|13,73	|15,84	|16,5	|18,42	|16,15	|17,51	|17,16	|16,82	|16,88	|
________________________________________________________
22	|3,52	|4,02	|1,99	|3,33	|2,76	|2,6	|0	|0	|1,76	|3,99	|2,91	|3,71	|2,71	|3,21	|3,94	|3,25	|24,52	|19,06	|14,89	|22,82	|16,82	|100	|16,83	|20,2	|17,2	|10,25	|12,04	|18,17	|13,21	|13,11	|16,24	|16,84	|18,15	|16,42	|17,58	|18,87	|16,28	|16,53	|21,9	|14,89	|16,9	|19,01	|18,54	|18,86	|18,63	|12,58	|12,43	|20,18	|0	|10,28	|0	|20,01	|23,12	|16,79	|12,35	|20,24	|18,22	|13,29	|16,54	|16,39	|17,07	|15,11	|16,6	|16,5	|16,39	|16,75	|23,18	|0	|0	|20,51	|18,94	|17,9	|
________________________________________________________
23	|3,67	|3,97	|1,84	|3,31	|3,23	|16,75	|2,75	|2,38	|1,9	|2,44	|2,55	|3,28	|2,31	|3	|2,92	|4	|24,53	|19,24	|13,79	|22,45	|20,07	|12,68	|100	|19,72	|16,58	|10,58	|12,17	|16,4	|15,12	|10,21	|19,01	|12,02	|18,27	|16,55	|19,36	|16,82	|16,21	|16,35	|16,94	|16,75	|17,39	|16,01	|17,51	|17,13	|18,73	|12,79	|12,16	|18,95	|15,44	|0	|13,2	|0	|22,87	|17,2	|12,13	|18,2	|17,07	|12,23	|21,14	|14,2	|16,11	|15,23	|17,05	|13,87	|16,28	|16,61	|17,68	|15,98	|17,35	|16,82	|17,22	|17,05	|
________________________________________________________
24	|3,78	|4,09	|1,83	|2,92	|3,67	|3,26	|2,58	|0	|2,16	|2,83	|2,38	|3,42	|2,84	|3,09	|2,81	|2,91	|25,11	|18,74	|13,99	|22,53	|19,36	|14,99	|19,42	|100	|16,83	|10,63	|12,28	|16,77	|15,07	|12,41	|19,24	|18,56	|17,65	|16,78	|19,91	|17,29	|17,25	|16,49	|16,68	|14,68	|16,82	|16	|16,48	|16,76	|18,75	|13,01	|11,84	|18,11	|14,95	|14,58	|0	|8,32	|23,19	|16,79	|11,76	|18,88	|16,85	|11,94	|14,04	|21,22	|16,65	|15,6	|16,83	|14,08	|16,39	|16,32	|17,41	|16,08	|16,95	|16,89	|16,55	|16,14	|
________________________________________________________
25	|3,84	|3,71	|1,24	|2,77	|3,09	|2,66	|2,3	|3,1	|2,61	|3,32	|0	|4,01	|2,87	|3,01	|3,23	|3,52	|24,45	|20,08	|13,26	|19,81	|17,57	|12,83	|16,41	|16,92	|100	|14,28	|14,96	|18,47	|16,79	|12,02	|18,98	|18,81	|18,3	|17,28	|18,5	|17,21	|16,59	|16,64	|18,2	|15,01	|17,19	|15,99	|16,64	|17,13	|19,81	|8,77	|11,15	|16,5	|13,23	|11,29	|16,62	|16,94	|18,91	|0	|14,21	|21,24	|19,6	|13,64	|19,38	|18,56	|16,9	|15,09	|16,59	|14,49	|16,2	|16,1	|18,63	|15,9	|16,57	|17,03	|16,87	|16,52	|
________________________________________________________
26	|4,53	|2,97	|2,35	|2,99	|2,82	|2,61	|2,2	|3,2	|18	|2,93	|1,55	|3,9	|2,84	|3,19	|3,7	|3,58	|17,46	|22,28	|10,39	|19,88	|17,2	|12,07	|16,53	|16,85	|22,54	|100	|12,33	|18,71	|16,33	|12,57	|19,28	|19,09	|18,9	|16,76	|19,75	|17,26	|18	|15,83	|17,52	|15,13	|16,45	|16,34	|16,38	|16,9	|11,02	|15,77	|11,19	|16,98	|13,51	|11,65	|16,55	|16,66	|0	|10,84	|0	|21,47	|19,39	|13,53	|19,01	|18,64	|16,69	|15,38	|16,87	|13,86	|16,21	|16,56	|18,58	|16,18	|17,49	|17,73	|16,62	|16,55	|
________________________________________________________
27	|3,93	|3,74	|1,91	|3,16	|4,48	|3,05	|2,58	|3,18	|1,93	|2,7	|0	|0	|2,91	|2,9	|3,71	|3,52	|21,41	|15,95	|14,4	|17,62	|19,38	|12,34	|16,55	|16,96	|20,56	|10,74	|100	|16,77	|18,12	|12,99	|18	|18,66	|20,73	|18,78	|22,58	|17,42	|16,52	|20,36	|17,42	|15,08	|18,99	|14,56	|16,71	|17,23	|16,48	|11,8	|12,57	|16,53	|15	|11,65	|16,52	|16,49	|27,02	|0	|10,38	|0	|21,06	|13,49	|18,19	|18,16	|19,08	|16,62	|20,49	|0	|0	|21,22	|18,36	|15,77	|19	|16,87	|17,16	|16,51	|
________________________________________________________
28	|3,42	|4,1	|1,62	|3,52	|3,38	|2,92	|1,66	|3,32	|1,91	|16,69	|2,81	|2,65	|3,34	|3,2	|0	|3,58	|21,89	|16,62	|12,47	|22,6	|20,17	|13,6	|16,29	|16,92	|18,55	|11,9	|12,25	|100	|18,33	|13,72	|19,13	|19,54	|18,12	|17,08	|18,96	|16,69	|15,78	|16,98	|17,72	|14,47	|17,38	|15,63	|16,76	|17,45	|17,01	|11,46	|10,97	|20,59	|10,38	|11,91	|16,32	|16,87	|26,03	|18,9	|0	|14,86	|0	|14,64	|19,11	|18,87	|16,79	|14,86	|16,69	|14,06	|16,18	|16,63	|18,45	|15,8	|17,68	|16,39	|16,25	|17,19	|
________________________________________________________
29	|3,83	|2,55	|1,68	|2,49	|3,43	|2,51	|2,91	|2,87	|2,43	|3,34	|2,45	|0	|16,78	|2,7	|1,88	|3,89	|21,72	|16,65	|12,51	|15,14	|20,18	|11,26	|17,11	|17,32	|19,2	|11,83	|15,07	|20,88	|100	|11,24	|18,8	|19,46	|17,75	|16,19	|20,93	|16,89	|16,54	|16,19	|17,1	|14,97	|16,45	|16,11	|16,78	|17,64	|16,67	|11,06	|12,19	|12,86	|17,83	|11,54	|16,45	|16,83	|25,67	|19,13	|14,77	|0	|11,75	|0	|19,13	|19,39	|16,48	|14,44	|18,12	|12,37	|16,1	|16,02	|18,46	|15,86	|17,13	|16,26	|16,17	|16,79	|
________________________________________________________
30	|3,18	|3,62	|1,45	|3,1	|3,66	|2,81	|2,2	|3,37	|2,15	|3,53	|2,83	|3,71	|2,5	|2,7	|0	|0	|22,48	|16,64	|12,07	|20,3	|16,93	|14,76	|15,26	|18,83	|18,14	|12,02	|14,27	|20,63	|14,83	|100	|17,19	|19,98	|18,84	|17,15	|19,53	|17,39	|14,73	|18,31	|19,7	|15,88	|21,13	|15,82	|16,42	|20,68	|16,57	|10,96	|11,25	|17,1	|12,86	|13,06	|15,54	|18,57	|25,75	|19,52	|14,01	|21,61	|0	|10,88	|0	|19,71	|16,6	|14,39	|17,03	|13,96	|15,57	|18,78	|20,52	|17,51	|20,82	|0	|0	|19,61	|
________________________________________________________
31	|3,15	|3,57	|1,5	|2,87	|3,06	|3,18	|2,12	|4,1	|2,3	|3,28	|2,78	|3,85	|2,28	|16,14	|3,62	|2,59	|21,82	|16,55	|12,31	|19,43	|17,67	|12,16	|18,88	|19,41	|19,05	|12,26	|13,15	|19,13	|16,5	|11,43	|100	|21,1	|18,58	|17,09	|19,31	|17,43	|17,16	|16,18	|18,01	|15,06	|17,17	|16,14	|16,49	|16,63	|16,66	|11,21	|10,89	|16,88	|13,51	|11,58	|21,39	|14,63	|26,12	|19,03	|13,55	|21,25	|19,88	|0	|12,75	|0	|16,37	|14,82	|16,95	|14	|16	|16,46	|18,55	|15,79	|17,14	|16,99	|16,97	|16,5	|
________________________________________________________
32	|3,18	|3,48	|1,71	|2,8	|3,04	|2,15	|2,38	|2,49	|2,23	|3,27	|2,76	|3,68	|3,19	|3,51	|3,69	|0	|21,62	|16,71	|12,25	|19,84	|17,28	|12,52	|11,86	|18,6	|18,75	|12,06	|13,54	|19,41	|16,96	|13,2	|20,96	|100	|18,13	|16,95	|19,47	|16,96	|16,85	|16,13	|17,77	|14,66	|16,74	|16,16	|16,28	|16,43	|16,49	|11,71	|11,01	|16,41	|13,43	|12,68	|13,88	|22,21	|25,63	|18,6	|13,61	|21,12	|19,68	|14,69	|0	|8,74	|16,89	|15,14	|16,72	|13,9	|16,05	|16,06	|18,7	|16,02	|16,99	|17,25	|16,81	|16,38	|
________________________________________________________
33	|3,96	|3,68	|0	|3,4	|2,87	|1,94	|1,74	|3,49	|2,15	|2,94	|2,66	|3,79	|2,38	|2,78	|2,9	|3,14	|21,79	|16,8	|14,88	|19,45	|16,93	|12,35	|16,49	|16,18	|16,69	|10,92	|13,76	|16,46	|14,15	|11,38	|16,89	|16,58	|100	|18,62	|22,36	|19,04	|18,89	|18,59	|20,16	|10,75	|17,35	|16,25	|16,18	|16,47	|16,38	|11,48	|13,52	|16,01	|12,67	|13,12	|16,83	|16,83	|23,23	|16,64	|13,3	|19,16	|17,36	|11,97	|16,96	|16,64	|14,85	|0	|19,64	|15,81	|18,34	|19,1	|22,89	|13,77	|17,25	|16,44	|16,76	|16,35	|
________________________________________________________
34	|3,5	|21,27	|1,45	|3,46	|2,88	|3,1	|2,69	|2,99	|2,1	|3,11	|2,47	|3,86	|2,44	|2,65	|2,96	|2,92	|21,94	|16,95	|12,23	|21,27	|16,66	|12,07	|16,14	|16,62	|17,03	|10,46	|13,46	|16,76	|13,95	|11,2	|16,78	|16,75	|20,12	|100	|21,79	|19,21	|19,13	|19,16	|20,1	|16,86	|17,25	|15,99	|16,47	|16,69	|16,6	|11,17	|0	|17,01	|12,94	|11,29	|16,35	|16,89	|22,34	|16,66	|13,5	|19,23	|17,11	|12,15	|16,57	|16,42	|0	|13,44	|19,27	|15,81	|18,68	|18,69	|16,12	|21,53	|16,74	|17,11	|16,43	|16,97	|
________________________________________________________
35	|17,28	|3,59	|2,05	|2,64	|3,42	|2,7	|2,37	|3,87	|2,2	|2,97	|0	|4,05	|2,74	|2,01	|2,56	|3,3	|21,42	|17,28	|12,28	|19,62	|17,51	|11,36	|16,6	|17,33	|16,02	|10,84	|14,23	|16,36	|15,86	|11,21	|16,66	|16,92	|21,24	|19,16	|100	|18,86	|18,5	|18,09	|17,33	|14,87	|19,47	|11,81	|17	|16,56	|16,31	|11,61	|0	|16,36	|13,42	|11,4	|16,44	|16,62	|22,36	|16,67	|14,7	|18,14	|17,03	|13,07	|16,66	|16,89	|18,74	|16,85	|15,4	|0	|18,49	|18,79	|18,61	|16,32	|21,28	|14,28	|16,52	|16,78	|
________________________________________________________
36	|3,58	|4,49	|2,01	|0	|3,37	|2,8	|2,12	|2,77	|1,98	|16,16	|2,11	|4,02	|2,45	|3,27	|3,8	|2,97	|22,18	|16,75	|14,98	|19,94	|17,76	|13,68	|16,18	|16,89	|16,73	|10,63	|12,32	|16,16	|14,36	|11,2	|16,88	|16,54	|20,29	|18,96	|21,16	|100	|19,34	|19,25	|17,96	|14,88	|19,5	|18,75	|16,9	|16,82	|16,05	|11,51	|13,5	|16,26	|13,09	|11,05	|16,73	|16,78	|22,65	|16,48	|0	|18,55	|17,06	|11,93	|16,85	|16,62	|18,48	|16,67	|0	|12,46	|18,82	|19,01	|18,33	|15,98	|14,39	|21,89	|16,54	|16,54	|
________________________________________________________
37	|3,69	|4,19	|1,96	|3,37	|2,84	|2,72	|2,16	|3,27	|11,51	|2,74	|2,91	|2,9	|2,75	|2,61	|3,02	|4,04	|21,98	|16,78	|13,79	|20,33	|16,91	|12,26	|16,19	|17,49	|16,74	|11,51	|12,13	|15,86	|14,59	|9,85	|17,26	|17,06	|20,9	|19,59	|21,55	|20,07	|100	|18,03	|17,94	|14,54	|16,83	|16,5	|18,95	|11,8	|16,63	|11,21	|11,7	|16,78	|13,11	|11,6	|16,66	|16,71	|22,36	|16,52	|0	|18,36	|17,12	|12,37	|17,13	|17,26	|19,23	|17,17	|18,77	|16,6	|14,95	|0	|18,49	|15,86	|16,9	|16,86	|21,86	|14,13	|
________________________________________________________
38	|3,85	|4,33	|2,01	|3,15	|2,92	|2,56	|2,1	|2,91	|1,95	|3,53	|3,03	|0	|2,75	|3,14	|2,96	|2,61	|21,54	|16,69	|13,89	|20,02	|17,09	|12,45	|16,33	|16,73	|16,8	|10,13	|14,96	|17,07	|14,3	|12,25	|16,27	|16,33	|20,58	|19,63	|21,08	|20	|18,04	|100	|18,26	|14,74	|17,18	|16,8	|18,65	|19,36	|16,24	|11,68	|12,04	|16,73	|12,83	|11,53	|16,38	|17,07	|22,09	|16,73	|14,31	|17,94	|16,72	|11,87	|16,91	|16,35	|19,02	|17,05	|18,54	|16,5	|0	|15,12	|18,26	|16,05	|16,34	|17,24	|14,31	|21,79	|
________________________________________________________
39	|3,65	|4,07	|1,29	|2,9	|3,52	|2,99	|0	|3,82	|1,88	|2,7	|2,59	|3,23	|2,65	|3,1	|3,4	|3,24	|21,62	|16,64	|13,73	|20,22	|17,12	|15,32	|15,73	|15,72	|17,07	|10,41	|11,89	|16,55	|14,03	|12,24	|16,83	|16,71	|20,73	|19,13	|18,77	|17,33	|16,67	|16,97	|100	|16,09	|19,18	|18,46	|18,93	|18,87	|16,66	|11,67	|11,05	|16,93	|13,46	|14,31	|16,59	|16,29	|23,18	|16,53	|11,82	|18,33	|17,49	|13,42	|16,6	|15,95	|22,24	|11,76	|16,99	|14,54	|15,92	|16,31	|17,15	|0	|19,63	|19,28	|18,69	|18,87	|
________________________________________________________
40	|3,08	|4,25	|2,44	|2,6	|2,99	|18,61	|1,75	|3,42	|1,79	|2,7	|2,29	|3,3	|2,51	|3,09	|3,21	|3,27	|21,4	|16,92	|10,28	|20,61	|17,94	|12,46	|18,61	|16,56	|16,85	|10,76	|12,32	|16,18	|14,7	|11,81	|16,84	|16,5	|13,23	|19,21	|19,27	|17,18	|16,17	|16,39	|19,25	|100	|19,72	|18,65	|18,33	|19,24	|16,25	|11,78	|10,85	|16,16	|12,87	|0	|16,06	|16,54	|22,34	|16,95	|12,28	|18,5	|17,39	|13,69	|17,37	|16,49	|13,33	|20,5	|16,75	|13,99	|15,82	|16,63	|0	|13,06	|19,62	|19,33	|18,68	|19,02	|
________________________________________________________
41	|3,67	|3,52	|1,64	|3,7	|17,66	|2,87	|2,74	|2,49	|2,02	|3,14	|1,93	|3,45	|2,88	|3,18	|0	|3,87	|21,38	|16,46	|11,85	|19,77	|17,66	|12,3	|16,8	|16,49	|16,77	|10,17	|13,49	|16,9	|14,04	|13,66	|16,7	|16,38	|18,56	|17,08	|21,93	|19,58	|16,27	|16,61	|19,96	|17,15	|100	|18,42	|19,07	|19,04	|16,57	|11,66	|10,77	|16,34	|13,45	|0	|16,72	|16,73	|22,62	|16,44	|11,77	|18,76	|17,03	|14,62	|17,09	|16,83	|16,82	|15,07	|21,99	|12,28	|16,09	|16,55	|20,36	|18,23	|14,75	|0	|19,17	|19,11	|
________________________________________________________
42	|2,4	|3,56	|1,72	|2,45	|3,28	|3,24	|2,69	|0	|1,71	|3,13	|3,05	|3,01	|2,39	|16,55	|2,52	|3,5	|21,91	|16,48	|12,12	|19,88	|16,96	|14,59	|16,31	|16,55	|16,46	|10,66	|10,9	|16,03	|14,5	|10,79	|16,55	|16,68	|18,34	|16,7	|14,03	|19,85	|16,83	|17,12	|20,26	|17,1	|19,43	|100	|18,81	|19,54	|16,61	|11,35	|12,83	|16,83	|13,51	|13,65	|16,27	|16,69	|21,95	|16,6	|11,87	|18,51	|16,99	|0	|16,99	|16,33	|16,37	|14,63	|14,16	|19,39	|16,04	|16,97	|20,7	|18,22	|0	|14,2	|19,12	|19,22	|
________________________________________________________
43	|3,19	|3,75	|1,83	|2,9	|3,37	|3,19	|2,59	|3,61	|2,12	|2,75	|2,41	|4,36	|14,77	|2,57	|3,48	|2,67	|22,05	|16,45	|12,75	|20,05	|17,32	|13,92	|17,44	|16,67	|16,74	|10,45	|12,23	|16,8	|14,77	|10,95	|16,53	|16,44	|17,86	|16,83	|19,75	|17,5	|18,9	|18,59	|20,31	|16,44	|19,67	|18,39	|100	|19,18	|16,59	|11,51	|11,12	|17,14	|13,56	|13,38	|16,04	|16,67	|23,38	|16,75	|12,15	|18,24	|16,76	|0	|16,9	|16,5	|16,85	|15,1	|16,52	|14,01	|21,68	|14,19	|21,1	|18,36	|19,46	|19,22	|14,47	|0	|
________________________________________________________
44	|3,29	|3,63	|1,54	|2,79	|3,62	|2,9	|2,38	|3,35	|1,35	|2,8	|2,59	|2,75	|3,01	|3,32	|3,61	|0	|21,37	|16,8	|12,29	|19,92	|17,36	|13,94	|16,8	|16,69	|16,97	|10,61	|12,42	|17,22	|15,29	|13,57	|16,42	|16,33	|17,9	|16,79	|18,94	|17,14	|11,59	|19	|19,94	|16,98	|19,33	|18,81	|18,88	|100	|16,15	|11,27	|11,09	|16,4	|13,17	|12,88	|16,13	|16,08	|22,75	|16,27	|12,85	|18,34	|16,85	|14,82	|16,08	|15,79	|16,32	|14,79	|16,73	|14,13	|13,94	|21,86	|20,65	|17,93	|19,17	|19,09	|0	|14,52	|
________________________________________________________
45	|0	|4,29	|1,89	|3,25	|3,47	|3,01	|2,22	|3,53	|1,16	|2,61	|2,76	|3,7	|2,47	|2,63	|2,84	|2,9	|19,31	|0	|14,91	|22,71	|19,51	|13,97	|18,63	|18,94	|19,91	|7,02	|12,05	|17,03	|14,65	|11,03	|16,68	|16,62	|18,05	|16,93	|18,93	|16,59	|16,56	|16,16	|17,85	|14,55	|17,06	|16,22	|16,56	|16,39	|100	|13,97	|13,31	|19,53	|14,76	|13,19	|18,38	|19,49	|26,52	|19,44	|12,95	|17,88	|16,95	|11,87	|16,74	|16,84	|16,85	|14,86	|16,6	|13,75	|16,41	|16,33	|18,09	|15,77	|17,3	|16,37	|16,92	|17,08	|
________________________________________________________
46	|2,91	|3,99	|14,61	|2,7	|3,61	|2,97	|2,7	|3,66	|2,72	|2,74	|2,97	|2,94	|2,57	|2,6	|3,02	|2,98	|0	|13,15	|0	|23,37	|19,93	|13,71	|18,51	|19,11	|12,83	|14,61	|12,55	|16,69	|14,14	|10,61	|16,33	|17,16	|18,4	|16,58	|19,59	|17,31	|16,23	|16,91	|18,19	|15,35	|17,47	|16,12	|16,72	|16,63	|20,32	|100	|10,57	|18,17	|15,22	|12,82	|18,42	|19,22	|18,3	|20,13	|10,58	|18,57	|16,99	|12,77	|16,32	|16,43	|16,97	|14,61	|16,94	|13,55	|16,11	|17,3	|17,98	|16,32	|17,65	|16,54	|16,24	|16,53	|
________________________________________________________
47	|0	|0	|1,51	|2,71	|3,51	|3,02	|2,43	|3,51	|2,11	|3,28	|3,08	|3,75	|2,64	|3,02	|4,35	|3,31	|26,92	|0	|11,08	|0	|20,63	|14,07	|18,27	|18,06	|16,92	|10,77	|13,89	|16,59	|16,18	|11,31	|16,48	|16,77	|22,5	|0	|0	|21,09	|17,61	|18,1	|17,88	|14,67	|16,75	|18,92	|16,78	|16,99	|20,11	|10,98	|100	|17,11	|16,04	|13,81	|18,31	|17,69	|22,8	|17,19	|14,34	|16,89	|18,59	|11,74	|17,53	|16,37	|20,41	|15,09	|16,93	|17,45	|18,03	|18,39	|18,34	|15,82	|15,79	|18,44	|16,76	|15,59	|
________________________________________________________
48	|3,89	|3,13	|1,62	|16,74	|0	|3,38	|2,44	|3,7	|1,91	|3,26	|2,22	|3,89	|2,01	|2,72	|3,52	|3,28	|25,55	|19,01	|0	|17,18	|0	|15,06	|18,76	|18,22	|16,52	|10,76	|12,04	|20,52	|11,26	|11,34	|16,83	|16,47	|17,57	|17,27	|18,9	|16,74	|16,64	|16,59	|18,06	|14,41	|16,76	|16,37	|17,04	|16,57	|19,44	|12,44	|11,28	|100	|15,85	|14,43	|18,67	|18,84	|22,37	|16,79	|11,48	|21,2	|20,33	|13,23	|16,88	|16,54	|16,62	|15,23	|16,74	|14,03	|16,38	|16,46	|18,2	|15,88	|16,85	|16,63	|16,68	|16,52	|
________________________________________________________
49	|4,42	|0	|2,09	|3,39	|2,51	|3,37	|16,15	|3,14	|2,11	|2,1	|2,16	|2,41	|3,59	|2,79	|3,45	|2,73	|24,33	|19,34	|14,43	|0	|13,39	|0	|19,32	|18,99	|16,72	|10,82	|13,79	|13,06	|19,71	|10,77	|17,01	|17,03	|17,56	|16,59	|19,58	|17,02	|16,42	|16,06	|18,14	|14,49	|17,41	|16,59	|17,03	|16,8	|18,57	|13,16	|13,35	|20,02	|100	|11,13	|18,58	|19,18	|22,82	|16,94	|11,86	|13,38	|20,14	|10,86	|16,92	|16,18	|16,18	|14,5	|16,85	|13,28	|15,41	|15,63	|18,23	|16,15	|17,79	|16,28	|16,52	|16,6	|
________________________________________________________
50	|3,66	|4,14	|1,62	|3,6	|0	|0	|2,2	|2,92	|1,89	|2,72	|2,47	|3,68	|3,04	|2,91	|3,56	|3,31	|24,84	|18,97	|13,79	|25,23	|0	|11,05	|0	|21,1	|16,26	|10,63	|12,2	|17,08	|14,53	|12,46	|16,62	|18,31	|20,72	|16,5	|18,96	|16,37	|16,56	|16,45	|21,97	|0	|0	|19,1	|19,14	|18,73	|18,9	|12,63	|13,1	|20,77	|12,68	|100	|16,62	|19,29	|23,06	|16,87	|11,89	|18,69	|17,97	|14,73	|15,31	|18,02	|18,41	|12,87	|17,25	|14,25	|16,58	|16,65	|22,25	|16,07	|16,94	|20,28	|18,82	|18,78	|
________________________________________________________
51	|3,85	|4,15	|1,87	|3,24	|3,99	|2,24	|2,03	|18,73	|1,87	|2,69	|2,43	|3,3	|2,16	|3,46	|2,93	|3,58	|24,91	|18,98	|13,72	|22,74	|20,57	|0	|13,23	|0	|16,82	|10,61	|12,16	|16,45	|14,56	|10,42	|21,57	|14,09	|18,68	|16,79	|19,21	|17,42	|16,71	|16,42	|17,91	|14,48	|17,33	|16	|16,13	|16,48	|18,51	|12,75	|12,2	|18,88	|14,87	|11,68	|100	|20,15	|22,42	|16,65	|12	|18,55	|17,06	|12,13	|19,35	|18,29	|16,45	|15,33	|17,21	|13,99	|16,47	|16,37	|17,95	|16,43	|18,73	|16,88	|16,93	|16,55	|
________________________________________________________
52	|3,8	|4,01	|1,94	|3,13	|3,65	|0	|2,49	|3,79	|1,79	|2,82	|2,28	|3,11	|2,64	|2,22	|3,01	|2,12	|24,74	|19,27	|13,24	|22,61	|20,05	|14,82	|0	|8,31	|16,82	|10,48	|11,92	|16,69	|14,61	|12,22	|14,47	|22,12	|18,33	|17,03	|19,05	|17,14	|16,44	|16,79	|17,25	|14,64	|17,02	|16,1	|16,44	|16,12	|19,26	|13,05	|11,57	|18,69	|15,06	|13,3	|19,78	|100	|23,15	|16,12	|12,3	|18,17	|17,39	|12	|12,2	|18,5	|16,63	|15,13	|16,9	|14,1	|16,21	|16,4	|18,1	|15,82	|16,83	|16,72	|16,11	|16,47	|
________________________________________________________
53	|2,77	|3,67	|1,3	|2,68	|3	|2,81	|2,18	|3,07	|0	|3,3	|2,78	|3,79	|2,93	|3,05	|3,34	|3,49	|24,02	|13,99	|13,11	|19,69	|17,52	|12,62	|16,56	|17,06	|13,84	|0	|14,39	|18,98	|16,43	|12,49	|19,05	|18,82	|18,65	|16,6	|18,89	|17,05	|16,22	|16,02	|18,09	|14,57	|16,97	|15,61	|17	|16,81	|19,32	|9,16	|10,99	|16,36	|13,21	|11,72	|16,22	|17,07	|100	|19,52	|13,55	|21,35	|19,85	|13,69	|18,77	|19,04	|16,85	|14,71	|16,78	|14,02	|17,03	|16,25	|18,62	|16,05	|17,29	|17,14	|17,23	|16,6	|
________________________________________________________
54	|4,07	|3,75	|2,03	|2,8	|2,93	|2,87	|1,96	|3,05	|1,35	|3,28	|14,41	|3,38	|2,81	|3,16	|3,55	|3,33	|19,54	|20,5	|12,32	|20,02	|16,84	|12,48	|16,97	|16,82	|0	|6,85	|0	|18,76	|16,67	|12,89	|18,9	|18,6	|18,19	|16,85	|19,19	|16,9	|16,32	|16,52	|17,57	|15,06	|16,79	|16,08	|16,59	|16,38	|19,28	|13,73	|11,29	|16,73	|13,36	|11,68	|16,4	|16,18	|26,59	|100	|12,35	|21,05	|19,61	|13,56	|19,13	|18,96	|16,39	|14,99	|16,94	|14,41	|16,27	|16,36	|18,24	|15,82	|16,92	|16,86	|16,47	|16,72	|
________________________________________________________
55	|3,85	|3,98	|1,58	|3,1	|2,93	|2,86	|2,12	|3,15	|0	|0	|2,26	|3,36	|2,96	|2,9	|3,73	|3,61	|22,63	|16,49	|13,61	|20,03	|17,44	|12,73	|16,59	|16,33	|19,64	|0	|10,43	|0	|17,85	|12,83	|18,66	|18,87	|20,16	|18,94	|23,46	|0	|0	|19,59	|17,42	|15,11	|16,67	|15,94	|16,68	|17,93	|17,8	|10	|13,06	|15,85	|12,96	|11,41	|16,39	|17,12	|25,59	|17,12	|100	|19,68	|21,39	|14,97	|19,07	|18,6	|17,97	|16,28	|20,39	|13,7	|16,38	|19,61	|18,26	|16,36	|17,33	|16,69	|15,8	|18,45	|
________________________________________________________
56	|3,09	|4,2	|1,64	|3,12	|2,79	|2,94	|1,53	|3,29	|2,29	|2,16	|2,57	|18,01	|0	|3,3	|3,8	|3,43	|22	|16,78	|12,26	|23,21	|14,76	|13,6	|16,23	|17,09	|19,13	|12,25	|0	|13,33	|0	|12,89	|19,07	|19,08	|18,92	|17,57	|18,85	|17,18	|16,38	|16	|17,6	|14,84	|17,31	|16,2	|16,32	|16,67	|16,02	|11,44	|10,02	|19,08	|9,54	|11,69	|16,51	|16,47	|26,26	|19,01	|12,82	|100	|21,02	|14,04	|18,89	|18,59	|16,7	|15,29	|16,22	|15,17	|18,01	|16,4	|18,31	|16,37	|17,1	|17,51	|16,75	|16,59	|
________________________________________________________
57	|3,14	|3,16	|1,83	|3,27	|3,7	|3	|2,48	|3,25	|2,3	|0	|2,91	|4,06	|1,67	|3,38	|17,41	|3,24	|21,85	|16,48	|12,35	|17,73	|20,69	|13,12	|16,32	|16,36	|18,93	|11,87	|14,81	|0	|9,93	|0	|19,14	|19,07	|18,39	|16,77	|18,99	|16,95	|16,39	|16	|18,02	|14,96	|16,86	|15,95	|16,08	|16,43	|16,3	|11,23	|11,83	|19,62	|15,39	|12,06	|16,29	|16,92	|26,2	|19	|14,95	|22,55	|100	|13,03	|19,21	|19,21	|16,68	|14,56	|17,05	|14,12	|16,07	|16,28	|18,19	|15,81	|17,52	|17,41	|17,26	|16,29	|
________________________________________________________
58	|3,64	|3,72	|1,87	|3,64	|3,73	|3,25	|2,29	|3,56	|2,12	|3,27	|2,55	|3,91	|0	|0	|3,17	|3,08	|21,9	|16,91	|12,05	|21,83	|17,86	|13,54	|16,54	|16,4	|18,65	|11,71	|13,41	|19,93	|0	|9,85	|0	|20,13	|17,94	|16,85	|20,62	|16,77	|16,75	|16,07	|19,55	|16,67	|20,48	|0	|0	|20,43	|16,14	|11,93	|10,57	|18,06	|11,74	|13,98	|16,38	|16,51	|25,55	|18,58	|14,8	|21,3	|18,43	|100	|17,46	|19,95	|16,35	|15,79	|17,53	|12,91	|15,96	|15,73	|20,57	|18,11	|20,43	|16,6	|16,86	|19,53	|
________________________________________________________
59	|3,54	|3,78	|1,59	|2,69	|3,17	|3,64	|1,93	|3,55	|2,29	|3,11	|2,77	|3,6	|2,92	|2,09	|3,08	|18,38	|21,86	|16,74	|12,34	|19,96	|17,53	|12,29	|20,84	|14,06	|19,31	|12	|13,19	|18,96	|16,67	|0	|12,66	|0	|18,53	|16,76	|19,17	|17,28	|16,92	|16,69	|17,64	|15,42	|17,45	|16,45	|16,73	|16,18	|16,59	|11,13	|11,51	|16,8	|13,34	|10,59	|19,05	|12,24	|25,55	|19,12	|13,75	|20,9	|19,81	|12,73	|100	|20,63	|16,51	|14,72	|16,74	|14,12	|16,01	|16,83	|18,64	|16,54	|16,93	|17,15	|18,38	|16,03	|
________________________________________________________
60	|3,34	|3,46	|1,69	|2,93	|2,89	|2,36	|2,33	|3,31	|2,22	|3,13	|2,73	|3,61	|3,18	|0	|3,8	|3,9	|21,92	|16,88	|11,82	|20,35	|16,87	|12,34	|14,19	|21,53	|18,73	|11,92	|13,34	|18,97	|17,12	|13,18	|0	|8,85	|18,42	|16,82	|19,68	|17,26	|17,27	|16,35	|17,16	|14,83	|17,41	|16,02	|16,55	|16,09	|16,92	|11,34	|10,89	|16,68	|12,93	|12,63	|18,25	|18,81	|26,26	|19,2	|13,59	|20,84	|20,07	|14,74	|20,9	|100	|16,28	|15,09	|17,09	|13,77	|15,92	|16,42	|17,8	|16,16	|17,12	|16,61	|16,62	|16,11	|
________________________________________________________
61	|3,84	|0	|1,8	|3,61	|2,8	|2,21	|2,39	|3,75	|2,11	|3,1	|2,72	|3,51	|2,44	|2,57	|3,03	|3,04	|22,13	|16,67	|15,16	|19,68	|16,97	|12,75	|15,97	|16,76	|16,93	|10,59	|13,9	|16,74	|14,43	|11,01	|16,33	|16,97	|16,31	|0	|21,66	|19,04	|19,08	|18,87	|23,75	|11,89	|17,26	|15,93	|16,76	|16,49	|16,79	|11,63	|13,47	|16,63	|12,82	|12,8	|16,28	|16,77	|23,06	|16,47	|13,02	|18,57	|17,29	|11,98	|16,59	|16,15	|100	|16,52	|19,49	|15,81	|18,27	|18,7	|21,56	|18,62	|17,88	|16,79	|16,68	|16,5	|
________________________________________________________
62	|4,05	|3,1	|11,09	|2,67	|2,91	|3,57	|2,5	|2,79	|2,13	|2,74	|2,79	|3,86	|2,35	|2,42	|2,97	|3,18	|22,28	|17,15	|0	|19,74	|17,53	|12,5	|16,72	|17,4	|16,74	|10,82	|13,42	|16,42	|14,01	|10,58	|16,38	|16,85	|0	|15,14	|21,58	|19,04	|18,88	|18,74	|13,92	|20,27	|17,14	|15,78	|16,65	|16,57	|16,41	|11,09	|11,03	|16,89	|12,73	|9,92	|16,82	|16,91	|22,3	|16,69	|13,08	|18,84	|16,73	|12,82	|16,39	|16,59	|18,31	|100	|19,5	|15,92	|19,04	|18,54	|13,01	|18,57	|17,19	|17,26	|17,11	|16,46	|
________________________________________________________
63	|3,05	|4,31	|1,72	|16,55	|4,07	|2,67	|2,18	|3,51	|2,3	|0	|2,74	|3,9	|2,48	|2,22	|3,46	|3,23	|21,84	|16,8	|0	|19,91	|17,31	|12,25	|16,69	|16,73	|16,4	|10,57	|14,74	|16,44	|15,67	|11,16	|16,7	|16,59	|21,3	|19,34	|17,59	|0	|18,39	|18,16	|17,91	|14,76	|22,28	|13,6	|16,23	|16,69	|16,33	|11,46	|11,03	|16,55	|13,18	|11,84	|16,81	|16,83	|22,67	|16,81	|14,59	|17,8	|17,45	|12,69	|16,61	|16,74	|19,25	|17,37	|100	|15,75	|18,1	|18,87	|18,08	|15,98	|19,33	|19,53	|16,43	|16,89	|
________________________________________________________
64	|0	|4,45	|2,2	|3,02	|2,45	|3,06	|1,98	|1,97	|1,93	|2,55	|17,04	|3,55	|2,02	|3,65	|3,32	|2,92	|21,93	|16,96	|15,03	|21,48	|16,82	|14,51	|16,19	|16,68	|17,09	|10,35	|0	|16,51	|12,75	|10,9	|16,45	|16,44	|20,44	|18,92	|0	|15,11	|19,4	|19,27	|18,28	|14,7	|14,84	|22,21	|16,41	|16,81	|16,13	|10,93	|13,55	|16,53	|12,38	|11,66	|16,3	|16,75	|22,58	|17,04	|11,68	|19,86	|17,23	|11,14	|16,7	|16,09	|18,61	|16,92	|18,78	|100	|18,47	|19,13	|18,62	|15,48	|11,13	|19,42	|17,1	|16,68	|
________________________________________________________
65	|3,46	|4,21	|2,02	|3,24	|2,71	|2,56	|1,89	|3,39	|1,63	|3,33	|2,43	|20,4	|3,2	|2,43	|3,17	|3,63	|21,93	|16,45	|13,91	|20,49	|16,8	|12,47	|16,44	|16,81	|16,53	|10,48	|0	|16,45	|14,37	|10,53	|16,27	|16,42	|20,52	|19,35	|21,78	|19,75	|15,12	|0	|17,32	|14,38	|16,83	|15,9	|21,97	|14,36	|16,66	|11,24	|12,12	|16,7	|12,44	|11,75	|16,61	|16,66	|23,74	|16,65	|12,09	|20,4	|16,97	|11,92	|16,4	|16,09	|18,61	|17,51	|18,68	|15,98	|100	|17,79	|18,37	|16,02	|16,86	|17,02	|19,24	|19,01	|
________________________________________________________
66	|3,84	|3,88	|1,94	|3,26	|2,96	|2,83	|1,91	|2,96	|0	|3,33	|3,01	|3,57	|2,07	|2,98	|3,03	|2,13	|21,81	|17,11	|13,54	|20,2	|17,29	|12,6	|16,57	|16,53	|16,23	|10,58	|15,57	|16,71	|14,13	|12,55	|16,53	|16,24	|21,12	|19,13	|21,87	|19,72	|0	|15,1	|17,54	|14,94	|17,1	|16,62	|14,21	|22,24	|16,38	|11,94	|12,21	|16,58	|12,47	|11,66	|16,31	|16,65	|22,39	|16,55	|14,31	|18,36	|16,99	|11,61	|17,03	|16,41	|18,83	|16,84	|19,24	|16,36	|17,58	|100	|18,63	|15,79	|17,03	|16,77	|11,75	|18,96	|
________________________________________________________
67	|3,77	|3,13	|1,07	|2,74	|3,72	|0	|2,41	|3,53	|1,94	|2,8	|2,49	|3,22	|2,8	|3,07	|3,42	|3,48	|22,15	|16,86	|13,62	|20,09	|17,35	|15,68	|15,87	|15,87	|16,89	|10,67	|12,11	|16,66	|14,64	|12,33	|16,76	|17,01	|22,76	|14,83	|19,48	|17,1	|16,61	|16,4	|16,58	|0	|18,92	|18,24	|19	|18,9	|16,32	|11,15	|10,96	|16,49	|13,08	|14,01	|16,09	|16,53	|23,07	|16,59	|11,98	|18,44	|17,07	|13,65	|16,96	|15,99	|19,52	|10,63	|16,58	|14,32	|16,33	|16,75	|100	|17,94	|19,34	|19,52	|19,04	|18,45	|
________________________________________________________
68	|3,32	|4,78	|1,92	|2,77	|3,6	|2,31	|13,26	|3,31	|2,04	|2,6	|2,22	|3,3	|2,68	|2,98	|3,18	|3,71	|21,98	|16,54	|12,1	|19,79	|17,41	|0	|16,41	|16,76	|16,5	|10,64	|11,91	|16,33	|14,39	|12,04	|16,33	|16,67	|15,67	|22,68	|19,55	|17,06	|16,3	|16,5	|0	|12,08	|19,39	|18,37	|18,93	|18,78	|16,28	|11,58	|10,81	|16,46	|13,26	|11,58	|16,85	|16,53	|22,75	|16,47	|12,28	|18,86	|16,98	|13,75	|17,22	|16,61	|19,29	|17,36	|16,76	|13,62	|16,29	|16,25	|20,53	|100	|19,85	|18,94	|19,13	|18,77	|
________________________________________________________
69	|4,14	|3,42	|1,54	|3,06	|2,77	|3,34	|2,22	|18,01	|1,98	|2,26	|1,66	|3,33	|3,17	|0	|3,46	|3,79	|22,12	|16,97	|12,41	|20,04	|17,71	|0	|16,71	|16,59	|16,13	|10,79	|13,46	|17,15	|14,59	|13,43	|16,63	|16,59	|18,42	|16,54	|23,91	|14,41	|16,31	|15,76	|20,37	|17,01	|14,71	|0	|18,82	|18,84	|16,76	|11,75	|10,13	|16,39	|13,7	|11,45	|18,01	|16,5	|22,99	|16,52	|12,21	|18,49	|17,66	|14,55	|16,54	|16,51	|17,38	|15,08	|19,02	|9,19	|16,08	|16,44	|20,77	|18,62	|100	|19,47	|18,99	|18,77	|
________________________________________________________
70	|2,94	|3,72	|2,05	|2,98	|0	|3,23	|2,31	|3,46	|2,01	|3,55	|2,74	|3,32	|2,69	|2,27	|17,7	|3,1	|21,65	|16,75	|11,93	|20,66	|17,52	|15,03	|16,35	|16,68	|16,73	|11,03	|12,06	|16,04	|13,97	|0	|16,63	|17	|17,71	|17,06	|16,2	|22,12	|16,42	|16,78	|20,2	|16,92	|0	|13,55	|18,76	|18,93	|16	|11,12	|11,93	|16,33	|12,66	|13,84	|16,39	|16,54	|23	|16,62	|11,87	|19,11	|17,7	|11,94	|16,91	|16,16	|16,47	|15,28	|19,41	|16,18	|16,39	|16,34	|21,15	|17,93	|19,66	|100	|18,88	|19,48	|
________________________________________________________
71	|3	|3,54	|1,68	|2,58	|3,29	|3,12	|2,43	|3,4	|2,52	|2,55	|2,08	|3,93	|2,01	|3,21	|3,23	|18,32	|22,03	|16,74	|12,5	|20,57	|17,34	|14,02	|16,91	|16,51	|16,75	|10,45	|12,39	|16,07	|14,04	|0	|16,79	|16,74	|18,24	|16,56	|18,93	|16,89	|21,5	|14,07	|19,78	|16,52	|19,5	|18,44	|14,27	|0	|16,72	|11,03	|10,96	|16,55	|12,97	|12,97	|16,61	|16,1	|23,37	|16,4	|11,35	|18,46	|17,74	|12,25	|18,32	|16,34	|16,54	|15,3	|16,5	|14,4	|18,72	|11,57	|20,85	|18,3	|19,37	|19,08	|100	|18,77	|
________________________________________________________
72	|3,39	|3,54	|1,49	|2,9	|3,54	|2,97	|2,4	|3,42	|1,62	|2,8	|2,86	|3,82	|0	|3,22	|3,68	|3,28	|22,01	|16,91	|12,03	|20,22	|17,58	|13,38	|16,91	|16,25	|16,56	|10,51	|12,04	|17,16	|14,72	|13,02	|16,48	|16,47	|17,97	|17,26	|19,41	|17,05	|14,04	|21,63	|20,17	|16,99	|19,62	|18,72	|0	|14,69	|17,03	|11,33	|10,29	|16,55	|13,16	|13,07	|16,39	|16,62	|22,72	|16,81	|13,38	|18,47	|16,9	|14,33	|16,12	|16	|16,51	|14,87	|17,12	|14,17	|18,67	|18,85	|20,4	|18,13	|19,33	|19,87	|18,95	|100	|
________________________________________________________
